Date,Open,High,Low,Close,Adj_Close,Volume,Empty_col_H,MA_Price_200_day,MA_Price_50_day,MA_Price_20_day,MA_Price_10_day,MA_Volume_50_day
01/02/2024
12/29/2023
12/28/2023
12/27/2023
12/26/2023
12/22/2023
12/21/2023
12/20/2023
12/19/2023
12/18/2023
12/15/2023
12/14/2023
12/13/2023
12/12/2023
12/11/2023
12/08/2023
12/07/2023
12/06/2023
12/05/2023
12/04/2023
12/01/2023
11/30/2023
11/29/2023
11/28/2023
11/27/2023
11/24/2023
11/22/2023
11/21/2023
11/20/2023
11/17/2023
11/16/2023
11/15/2023
11/14/2023
11/13/2023
11/10/2023
11/09/2023
11/08/2023
11/07/2023
11/06/2023
11/03/2023
11/02/2023
11/01/2023
10/31/2023
10/30/2023
10/27/2023
10/26/2023
10/25/2023
10/24/2023
10/23/2023
10/20/2023
10/19/2023
10/18/2023
10/17/2023
10/16/2023
10/13/2023
10/12/2023
10/11/2023
10/10/2023
10/09/2023
10/06/2023
10/05/2023
10/04/2023
10/03/2023
10/02/2023
09/29/2023
09/28/2023
09/27/2023
09/26/2023
09/25/2023
09/22/2023
09/21/2023
09/20/2023
09/19/2023
09/18/2023
09/15/2023
09/14/2023
09/13/2023
09/12/2023
09/11/2023
09/08/2023
09/07/2023
09/06/2023
09/05/2023
09/01/2023
08/31/2023
08/30/2023
08/29/2023
08/28/2023
08/25/2023
08/24/2023
08/23/2023
08/22/2023
08/21/2023
08/18/2023
08/17/2023
08/16/2023
08/15/2023
08/14/2023
08/11/2023
08/10/2023
08/09/2023
08/08/2023
08/07/2023
08/04/2023
08/03/2023
08/02/2023
08/01/2023
07/31/2023
07/28/2023
07/27/2023
07/26/2023
07/25/2023
07/24/2023
07/21/2023
07/20/2023
07/19/2023
07/18/2023
07/17/2023
07/14/2023
07/13/2023
07/12/2023
07/11/2023
07/10/2023
07/07/2023
07/06/2023
07/05/2023
07/03/2023
06/30/2023
06/29/2023
06/28/2023
06/27/2023
06/26/2023
06/23/2023
06/22/2023
06/21/2023
06/20/2023
06/19/2023
06/16/2023
06/15/2023
06/14/2023
06/13/2023
06/12/2023
06/09/2023
06/08/2023
06/07/2023
06/06/2023
06/05/2023
06/02/2023
06/01/2023
05/31/2023
05/30/2023
05/26/2023
05/25/2023
05/24/2023
05/23/2023
05/22/2023
05/19/2023
05/18/2023
05/17/2023
05/16/2023
05/15/2023
05/12/2023
05/11/2023
05/10/2023
05/09/2023
05/08/2023
05/05/2023
05/04/2023
05/03/2023
05/02/2023
05/01/2023
04/28/2023
04/27/2023
04/26/2023
04/25/2023
04/24/2023
04/21/2023
04/20/2023
04/19/2023
04/18/2023
04/17/2023
04/14/2023
04/13/2023
04/12/2023
04/11/2023
04/10/2023
04/06/2023
04/05/2023
04/04/2023
04/03/2023
03/31/2023
03/30/2023
03/29/2023
03/28/2023
03/27/2023
03/24/2023
03/23/2023
03/22/2023
03/21/2023
03/20/2023
03/17/2023
03/16/2023
03/15/2023
03/14/2023
03/13/2023
03/10/2023
03/09/2023
03/08/2023
03/07/2023
03/06/2023
03/03/2023
03/02/2023
03/01/2023
02/28/2023
02/27/2023
02/24/2023
02/23/2023
02/22/2023
02/21/2023
02/17/2023
02/16/2023
02/15/2023
02/14/2023
02/13/2023
02/10/2023
02/09/2023
02/08/2023
02/07/2023
02/06/2023
02/03/2023
02/02/2023
02/01/2023
01/31/2023
01/30/2023
01/27/2023
01/26/2023
01/25/2023
01/24/2023
01/23/2023
01/20/2023
01/19/2023
01/18/2023
01/17/2023
01/13/2023
01/12/2023
01/11/2023
01/10/2023
01/09/2023
01/06/2023
01/05/2023
01/04/2023
01/03/2023
01/02/2023
12/30/2022
12/29/2022
12/28/2022
12/27/2022
12/23/2022
12/22/2022
12/21/2022
12/20/2022
12/19/2022
12/16/2022
12/15/2022
12/14/2022
12/13/2022
12/12/2022
12/09/2022
12/08/2022
12/07/2022
12/06/2022
12/05/2022
12/02/2022
12/01/2022
11/30/2022
11/29/2022
11/28/2022
11/25/2022
11/23/2022
11/22/2022
11/21/2022
11/18/2022
11/17/2022
11/16/2022
11/15/2022
11/14/2022
11/11/2022
11/10/2022
11/09/2022
11/08/2022
11/07/2022
11/04/2022
11/03/2022
11/02/2022
11/01/2022
10/31/2022
10/28/2022
10/27/2022
10/26/2022
10/25/2022
10/24/2022
10/21/2022
10/20/2022
10/19/2022
10/18/2022
10/17/2022
10/14/2022
10/13/2022
10/12/2022
10/11/2022
10/10/2022
10/07/2022
10/06/2022
10/05/2022
10/04/2022
10/03/2022
09/30/2022
09/29/2022
09/28/2022
09/27/2022
09/26/2022
09/23/2022
09/22/2022
09/21/2022
09/20/2022
09/19/2022
09/16/2022
09/15/2022
09/14/2022
09/13/2022
09/12/2022
09/09/2022
09/08/2022
09/07/2022
09/06/2022
09/02/2022
09/01/2022,477.920013,479.019989,464.954987,466.140015,466.140015,432626,-,618.306979,515.768073,538.548500,511.518002,1031554.52
08/31/2022,500.850006,501.579987,486.700012,489.940002,489.940002,933300,-,620.218262,516.132006,544.664500,521.034000,1039818.00
08/30/2022,506.549988,507.649994,487.459991,493.019989,493.019989,1006400,-,621.985342,516.196516,549.290550,527.768002,1042780.00
08/29/2022,506.320007,511.350006,499.399994,499.880005,499.880005,754100,-,623.646709,515.780433,552.851788,535.134003,1049226.00
08/26/2022,539.549988,539.729980,508.769989,509.940002,509.940002,1228600,-,625.196830,515.123398,556.696024,542.640002,1058606.00
08/25/2022,522.359985,540.219971,521.760010,539.739990,539.739990,758300,-,626.856087,515.006981,559.852203,549.242004,1050868.00
08/24/2022,522.859985,530.580017,521.719971,525.440002,525.440002,485200,-,628.365751,514.012043,560.833530,551.509003,1055010.00
08/23/2022,520.000000,529.349976,519.460022,525.750000,525.750000,592900,-,629.932406,513.351190,561.805093,555.570001,1073208.00
08/22/2022,529.289978,530.849976,518.609985,520.070007,520.070007,795800,-,631.514792,513.241797,561.663293,557.106000,1079928.00
08/19/2022,557.190002,558.849976,544.429993,545.260010,545.260010,794400,-,633.024222,513.662603,562.543719,562.373999,1077184.00
08/18/2022,557.280029,565.929993,555.299988,561.299988,561.299988,580600,-,634.318577,514.079011,561.929712,565.578998,1073410.00
08/17/2022,559.099976,565.989990,551.909973,557.280029,557.280029,667700,-,635.499735,514.365560,560.913248,568.295001,1071378.00
08/16/2022,566.400024,572.340027,559.010010,566.679993,566.679993,697000,-,636.727810,514.626363,558.708615,570.813098,1067690.00
08/15/2022,569.109985,577.619995,567.890015,574.940002,574.940002,783100,-,637.910416,514.538752,555.232909,570.569574,1064370.00
08/12/2022,562.619995,577.989990,562.119995,575.960022,575.960022,810700,-,638.991520,514.622930,550.103183,570.752045,1062092.00
08/11/2022,565.739990,574.359985,561.119995,562.409973,562.409973,833300,-,640.019275,514.349918,545.029700,570.462402,1056720.00
08/10/2022,558.719971,566.090027,550.469971,566.049988,566.049988,1074800,-,641.101001,514.599901,539.699461,570.158057,1056500.00
08/09/2022,551.099976,552.299988,533.739990,541.109985,541.109985,1138500,-,642.226407,514.918544,533.693909,568.040186,1051882.00
08/08/2022,578.000000,582.559998,564.989990,572.750000,572.750000,700600,-,643.410287,515.270905,528.310855,566.220587,1047788.00
08/05/2022,571.630005,579.580017,565.979980,577.309998,577.309998,767900,-,644.337887,514.751241,521.573753,562.713440,1050428.00
08/04/2022,583.169983,592.750000,581.099976,588.460022,588.460022,680100,-,645.406944,514.107454,515.301488,558.280426,1056780.00
08/03/2022,570.000000,587.669983,569.250000,583.859985,582.460999,825900,-,646.357333,513.403875,508.419347,553.531494,1062718.00
08/02/2022,562.080017,572.849976,558.750000,565.599976,564.244751,876600,-,647.343545,512.385921,500.688914,546.604132,1070314.00
08/01/2022,573.239990,583.049988,568.940002,578.150024,576.764709,895500,-,648.365970,511.595818,494.044873,539.896243,1070892.00
07/29/2022,561.450012,576.919983,559.500000,574.440002,573.063599,1210700,-,649.158526,510.601207,487.644244,529.454321,1073740.00
07/28/2022,547.799988,560.940002,540.760010,560.710022,559.366516,1216800,-,649.873927,510.345621,482.728052,519.596997,1067442.00
07/27/2022,533.619995,549.849976,532.590027,546.179993,544.871277,1110900,-,650.642208,509.831655,478.932666,509.240866,1058262.00
07/26/2022,528.049988,529.640015,518.539978,524.169983,522.914001,1029500,-,651.524350,509.874352,476.150848,499.347632,1054980.00
07/25/2022,535.419983,543.669983,532.119995,538.969971,537.678528,1194600,-,652.598012,509.838239,475.346283,490.401123,1057086.00
07/22/2022,542.409973,546.849976,529.229980,534.260010,532.979858,1459900,-,653.527131,509.485687,474.163626,480.434067,1059250.00
07/21/2022,530.000000,543.239990,524.599976,542.270020,540.970703,2281900,-,654.481571,509.268409,471.731468,472.322549,1054710.00
07/20/2022,492.899994,516.760010,490.600006,514.419983,513.187378,2294900,-,655.297630,508.677626,468.899768,463.307199,1043366.00
07/19/2022,484.869995,500.910004,484.049988,498.359985,497.165863,1415000,-,656.395183,509.407474,467.898674,454.773697,1021760.00
07/18/2022,483.609985,486.829987,470.500000,473.480011,472.345490,1039500,-,657.589141,510.720520,466.651172,448.193503,1018096.00
07/15/2022,465.390015,475.779999,460.510010,475.630005,474.490356,1630500,-,658.933425,513.098010,466.385310,445.834167,1019562.00
07/14/2022,442.200012,458.880005,434.549988,456.899994,455.805206,1075900,-,660.413907,514.994454,467.866751,445.859106,1003458.00
07/13/2022,430.480011,451.940002,429.299988,447.010010,445.938934,1052500,-,662.260128,517.189182,469.576146,448.624466,1004874.00
07/12/2022,440.570007,444.450012,431.880005,434.489990,433.448914,848000,-,664.321172,519.436259,471.899065,452.954065,1008330.00
07/11/2022,449.559998,450.170013,437.910004,439.059998,438.007965,745600,-,666.498794,522.463334,476.240639,460.291443,1021640.00
07/08/2022,444.609985,455.299988,440.660004,452.950012,451.864685,739100,-,668.579344,524.732570,481.395755,467.893185,1044816.00
07/07/2022,438.760010,452.799988,438.649994,451.899994,450.817200,1400900,-,670.541174,526.794980,487.106540,471.140387,1066096.00
07/06/2022,433.250000,437.589996,425.350006,428.880005,427.852356,1464700,-,672.439152,529.658486,493.347052,474.492337,1079572.00
07/05/2022,419.190002,433.049988,412.670013,432.399994,431.363922,2778300,-,674.546330,533.135576,500.470444,481.023651,1072146.00
07/01/2022,455.299988,457.959991,443.459991,449.829987,448.752136,1570200,-,676.771564,536.787431,507.017220,485.108841,1035394.00
06/30/2022,474.149994,484.630005,464.130005,475.880005,474.739746,866400,-,678.919833,540.367414,513.537059,486.936453,1041148.00
06/29/2022,491.100006,493.700012,482.019989,484.619995,483.458801,847400,-,680.931941,543.095703,517.915541,489.874396,1048436.00
06/28/2022,508.049988,511.420013,489.540009,490.410004,489.234924,847200,-,682.817337,545.420457,522.488057,490.527826,1043024.00
06/27/2022,514.969971,517.049988,505.660004,508.040009,506.822693,696500,-,684.612763,547.476988,527.125420,490.844064,1042364.00
06/24/2022,499.049988,515.549988,498.299988,515.260010,514.025391,907800,-,686.293730,549.476669,529.720686,492.189835,1047118.00
06/23/2022,483.899994,487.410004,476.059998,485.500000,484.336700,739100,-,687.960857,550.960743,531.357756,494.898325,1050320.00
06/22/2022,486.440002,496.640015,482.440002,485.500000,484.336700,845800,-,689.795096,553.112664,534.396954,503.072693,1052730.00
06/21/2022,488.980011,497.839996,488.470001,494.350006,493.165497,1081400,-,691.611259,555.525821,537.844173,512.201767,1052630.00
06/17/2022,467.500000,478.619995,461.850006,473.350006,472.215820,1328700,-,693.398934,558.047010,539.764063,519.917236,1045272.00
06/16/2022,479.760010,484.049988,465.500000,468.149994,467.028259,1223100,-,695.196981,561.050770,542.390253,528.925598,1040912.00
06/15/2022,499.380005,512.200012,494.000000,505.329987,504.119171,841700,-,696.975876,564.513793,545.390546,540.137665,1041480.00
06/14/2022,493.790009,498.619995,484.450012,491.170013,489.993103,965400,-,698.601665,567.915720,548.198802,545.956686,1039270.00
06/13/2022,498.049988,502.500000,491.619995,493.579987,492.397308,1395100,-,700.265144,571.340711,550.382558,554.448288,1034750.00
06/10/2022,532.059998,535.190002,519.400024,521.530029,520.280396,928900,-,701.808051,574.721581,553.113000,563.406775,1022462.00
06/09/2022,559.409973,564.640015,542.349976,542.409973,541.110291,658600,-,703.196381,577.874158,553.154398,567.251538,1024522.00
06/08/2022,573.599976,577.950012,562.520020,567.440002,566.080383,605700,-,704.469401,581.096962,552.101428,567.817188,1032874.00
06/07/2022,564.719971,578.020020,563.140015,577.010010,575.627441,479000,-,705.647252,583.536943,549.903207,565.721216,1034502.00
06/06/2022,579.609985,583.460022,569.429993,571.690002,570.320190,483300,-,706.661606,585.638035,546.693414,563.486578,1040294.00
06/03/2022,567.159973,569.849976,560.890015,563.650024,562.299438,531000,-,707.669557,587.908253,545.661392,559.610889,1054162.00
06/02/2022,564.419983,581.320007,562.820007,580.539978,579.148926,669200,-,708.672868,589.840179,545.687329,555.854907,1063524.00
06/01/2022,577.440002,579.750000,557.000000,563.659973,562.309387,542100,-,709.612229,591.898174,546.290881,550.643427,1072362.00
05/31/2022,584.590027,584.809998,572.849976,576.289978,574.909119,822300,-,710.689074,594.177490,546.641040,550.440918,1087380.00
05/27/2022,572.630005,583.859985,572.099976,583.380005,581.982178,843900,-,711.710873,596.144406,546.172665,546.316827,1104730.00
05/26/2022,542.400024,562.479980,541.349976,560.070007,558.728027,933800,-,712.658340,597.459664,544.988196,542.819226,1104950.00
05/25/2022,541.690002,551.859985,538.030029,548.080017,546.766785,832600,-,713.762328,599.171282,546.291928,539.057257,1122578.00
05/24/2022,555.570007,557.549988,542.630005,546.429993,545.120667,1085500,-,714.926468,600.054003,546.527075,536.385669,1136776.00
05/23/2022,549.239990,557.820007,545.719971,554.609985,553.281067,977000,-,716.095826,600.590367,547.020303,534.085199,1147500.00
05/20/2022,541.440002,542.390015,514.169983,532.840027,531.563293,1205700,-,717.197713,601.127910,549.055875,529.900250,1144340.00
05/19/2022,523.770020,537.049988,522.320007,526.000000,524.739624,905500,-,718.464836,602.381447,552.563052,531.711896,1134936.00
05/18/2022,547.179993,552.830017,526.869995,528.299988,527.034119,1037900,-,719.769681,604.192725,557.023904,535.519751,1148690.00
05/17/2022,556.950012,563.380005,548.849976,561.630005,560.284302,895800,-,720.984283,605.001497,562.059763,541.938336,1156768.00
05/16/2022,533.250000,540.979980,528.000000,534.950012,533.668213,757800,-,721.983842,605.171013,564.603256,542.841162,1170996.00
05/13/2022,540.559998,551.289978,538.210022,548.320007,547.006165,946800,-,723.102109,606.268568,567.904672,546.028503,1196346.00
05/12/2022,514.700012,529.049988,509.549988,522.359985,521.108337,1134800,-,724.148601,607.821677,570.157437,547.157166,1197814.00
05/11/2022,531.280029,544.179993,520.469971,521.299988,520.050903,1302800,-,725.295690,610.379568,574.442358,553.526599,1195832.00
05/10/2022,529.200012,530.409973,512.330017,523.369995,522.115967,1232900,-,726.377643,612.539518,577.851266,556.668481,1191722.00
05/09/2022,530.210022,535.799988,510.359985,512.659973,511.431580,1714700,-,727.491198,615.297891,581.342105,559.955408,1206644.00
05/06/2022,555.150024,561.679993,545.049988,551.000000,549.679749,1214600,-,728.628792,618.282032,586.020255,568.211499,1198258.00
05/05/2022,582.320007,584.570007,558.090027,564.169983,562.818176,1231800,-,729.485163,620.297609,589.497516,573.414209,1214922.00
05/04/2022,579.080017,594.250000,564.659973,592.640015,591.219971,1112800,-,730.231790,621.553096,592.476797,578.528058,1210226.00
05/03/2022,566.630005,575.440002,563.020020,570.679993,569.312561,825300,-,730.653928,622.409686,594.924768,582.181189,1206650.00
05/02/2022,558.739990,571.520020,553.539978,571.090027,565.541626,1146700,-,731.185355,623.854158,600.169916,586.365350,1208132.00
04/29/2022,576.450012,588.900024,562.460022,563.770020,558.292786,1225300,-,731.752527,625.425542,604.954968,589.780841,1205610.00
04/28/2022,574.950012,595.460022,564.599976,590.539978,584.802673,1513500,-,732.437529,627.407893,610.112369,593.157709,1193304.00
04/27/2022,552.090027,567.380005,544.000000,556.880005,551.469727,1904400,-,733.052059,628.712494,614.767697,595.358118,1179462.00
04/26/2022,585.150024,587.479980,559.900024,560.429993,554.985229,1803100,-,733.783424,630.119292,622.306735,599.034052,1159178.00
04/25/2022,592.729980,600.390015,583.669983,599.820007,593.992493,2074700,-,734.504076,631.462316,628.961447,602.728802,1145442.00
04/22/2022,615.080017,620.869995,607.469971,607.609985,601.706848,1093400,-,734.948452,632.592429,633.295923,603.829010,1123172.00
04/21/2022,645.059998,648.809998,617.739990,619.979980,613.956665,940700,-,735.266991,634.033491,637.402136,605.580823,1118144.00
04/20/2022,650.760010,652.549988,628.989990,633.909973,627.751282,1857900,-,735.605718,634.696783,639.649091,606.425537,1114236.00
04/19/2022,597.530029,619.119995,596.000000,617.150024,611.154175,1230800,-,735.854187,635.016052,642.363959,607.668347,1087484.00
04/18/2022,597.049988,613.859985,595.770020,605.580017,599.696533,576800,-,736.193889,635.722323,645.620010,613.974481,1080130.00
04/14/2022,614.520020,616.510010,596.000000,597.869995,592.061462,814200,-,736.550235,636.521483,649.297928,620.129095,1092834.00
04/13/2022,601.409973,617.210022,596.419983,612.760010,606.806763,934200,-,737.001698,638.281814,652.082111,627.067029,1090822.00
04/12/2022,613.070007,622.500000,592.000000,594.000000,588.229065,1067900,-,737.442846,639.642863,653.957217,634.177277,1091038.00
04/11/2022,607.039978,610.630005,597.130005,597.739990,591.932739,859600,-,737.979006,641.290697,654.090906,645.579419,1096828.00
04/08/2022,621.419983,622.409973,610.000000,610.929993,604.994568,840800,-,738.408247,642.226119,653.091214,655.194092,1106430.00
04/07/2022,624.530029,632.099976,612.780029,625.299988,619.224976,713500,-,738.815589,642.696108,651.849396,662.762836,1118920.00
04/06/2022,626.090027,639.309998,617.400024,628.510010,622.403809,1110700,-,739.085849,643.249875,650.600153,669.223450,1132184.00
04/05/2022,674.020020,675.150024,645.789978,646.460022,640.179382,1251500,-,739.360759,643.647178,650.245139,672.872644,1151876.00
04/04/2022,672.489990,681.539978,669.989990,680.830017,674.215515,731200,-,739.521309,644.458418,646.609805,677.059570,1183508.00
04/01/2022,675.289978,677.190002,661.830017,667.729980,661.242676,739400,-,739.464366,644.733716,641.337036,677.265540,1202676.00
03/31/2022,684.489990,689.099976,667.500000,667.929993,661.440796,780700,-,739.609381,645.500792,637.702200,678.466760,1218618.00
03/30/2022,700.000000,702.750000,680.119995,684.559998,677.909241,1031900,-,739.754493,646.112590,635.863242,677.097192,1234868.00
03/29/2022,710.000000,714.619995,697.669983,709.140015,702.250488,1076200,-,739.830746,646.720031,634.417923,673.737158,1237800.00
03/28/2022,680.109985,695.000000,676.000000,694.830017,688.079468,687100,-,739.822578,647.420953,630.707819,662.602393,1242548.00
03/25/2022,690.460022,690.750000,672.299988,687.359985,680.682007,768600,-,739.824521,648.119105,629.305576,650.988336,1261380.00
03/24/2022,666.200012,690.549988,663.200012,690.539978,683.831116,1176700,-,739.877822,649.204656,628.303409,640.935956,1265202.00
03/23/2022,668.799988,679.369995,663.609985,665.359985,658.895752,999100,-,739.829694,649.969552,626.634781,631.976855,1284082.00
03/22/2022,688.000000,698.099976,685.299988,688.739990,682.048645,1111100,-,739.897056,651.193743,624.969620,627.617633,1303568.00
03/21/2022,678.219971,683.390015,669.000000,682.909973,676.275208,1293000,-,739.854827,652.527853,622.569662,616.160040,1308612.00
03/18/2022,649.239990,683.400024,647.400024,679.859985,673.254883,1689800,-,739.847985,654.116469,620.832709,605.408533,1323576.00
03/17/2022,643.130005,656.400024,639.469971,654.099976,647.745117,854900,-,739.770263,655.419882,619.375507,596.937640,1313644.00
03/16/2022,621.440002,651.000000,617.150024,650.630005,644.308899,1815200,-,739.860587,657.897377,619.858768,594.629291,1314028.00
03/15/2022,591.919983,598.190002,583.859985,596.700012,590.902832,1542500,-,739.956782,660.806040,620.144958,595.098688,1292136.00
03/14/2022,599.549988,601.500000,577.309998,577.549988,571.938904,1621700,-,740.338132,664.756088,621.690298,598.813245,1266014.00
03/11/2022,614.000000,615.000000,584.880005,585.849976,580.158203,819000,-,740.763039,669.166219,624.200174,607.622815,1241818.00
03/10/2022,599.539978,608.549988,596.179993,600.070007,594.240112,735500,-,741.150208,673.446824,627.717172,615.670862,1233536.00
03/09/2022,609.150024,627.000000,595.000000,621.340027,615.303528,1593200,-,741.499167,677.501049,631.693164,621.292706,1229796.00
03/08/2022,574.080017,593.479980,558.770020,573.039978,567.472717,1441800,-,741.676928,681.265911,633.284052,622.321606,1208482.00
03/07/2022,617.390015,620.609985,573.750000,574.340027,568.760132,1607200,-,741.996405,685.788936,637.096152,628.979285,1189578.00
03/04/2022,603.700012,609.419983,581.630005,594.320007,588.545959,2025300,-,742.356609,690.102218,640.981531,636.256885,1168130.00
03/03/2022,652.020020,653.700012,627.190002,630.789978,624.661621,1020200,-,742.529038,693.839949,643.536960,641.813373,1144386.00
03/02/2022,642.590027,658.419983,638.099976,655.369995,649.002869,1035700,-,742.527853,696.258026,646.307779,645.088245,1136924.00
03/01/2022,660.210022,665.099976,627.580017,634.210022,628.048401,1097300,-,742.420567,698.129663,647.600595,645.191229,1149344.00
02/28/2022,647.650024,672.570007,647.650024,666.510010,660.034607,1979000,-,742.479341,700.521992,649.729214,644.567352,1147536.00
02/25/2022,656.909973,667.140015,650.000000,667.119995,660.638672,1295400,-,742.256349,703.011765,648.662677,640.777533,1126170.00
02/24/2022,600.289978,658.859985,599.679993,656.840027,650.458557,2047800,-,741.925590,704.740208,647.055444,639.763483,1117110.00
02/23/2022,651.080017,654.450012,631.010010,631.729980,625.592529,997000,-,741.787863,706.871895,646.878183,642.093622,1088456.00
02/22/2022,638.500000,653.000000,629.859985,640.270020,634.049500,934000,-,741.757676,709.844928,647.712003,644.246497,1080570.00
02/18/2022,652.119995,657.770020,640.989990,647.830017,641.536133,899400,-,741.839831,712.466013,650.046597,645.213019,1076072.00
02/17/2022,659.309998,662.219971,650.000000,650.429993,644.110840,1020600,-,741.814277,715.557483,652.368811,645.706177,1069114.00
02/16/2022,651.000000,666.000000,644.669983,663.859985,657.410339,610000,-,741.763700,718.638853,655.143094,645.260547,1068366.00
02/15/2022,647.479980,658.349976,642.309998,656.409973,650.032715,821400,-,741.583016,720.471473,656.874112,647.527313,1080624.00
02/14/2022,626.150024,634.950012,620.000000,627.909973,621.809631,890200,-,741.564809,722.751307,659.786539,650.009961,1086508.00
02/11/2022,657.539978,660.320007,625.250000,628.239990,622.136414,1116300,-,741.647142,725.949332,665.560889,654.891077,1087846.00
02/10/2022,654.590027,677.619995,653.000000,656.880005,650.498169,961200,-,741.798651,729.430381,670.603421,656.547821,1089544.00
02/09/2022,670.789978,682.229980,663.880005,680.369995,673.759949,842000,-,741.822435,732.096821,674.826489,654.347406,1093210.00
02/08/2022,636.849976,655.359985,635.599976,653.469971,647.121277,745300,-,741.766694,734.763459,677.242288,651.662744,1104584.00
02/07/2022,654.150024,661.409973,648.549988,650.030029,643.714722,520300,-,741.832476,737.309482,680.891489,651.177509,1105404.00
02/04/2022,648.049988,661.210022,643.299988,652.809998,646.467712,863100,-,741.917604,740.327078,686.143460,654.880176,1119932.00
02/03/2022,659.090027,664.669983,644.469971,645.929993,639.654541,1212000,-,741.871674,743.390424,691.605374,659.031445,1126530.00
02/02/2022,687.950012,691.239990,674.090027,686.750000,680.078003,713600,-,741.901172,746.951884,696.543924,665.025641,1119906.00
02/01/2022,682.549988,683.710022,666.270020,681.479980,674.859192,945000,-,741.538725,750.327168,701.121017,666.220911,1121198.00
01/31/2022,650.700012,677.549988,648.030029,677.200012,670.620789,1357400,-,741.267223,754.241565,706.865161,669.563116,1119614.00
01/28/2022,633.599976,644.979980,620.669983,644.969971,638.703857,1339700,-,741.093633,757.851349,712.754382,676.230701,1103454.00
01/27/2022,664.799988,665.000000,631.400024,634.659973,628.494019,1465300,-,741.061901,762.121061,720.441464,684.659021,1090478.00
01/26/2022,661.630005,679.380005,644.659973,653.260010,646.913330,1376700,-,741.026559,766.519113,728.726184,695.305573,1073932.00
01/25/2022,652.640015,668.159973,643.820007,648.570007,642.268921,2095300,-,740.889911,770.447968,736.228085,702.821832,1057022.00
01/24/2022,666.049988,688.640015,648.630005,687.419983,680.741394,2833100,-,740.782937,774.108456,744.291971,710.605469,1023436.00
01/21/2022,707.289978,721.200012,694.710022,694.729980,687.980408,1689600,-,740.502756,776.691713,749.936099,717.406744,981528.00
01/20/2022,724.890015,729.979980,706.210022,706.460022,699.596497,1536500,-,740.213758,779.767933,754.758292,724.179303,961266.00
01/19/2022,736.940002,738.880005,698.710022,698.820007,692.030701,1593200,-,739.801089,782.609456,758.550092,728.062207,945098.00
01/18/2022,741.030029,741.070007,714.239990,715.229980,708.281250,1178500,-,739.433340,785.544264,761.226831,736.021124,927940.00
01/14/2022,735.599976,746.599976,728.169983,744.530029,737.296631,1313600,-,739.045842,788.223182,762.942004,744.167206,925534.00
01/13/2022,772.409973,777.919983,728.640015,730.080017,722.987061,1628700,-,738.496573,789.916371,763.460416,749.278064,910600.00
01/12/2022,739.309998,749.450012,735.000000,742.169983,734.959534,959700,-,737.921649,791.539248,766.537225,756.223907,888102.00
01/11/2022,706.989990,731.440002,700.710022,729.159973,722.075928,2120700,-,737.207730,792.790691,767.142288,762.146796,880380.00
01/10/2022,716.520020,727.659973,702.299988,727.169983,720.105286,1973400,-,736.591271,794.407072,768.890637,769.634338,849642.00
01/07/2022,758.390015,763.359985,743.599976,756.099976,748.754150,1363300,-,736.071676,796.068989,771.597583,777.978473,823924.00
01/06/2022,739.530029,763.760010,729.809998,763.119995,755.705994,2041200,-,735.203644,796.917124,772.415063,782.465454,815654.00
01/05/2022,765.909973,766.539978,745.039978,745.669983,738.425537,1193200,-,734.274164,797.433223,774.435245,785.337280,789658.00
01/04/2022,793.630005,793.630005,763.289978,779.190002,771.619873,874100,-,733.334030,798.239816,777.422934,789.037976,781514.00
01/03/2022,795.739990,799.359985,784.960022,797.489990,789.742065,720600,-,732.312227,798.630044,776.294009,786.432538,789924.00
12/31/2021,801.510010,805.280029,795.880005,796.140015,788.405212,236400,-,731.059128,798.392922,775.008127,781.716803,797174.00
12/30/2021,803.690002,808.289978,799.919983,800.219971,792.445496,411900,-,729.772188,797.790217,774.673410,777.642767,830344.00
12/29/2021,798.109985,805.239990,794.400024,801.979980,794.188416,404900,-,728.565401,797.763735,774.860577,776.850543,841238.00
12/28/2021,817.299988,817.299988,803.090027,804.770020,796.951355,548500,-,727.299723,797.450724,774.342166,772.137781,853432.00
12/27/2021,794.400024,813.590027,794.359985,811.429993,803.546631,527500,-,726.009445,797.105764,774.849191,768.146936,860010.00
12/23/2021,794.640015,805.719971,794.080017,801.409973,793.623962,496600,-,724.639116,796.409427,773.392981,765.216693,876870.00
12/22/2021,777.799988,792.119995,775.000000,792.119995,784.424255,534800,-,723.351736,795.242466,773.441507,762.364673,890338.00
12/21/2021,775.729980,784.450012,765.020020,783.039978,775.432495,838100,-,722.006602,793.876857,774.202045,763.533209,897010.00
12/20/2021,747.599976,756.719971,744.450012,752.880005,745.565491,647100,-,720.786151,792.628660,776.316797,765.807892,894298.00
12/17/2021,751.159973,758.000000,743.960022,749.869995,742.584717,1656700,-,719.531213,792.143345,781.480634,766.155481,902150.00
12/16/2021,799.000000,799.840027,753.619995,755.000000,747.664856,1006900,-,718.413545,792.044578,787.880350,768.299451,894366.00
12/15/2021,764.570007,792.599976,760.659973,792.219971,784.523254,910700,-,717.189031,791.561327,793.052606,771.704053,893688.00
12/14/2021,754.419983,760.309998,743.250000,754.390015,747.060791,842400,-,715.943215,790.348218,796.435916,772.870612,899504.00
12/13/2021,780.570007,781.840027,764.340027,764.469971,757.042908,615100,-,714.980931,789.490654,801.502707,776.546552,915926.00
12/10/2021,777.280029,783.650024,772.479980,781.840027,774.244202,602700,-,714.069240,789.003756,805.818365,781.551447,927232.00
12/09/2021,786.159973,790.010010,772.359985,772.609985,765.103760,709100,-,712.990490,788.238021,808.370822,781.569269,936754.00
12/08/2021,803.210022,805.000000,796.190002,803.919983,796.109619,551500,-,711.921397,787.759990,810.610846,784.518341,966892.00
12/07/2021,788.000000,809.400024,783.719971,806.010010,798.179321,983200,-,710.870803,787.249532,812.894937,784.870880,1003664.00
12/06/2021,758.880005,761.400024,741.400024,756.390015,749.041382,1222900,-,709.716597,787.786935,815.069601,786.825702,1005278.00
12/03/2021,785.969971,790.739990,759.840027,771.520020,764.024414,1115600,-,708.820046,789.969064,819.556088,796.805786,991028.00
12/02/2021,784.440002,796.450012,778.320007,789.380005,781.710876,957100,-,707.926875,792.068040,823.466226,807.461249,983606.00
12/01/2021,812.559998,832.679993,802.440002,804.000000,796.188843,1201200,-,706.886575,793.516180,825.478485,814.401160,977852.00
11/30/2021,807.070007,821.349976,787.150024,791.510010,783.820190,1144500,-,705.798998,794.477020,825.875589,820.001221,971942.00
11/29/2021,795.010010,815.729980,789.989990,815.010010,807.091858,1410700,-,704.849886,795.408871,826.561163,826.458862,971504.00
11/26/2021,786.960022,795.919983,776.010010,782.020020,774.422424,786300,-,703.759056,796.252793,826.351318,830.085284,976700.00
11/24/2021,782.000000,803.479980,777.440002,802.390015,794.594482,1246700,-,702.799664,798.292559,827.790256,835.172375,977202.00
11/23/2021,811.659973,819.359985,793.119995,807.479980,799.635010,1193000,-,701.618178,799.968788,827.618576,836.703351,968262.00
11/22/2021,855.000000,859.659973,824.719971,825.750000,817.727539,880800,-,700.404644,801.519315,826.712372,840.918994,963968.00
11/19/2021,866.849976,867.549988,854.469971,857.169983,848.842224,778200,-,699.093262,802.375526,824.763754,843.313501,959072.00
11/18/2021,877.419983,881.119995,870.559998,879.119995,870.579041,865800,-,697.571203,802.365083,821.878207,842.306390,966256.00
11/17/2021,859.200012,868.000000,857.599976,859.460022,851.109985,549400,-,695.953412,801.813822,817.243555,839.471204,961778.00
11/16/2021,851.520020,862.609985,847.239990,860.549988,852.189453,690900,-,694.371265,801.740640,812.601553,836.555811,965088.00
11/15/2021,855.000000,861.599976,852.989990,856.719971,848.396606,638000,-,692.835869,801.720540,809.548151,831.749957,966888.00
11/12/2021,840.000000,855.000000,835.099976,851.630005,843.356079,531200,-,691.323819,801.703994,806.055212,826.663464,968088.00
11/11/2021,833.270020,839.039978,829.200012,833.390015,825.293335,416000,-,689.737355,801.850883,802.872577,822.617352,972400.00
11/10/2021,829.609985,835.440002,815.109985,817.849976,809.904236,737700,-,688.305515,801.981520,800.044400,820.408136,975718.00
11/09/2021,852.010010,855.460022,842.000000,850.049988,841.791443,676500,-,686.839383,802.239583,796.312982,818.533801,972550.00
11/08/2021,855.510010,856.950012,848.000000,849.929993,841.672607,728100,-,685.333817,801.989292,790.030600,812.505750,968840.00
11/05/2021,852.229980,854.640015,841.640015,847.000000,838.771118,735300,-,683.920485,801.609615,783.598102,806.214008,967456.00
11/04/2021,831.640015,853.150024,829.599976,850.489990,842.227173,1058200,-,682.530722,800.853768,777.724533,801.450024,961750.00
11/03/2021,818.400024,831.580017,810.479980,830.020020,821.956055,566900,-,681.130030,799.968154,772.495493,795.015906,950008.00
11/02/2021,812.320007,817.690002,811.289978,812.020020,804.130920,503800,-,679.725513,799.443319,767.572806,788.647296,947746.00
11/01/2021,806.909973,808.000000,796.479980,807.450012,797.531677,573600,-,678.410713,799.393710,763.559650,787.346344,952156.00
10/29/2021,807.229980,814.460022,804.750000,812.880005,802.894958,583800,-,677.020576,799.013043,758.892197,785.446960,950838.00
10/28/2021,814.119995,821.919983,810.719971,813.190002,803.201172,687500,-,675.688073,798.393351,755.382349,783.127802,949442.00
10/27/2021,798.059998,818.950012,797.200012,801.000000,791.160889,949800,-,674.203407,797.588560,752.020163,779.680664,944742.00
10/26/2021,796.400024,797.989990,784.190002,791.229980,781.510925,741400,-,672.778302,797.105764,749.522229,774.092163,935418.00
10/25/2021,799.690002,803.190002,787.010010,788.440002,778.755188,786000,-,671.372000,797.029116,748.976019,767.555450,929110.00
10/22/2021,798.190002,808.799988,796.270020,800.969971,791.131287,1294600,-,669.983367,797.039388,751.290732,760.982196,922484.00
10/21/2021,764.530029,787.559998,763.869995,787.559998,777.885986,1083100,-,668.496858,796.646277,754.641559,753.999042,911884.00
10/20/2021,782.239990,785.140015,758.239990,767.700012,758.269958,1894900,-,667.021375,796.679069,759.195920,749.975079,898648.00
10/19/2021,788.179993,801.619995,786.299988,800.960022,791.121399,956600,-,665.718524,797.105564,763.988318,746.498315,872540.00
10/18/2021,774.090027,788.330017,772.989990,788.219971,778.537842,1014600,-,664.225023,796.862981,766.643790,739.772955,862950.00
10/15/2021,780.960022,789.640015,775.840027,789.400024,779.703369,877400,-,662.733970,796.765396,769.237534,732.337433,853796.00
10/14/2021,769.599976,778.640015,765.679993,778.289978,768.729797,1370500,-,661.247873,796.871083,772.716763,727.636896,850722.00
10/13/2021,743.150024,749.460022,740.000000,744.419983,735.275879,1170000,-,659.787592,797.210660,778.100809,724.359662,835906.00
10/12/2021,734.000000,734.000000,722.400024,725.049988,716.143799,868400,-,658.476015,797.904236,785.257312,724.952295,823180.00
10/11/2021,722.780029,735.830017,721.359985,721.890015,713.022644,702500,-,657.274133,798.785280,793.308191,730.396588,815810.00
10/08/2021,749.359985,749.739990,729.330017,730.270020,721.299744,1039700,-,656.046149,799.671261,800.683963,741.599268,811524.00
10/07/2021,745.409973,753.669983,742.229980,746.820007,737.646362,1267500,-,654.784461,800.371355,807.034979,755.284076,803410.00
10/06/2021,725.380005,734.700012,719.010010,732.500000,723.502319,973000,-,653.421737,800.628953,812.303461,768.416760,792390.00
10/05/2021,725.039978,742.630005,722.619995,732.869995,723.867798,1201500,-,652.154256,800.887733,818.500888,781.478320,790554.00
10/04/2021,728.900024,730.159973,709.030029,712.940002,704.182617,1663500,-,650.885243,801.306920,824.866721,793.514624,780360.00
10/01/2021,745.000000,745.000000,728.369995,741.809998,732.697998,1180400,-,649.686243,802.002272,832.036057,806.137634,768486.00
09/30/2021,754.250000,762.320007,742.289978,745.109985,735.957458,1078800,-,648.333686,801.767393,837.936182,817.796631,763798.00
09/29/2021,785.000000,786.229980,749.119995,750.419983,741.202209,2216000,-,646.884517,801.291116,842.729568,831.841956,767848.00
09/28/2021,794.840027,799.340027,773.070007,780.169983,770.586731,2390100,-,645.407351,799.980021,846.809827,845.562329,739640.00
09/27/2021,843.280029,847.880005,833.049988,835.309998,825.049438,1063900,-,643.808721,798.080248,849.744336,856.219794,708944.00
09/24/2021,867.359985,873.359985,865.119995,868.820007,858.147827,510400,-,641.913600,795.158779,849.626303,859.768658,699232.00
09/23/2021,877.390015,888.719971,877.260010,879.780029,868.973206,744500,-,639.930199,791.901686,846.767850,858.785883,703612.00
09/22/2021,851.830017,871.650024,849.460022,864.739990,854.117920,669400,-,637.898383,788.676396,843.216513,856.190161,705762.00
09/21/2021,860.000000,862.369995,844.489990,854.729980,844.230835,905700,-,635.914547,785.548892,840.296332,855.523456,704840.00
09/20/2021,838.880005,845.489990,829.700012,840.739990,830.412720,1122600,-,633.923568,782.646587,838.167313,856.218817,699096.00
09/17/2021,875.099976,875.309998,852.409973,859.849976,849.287964,1670500,-,631.992324,779.695686,835.571594,857.934479,688316.00
09/16/2021,877.140015,889.780029,875.440002,887.309998,876.410706,811400,-,629.958037,776.018220,831.702713,858.075732,671894.00
09/15/2021,886.989990,890.010010,879.440002,889.330017,878.405945,799700,-,627.731458,772.124049,826.030258,853.617181,664524.00
09/14/2021,883.820007,895.929993,879.679993,888.070007,877.161377,978300,-,625.495100,768.104832,820.461017,848.057324,664304.00
09/13/2021,869.219971,872.210022,861.039978,871.239990,860.538086,636000,-,623.194598,764.143496,815.486874,843.268878,653732.00
09/10/2021,870.940002,875.359985,857.400024,858.869995,848.320068,1137400,-,620.981102,760.352048,811.423410,839.483948,660962.00
09/09/2021,855.479980,862.760010,852.099976,853.500000,843.015991,641900,-,618.842879,757.032728,807.581192,834.749817,653564.00
09/08/2021,857.609985,859.900024,849.919983,857.989990,847.450867,714900,-,616.713645,754.073135,804.406671,830.242865,648726.00
09/07/2021,865.289978,868.880005,857.760010,861.770020,851.184448,780900,-,614.561105,751.033339,801.013864,825.069208,646906.00
09/03/2021,848.520020,862.979980,848.520020,858.109985,847.569336,698000,-,612.392113,747.565269,797.404254,820.115808,639912.00
09/02/2021,852.159973,862.049988,848.869995,861.280029,850.700500,746800,-,610.254343,744.343141,793.708716,813.208710,635340.00
09/01/2021,838.719971,850.719971,836.690002,842.169983,831.825195,581900,-,608.101066,740.794670,790.423077,805.329694,630872.00
08/31/2021,843.780029,844.159973,827.210022,833.039978,822.807373,579300,-,606.008090,737.705884,788.117252,798.443335,630078.00
08/30/2021,839.940002,843.010010,836.760010,839.590027,829.276917,491000,-,603.926373,734.695521,785.474615,792.864709,629802.00
08/27/2021,814.250000,834.770020,813.770020,832.919983,822.688782,658900,-,601.838555,731.366521,782.020569,787.704871,653380.00
08/26/2021,808.270020,815.830017,804.159973,810.940002,800.978760,450000,-,599.691349,728.717662,778.752216,783.362872,655136.00
08/25/2021,808.419983,813.369995,805.000000,807.869995,797.946472,471100,-,597.687310,726.507351,776.518500,780.412567,657954.00
08/24/2021,806.099976,807.710022,801.580017,805.609985,795.714294,453800,-,595.697989,724.411615,774.147488,778.570477,658746.00
08/23/2021,795.030029,812.500000,794.570007,811.619995,801.650452,724300,-,593.680189,722.509667,771.183841,776.958521,662402.00
08/20/2021,785.080017,790.880005,778.010010,788.179993,778.498352,507700,-,591.557910,720.246019,768.342676,774.692700,656818.00
08/19/2021,761.869995,784.010010,761.210022,781.510010,771.910339,514000,-,589.497520,718.502898,766.365268,774.208722,662666.00
08/18/2021,776.219971,785.380005,772.030029,772.450012,762.961609,452500,-,587.436339,716.548800,763.817453,775.516461,661200.00
08/17/2021,781.760010,783.390015,770.400024,776.559998,767.021118,483600,-,585.393331,714.736932,761.276553,777.791168,663406.00
08/16/2021,787.830017,790.969971,779.739990,787.349976,777.678528,426000,-,583.377360,712.868568,756.707870,778.084521,665620.00
08/13/2021,779.140015,789.590027,776.539978,788.960022,779.268799,454700,-,581.268861,710.813131,751.603848,776.336267,667720.00
08/12/2021,788.700012,788.700012,778.530029,781.070007,771.475708,764600,-,579.169628,708.381967,746.589209,774.141559,670868.00
08/11/2021,791.140015,793.340027,781.419983,789.219971,779.525574,421300,-,577.114854,706.268649,742.780081,772.624432,667512.00
08/10/2021,795.590027,797.039978,783.830017,789.289978,779.594727,589500,-,575.074131,703.949095,739.189240,769.724500,684926.00
08/09/2021,790.219971,792.250000,785.599976,788.679993,778.992249,477100,-,573.018053,701.700658,735.096637,765.409161,685350.00
08/06/2021,784.500000,787.190002,779.900024,783.280029,773.658569,556900,-,571.001776,699.259221,731.102805,761.992651,688860.00
08/05/2021,805.510010,805.640015,790.320007,794.750000,784.987732,723700,-,569.021781,696.937891,726.563260,758.521814,689664.00
08/04/2021,792.010010,798.570007,787.799988,795.479980,785.708679,629700,-,566.986857,694.518773,720.584607,752.118445,696966.00
08/03/2021,770.530029,780.450012,767.510010,779.530029,769.954651,533700,-,564.956128,691.821715,715.384280,744.761938,700252.00
08/02/2021,770.809998,775.840027,768.409973,769.650024,760.195984,499900,-,563.002550,689.049984,710.758801,735.331219,706528.00
07/30/2021,760.770020,768.700012,756.789978,766.739990,757.321716,488200,-,561.153979,686.662081,706.703732,726.871429,718268.00
07/29/2021,761.630005,767.890015,759.859985,765.710022,756.304443,634000,-,559.354704,683.976284,702.385931,719.036859,729496.00
07/28/2021,750.000000,761.039978,745.400024,759.859985,750.526245,716500,-,557.530545,681.338685,698.688412,712.935730,729710.00
07/27/2021,751.169983,752.150024,733.059998,745.599976,736.441345,881200,-,555.685979,678.879073,695.913916,708.653979,733968.00
07/26/2021,758.200012,759.000000,748.380005,754.090027,744.827148,691800,-,553.872106,676.946311,693.864902,704.784113,742964.00
07/23/2021,747.789978,756.780029,743.090027,748.140015,738.950195,1069800,-,551.991337,674.358494,690.512592,700.212958,757850.00
07/22/2021,733.000000,740.059998,724.200012,729.919983,720.954041,946000,-,550.112043,671.469226,687.888229,694.604706,758608.00
07/21/2021,705.940002,721.090027,700.690002,721.000000,712.143616,1281300,-,548.381591,669.508411,685.504376,689.050769,757512.00
07/20/2021,676.859985,688.659973,672.929993,684.049988,675.647461,805600,-,546.635789,667.656639,683.766489,686.006622,749540.00
07/19/2021,673.849976,684.320007,671.590027,684.000000,675.598083,855300,-,545.131380,667.153300,683.598578,686.186383,744902.00
07/16/2021,702.880005,706.989990,686.869995,687.419983,678.976013,578300,-,543.564725,666.369844,682.960019,686.536035,740160.00
07/15/2021,712.570007,713.270020,696.840027,703.940002,695.293152,729400,-,542.004382,665.470232,683.523511,685.735004,747558.00
07/14/2021,719.979980,723.010010,712.880005,716.510010,707.708740,852000,-,540.348033,663.989843,683.282013,684.441095,763086.00
07/13/2021,706.250000,710.659973,703.599976,706.419983,697.742676,623300,-,538.577708,662.763494,682.554559,683.173853,759486.00
07/12/2021,700.000000,708.510010,699.169983,707.809998,699.115601,618500,-,536.855645,661.574165,682.698270,682.945691,758524.00
07/09/2021,683.969971,693.000000,678.929993,691.359985,682.867676,583600,-,535.113963,660.640618,682.165894,680.812225,756240.00
07/08/2021,670.979980,675.599976,664.830017,673.690002,665.414673,849400,-,533.488249,660.088363,682.589624,681.171753,755994.00
07/07/2021,694.039978,695.719971,684.369995,690.179993,681.702148,442900,-,531.939892,660.032303,683.029163,681.957983,752570.00
07/06/2021,689.440002,693.549988,676.700012,685.869995,677.445068,788700,-,530.328345,659.603812,682.562466,681.526355,759732.00
07/02/2021,688.489990,689.869995,683.700012,687.539978,679.094604,449700,-,528.740046,659.269720,682.370358,681.010773,766150.00
07/01/2021,687.239990,691.679993,674.530029,679.309998,670.965698,997500,-,527.122112,658.433459,682.160962,679.384003,781824.00
06/30/2021,694.599976,696.570007,686.590027,690.840027,682.354065,767500,-,525.583426,657.925229,681.498206,681.312018,805092.00
06/29/2021,699.950012,705.270020,698.200012,703.679993,695.036316,400000,-,523.976468,656.429919,680.670993,682.122931,809502.00
06/28/2021,698.929993,705.799988,698.669983,704.109985,695.461060,623900,-,522.263374,654.940371,679.096573,681.935266,824280.00
06/25/2021,693.929993,695.559998,685.969971,686.210022,677.780945,431200,-,520.537218,653.749205,677.682162,682.450848,823906.00
06/24/2021,691.669983,697.960022,690.669983,695.000000,686.462952,469400,-,518.911088,652.840734,676.639136,683.519562,834890.00
06/23/2021,686.530029,689.229980,679.549988,681.650024,673.276978,523400,-,517.182588,651.539987,675.195590,684.007495,839862.00
06/22/2021,680.489990,687.570007,676.260010,685.809998,677.385864,542200,-,515.618464,650.466125,674.733334,684.100342,843604.00
06/21/2021,678.500000,681.950012,672.400024,680.650024,672.289246,565500,-,514.076667,649.335890,673.406830,683.598578,847550.00
06/18/2021,685.349976,687.200012,668.570007,671.070007,662.826904,1669900,-,512.669886,648.384208,671.360773,683.729944,848862.00
06/17/2021,691.359985,704.530029,691.099976,698.830017,690.245850,746700,-,511.253566,647.731287,670.259470,684.937921,832782.00
06/16/2021,706.049988,709.969971,693.700012,699.049988,690.463196,590900,-,509.637757,646.267625,666.898770,681.684393,834260.00
06/15/2021,707.599976,710.969971,696.869995,701.780029,693.159668,510700,-,508.046810,644.827979,663.596835,679.219055,848080.00
06/14/2021,699.510010,709.630005,695.539978,709.330017,700.616882,636600,-,506.426438,643.580416,660.316135,676.257880,868462.00
06/11/2021,698.200012,698.940002,691.349976,697.030029,688.468079,445100,-,504.816361,642.116937,657.275452,672.913477,893896.00
06/10/2021,689.359985,704.780029,686.559998,699.940002,691.342285,800100,-,503.242060,640.507620,653.623862,669.758710,916586.00
06/09/2021,685.000000,688.059998,680.809998,682.590027,674.205444,440700,-,501.639458,638.524290,648.781088,666.383685,922016.00
06/08/2021,690.669983,692.119995,676.549988,680.729980,672.368225,562800,-,500.093746,637.015861,646.216479,665.366327,937500.00
06/07/2021,680.179993,684.409973,676.479980,681.979980,673.602905,594300,-,498.557466,635.892222,643.575821,663.215082,964916.00
06/04/2021,674.809998,684.020020,673.090027,683.299988,674.906677,531000,-,497.028600,633.923120,642.419699,658.991602,974808.00
06/03/2021,667.349976,670.409973,660.109985,665.890015,657.710571,612100,-,495.504398,631.821188,640.495630,655.581018,1006616.00
06/02/2021,670.520020,678.729980,668.770020,674.090027,665.809814,596800,-,494.072505,629.674951,639.309872,652.113147,1011700.00
06/01/2021,684.739990,688.090027,668.520020,671.799988,663.547913,1292000,-,492.563769,627.703939,637.083066,647.974615,1024100.00
05/28/2021,669.030029,675.979980,666.940002,675.469971,667.172852,610700,-,491.084294,625.215427,636.225235,644.374390,1026352.00
05/27/2021,661.000000,667.859985,658.929993,665.090027,656.920410,652600,-,489.586941,622.492312,634.780405,641.637427,1029938.00
05/26/2021,667.219971,669.539978,659.859985,665.770020,657.592041,597100,-,488.074629,620.375668,634.556296,637.489014,1033714.00
05/25/2021,671.169983,679.440002,667.280029,672.289978,664.031860,1088800,-,486.579071,618.044880,634.439441,631.178491,1034804.00
05/24/2021,647.500000,662.260010,645.760010,658.950012,650.855774,794000,-,485.054551,615.542161,634.368433,627.066632,1024676.00
05/21/2021,645.859985,647.359985,636.179993,639.219971,631.368103,847500,-,483.611412,613.114659,634.839523,623.936560,1023094.00
05/20/2021,632.690002,652.250000,631.750000,648.770020,640.800842,1086900,-,482.262179,611.210259,636.308142,625.847797,1026338.00
05/19/2021,608.010010,630.979980,606.640015,630.780029,623.031860,1049600,-,480.874710,608.702192,636.132178,625.410242,1022130.00
05/18/2021,641.400024,643.760010,631.609985,632.190002,624.424500,644700,-,479.557839,606.868398,637.258295,626.506598,1025948.00
05/17/2021,631.890015,636.080017,623.299988,635.349976,627.545654,929400,-,478.170777,604.271467,636.416498,626.191516,1036668.00
05/14/2021,630.140015,651.140015,625.409973,647.760010,639.803223,1331000,-,476.812304,602.101578,636.067160,628.076080,1045482.00
05/13/2021,621.640015,628.750000,611.809998,623.090027,615.436279,1436100,-,475.401815,599.360753,635.872137,627.923383,1052912.00
05/12/2021,615.000000,619.710022,600.260010,601.880005,594.486816,1107700,-,474.170747,597.759229,636.718192,631.623578,1044328.00
05/11/2021,616.119995,633.659973,614.609985,630.659973,622.913269,891200,-,473.071013,596.961573,638.065131,637.700391,1036096.00
05/10/2021,648.299988,648.640015,626.520020,627.260010,619.555054,882700,-,471.759983,595.997401,637.898663,641.670233,1031862.00
05/07/2021,651.780029,661.289978,647.710022,658.570007,650.480469,573700,-,470.546925,594.776182,637.964615,645.742487,1033138.00
05/06/2021,638.330017,644.640015,629.929993,644.340027,636.425293,618200,-,469.220296,592.792276,636.675848,646.768488,1047442.00
05/05/2021,642.000000,651.979980,635.820007,641.880005,633.995422,948200,-,467.920876,591.783588,636.363626,646.854114,1055538.00
05/04/2021,635.669983,639.229980,615.909973,629.000000,621.273682,1505800,-,466.671179,590.450441,635.516992,648.009991,1056670.00
05/03/2021,657.710022,658.080017,647.710022,654.429993,646.391296,672000,-,465.446389,589.419592,635.377353,646.641479,1041622.00
04/30/2021,654.270020,661.049988,645.700012,648.099976,638.276245,575200,-,464.104005,588.199570,634.596866,644.058240,1044612.00
04/29/2021,666.289978,666.630005,654.059998,662.479980,652.438232,504300,-,462.754176,586.907061,634.055200,643.820892,1047444.00
04/28/2021,664.450012,670.859985,661.280029,665.340027,655.254944,571300,-,461.438507,585.431768,631.833398,641.812805,1053860.00
04/27/2021,670.330017,674.840027,661.789978,672.809998,662.611694,678200,-,460.068484,584.206625,628.679440,638.429871,1054866.00
04/26/2021,666.960022,675.650024,666.960022,670.440002,660.277588,801000,-,458.697141,582.732907,625.488055,634.127094,1055950.00
04/23/2021,659.219971,671.280029,658.369995,670.909973,660.740479,1109600,-,457.331926,581.178237,623.283490,630.186743,1059438.00
04/22/2021,664.169983,665.869995,640.479980,647.090027,637.281555,1233400,-,455.950710,579.129372,619.003857,626.583209,1046418.00
04/21/2021,637.719971,655.840027,635.929993,655.489990,645.554199,2160900,-,454.638179,577.522307,615.630283,625.873138,1031416.00
04/20/2021,626.030029,627.789978,612.780029,616.940002,607.588562,988000,-,453.301159,575.720242,610.872510,623.023993,1002536.00
04/19/2021,637.640015,639.260010,622.450012,630.109985,620.558899,1138900,-,452.093928,574.457083,608.856042,624.113226,992010.00
04/16/2021,640.260010,647.940002,638.479980,645.690002,635.902771,605200,-,450.794228,572.986320,604.784213,625.135492,980322.00
04/15/2021,633.780029,642.900024,627.520020,642.090027,632.357361,980400,-,449.419967,570.961878,599.539929,624.289508,980926.00
04/14/2021,635.669983,641.090027,627.039978,630.989990,621.425598,718000,-,448.047639,569.216935,595.476471,621.853992,975750.00
04/13/2021,635.630005,636.739990,623.719971,629.119995,619.583923,710500,-,446.715009,567.708156,591.457825,618.929010,978382.00
04/12/2021,631.559998,631.580017,620.619995,630.429993,620.874084,739500,-,445.415083,565.837742,587.423422,616.849017,981518.00
04/09/2021,634.340027,638.710022,628.549988,634.320007,624.705139,631100,-,444.084328,564.198766,582.853754,616.380237,986100.00
04/08/2021,635.960022,641.590027,632.750000,639.880005,630.180847,865900,-,442.759238,562.038220,578.425900,611.424506,1003614.00
04/07/2021,627.159973,631.400024,622.190002,626.559998,617.062744,820600,-,441.395241,560.248170,572.686734,605.387427,1004050.00
04/06/2021,633.409973,635.750000,618.380005,628.000000,618.480896,1281900,-,440.079079,559.087039,568.400705,598.721027,1006968.00
04/05/2021,651.650024,653.000000,638.030029,640.489990,630.781555,1529800,-,438.747046,557.933790,562.205556,593.598859,999362.00
04/01/2021,619.799988,639.489990,619.750000,637.099976,627.442932,1908300,-,437.370824,556.559936,556.619038,584.432935,994208.00
03/31/2021,606.159973,620.940002,605.200012,617.359985,608.002197,1579600,-,435.960478,554.832131,550.384990,574.790350,978480.00
03/30/2021,599.919983,606.260010,595.520020,601.289978,592.175781,1071600,-,434.637330,553.495504,546.752885,569.098950,976968.00
03/29/2021,614.760010,616.859985,601.440002,608.000000,598.783997,1214900,-,433.359271,552.042073,544.874297,563.986639,972920.00
03/26/2021,588.690002,627.299988,588.690002,625.669983,616.186279,1933600,-,431.998236,550.794280,543.670329,557.997827,977628.00
03/25/2021,570.909973,585.840027,569.090027,584.000000,575.147827,1088900,-,430.623915,548.595914,540.785722,549.327271,949230.00
03/24/2021,587.179993,594.469971,578.000000,578.580017,569.810059,2121400,-,429.461703,547.215755,539.592589,545.427295,940486.00
03/23/2021,569.520020,571.280029,555.500000,558.869995,550.398743,866300,-,428.325787,545.824566,540.401631,539.986041,912118.00
03/22/2021,567.640015,577.989990,563.830017,575.989990,567.259216,1216800,-,427.326021,544.837163,541.248598,538.080383,909482.00
03/19/2021,544.690002,557.090027,541.309998,547.419983,539.122314,1404600,-,426.221794,543.368567,541.372197,530.812253,903870.00
03/18/2021,547.979980,552.479980,539.020020,539.190002,531.017090,790000,-,425.224846,542.241908,543.685591,528.805142,895336.00
03/17/2021,548.219971,566.049988,542.859985,559.570007,551.088196,841400,-,424.211671,541.575563,545.817278,525.979630,900134.00
03/16/2021,546.380005,555.729980,545.960022,549.380005,541.052673,651600,-,423.058900,540.402222,547.196547,524.406821,913858.00
03/15/2021,538.669983,547.799988,536.010010,547.190002,538.895874,582400,-,421.969943,539.187713,549.843803,525.761954,907080.00
03/12/2021,534.119995,539.080017,528.599976,537.630005,529.480713,714900,-,420.844974,538.059476,552.345299,529.342831,903070.00
03/11/2021,546.989990,548.489990,540.010010,544.400024,536.148071,1009700,-,419.760017,537.003333,554.998466,532.244174,896316.00
03/10/2021,540.080017,541.820007,521.109985,523.330017,515.397522,876500,-,418.648248,535.739583,556.105925,533.757883,885108.00
03/09/2021,527.640015,543.210022,524.950012,539.520020,531.342163,1240500,-,417.637778,534.946981,558.182463,540.817221,873016.00
03/08/2021,526.440002,529.169983,501.109985,502.190002,494.577911,1180700,-,416.545771,533.668654,559.387904,544.416812,855990.00
03/05/2021,527.969971,530.849976,508.329987,527.039978,519.051208,1370100,-,415.670204,533.156338,561.880539,551.932141,841002.00
03/04/2021,537.849976,541.330017,502.089996,510.500000,502.761963,1702500,-,414.577159,532.077346,563.279016,558.566040,826056.00
03/03/2021,564.590027,565.950012,541.200012,543.599976,535.360107,1006900,-,413.558890,531.422228,564.874951,565.654926,806620.00
03/02/2021,579.030029,579.869995,563.000000,563.140015,554.604004,696100,-,412.317051,530.116329,565.362457,569.986273,796028.00
03/01/2021,572.369995,584.359985,568.859985,583.549988,574.704651,679500,-,411.028093,528.311902,564.931589,573.925653,792604.00
02/26/2021,572.340027,573.489990,560.700012,567.090027,558.494141,946500,-,409.597821,526.061539,562.499518,575.347766,791798.00
02/25/2021,582.630005,586.400024,559.659973,559.770020,551.285156,1288900,-,408.260374,523.814129,561.521075,577.752759,783790.00
02/24/2021,573.340027,595.960022,565.549988,595.010010,585.990906,1023000,-,406.997036,521.703809,559.790707,578.453967,768254.00
02/23/2021,571.719971,579.179993,560.130005,576.070007,567.338074,1004800,-,405.560218,519.001206,557.525079,575.547705,758580.00
02/22/2021,587.619995,590.119995,576.500000,578.500000,569.731201,753400,-,404.193071,516.574949,557.108487,574.358997,755860.00
02/19/2021,591.840027,600.750000,589.390015,594.400024,585.390198,821500,-,402.776237,514.409675,556.662848,571.828937,755568.00
02/18/2021,584.359985,589.460022,576.049988,582.479980,573.650818,716800,-,401.263695,511.954070,555.497781,567.991992,751796.00
02/17/2021,598.349976,598.479980,581.460022,587.580017,578.673584,825100,-,399.784489,509.628072,553.867874,564.094977,750676.00
02/16/2021,605.580017,608.710022,599.169983,603.140015,593.997803,621600,-,398.259961,506.975300,551.992737,560.738641,747732.00
02/12/2021,591.969971,601.460022,589.150024,597.989990,588.925781,732400,-,396.704773,503.978621,548.268060,555.937524,756314.00
02/11/2021,574.630005,591.789978,573.830017,591.510010,582.544067,975400,-,395.249897,501.048716,545.641489,549.651270,755368.00
02/10/2021,571.429993,573.059998,559.700012,566.890015,558.297241,458600,-,393.766644,498.019734,541.827682,545.289392,746030.00
02/09/2021,566.539978,571.929993,565.500000,565.500000,556.928284,483300,-,392.402075,495.476476,539.219815,541.127448,745508.00
02/08/2021,557.969971,566.929993,557.969971,564.000000,555.450989,716900,-,391.048961,492.679130,536.385931,539.502454,742006.00
02/05/2021,554.960022,556.140015,551.020020,552.809998,544.430603,461700,-,389.684114,489.926890,533.664812,539.857977,739876.00
02/04/2021,546.960022,555.979980,544.280029,555.440002,547.020752,554500,-,388.401552,487.451785,531.134752,541.496759,742562.00
02/03/2021,551.289978,551.719971,541.950012,542.909973,534.680664,635400,-,387.038299,484.854756,527.923183,543.003571,741152.00
02/02/2021,553.780029,556.789978,549.450012,553.500000,545.110229,721600,-,385.787942,482.499998,526.074142,543.640771,746726.00
02/01/2021,547.400024,555.469971,544.530029,554.390015,545.986633,849600,-,384.505301,479.945513,523.439687,543.246832,743166.00
01/29/2021,540.960022,543.500000,528.299988,534.159973,526.063232,867300,-,383.202417,477.426090,520.156717,540.598596,736666.00
01/28/2021,542.109985,553.840027,537.380005,547.219971,538.925293,968600,-,381.950784,475.305726,517.977757,541.631708,730266.00
01/27/2021,534.969971,539.520020,522.500000,524.630005,516.677795,1506800,-,380.666271,472.791819,514.865169,538.365973,722548.00
01/26/2021,563.179993,563.650024,548.440002,549.000000,540.678345,887700,-,379.420618,470.587545,512.679309,537.312183,708428.00
01/25/2021,562.150024,568.219971,554.119995,567.609985,559.006226,966500,-,378.068189,468.008244,509.433762,533.269409,709340.00
01/22/2021,563.489990,570.710022,562.789978,569.450012,560.818420,901600,-,376.632758,464.693069,504.854741,527.471646,716472.00
01/21/2021,568.000000,573.799988,565.609985,570.739990,562.088867,1272100,-,375.159033,461.480120,500.261926,520.772745,723914.00
01/20/2021,555.570007,558.159973,543.159973,549.380005,541.052673,1121900,-,373.671830,458.239988,495.412563,512.842795,712686.00
01/19/2021,533.000000,550.479980,530.609985,549.500000,541.170837,1504000,-,372.160377,455.262021,491.860234,508.507513,712558.00
01/15/2021,532.309998,536.849976,525.359985,527.500000,519.504272,869200,-,370.661365,451.982496,488.304950,503.632541,731508.00
01/14/2021,530.159973,546.400024,529.890015,544.650024,536.394348,1450300,-,369.279129,448.920818,485.548869,499.714838,730394.00
01/13/2021,511.209991,515.609985,509.380005,514.059998,506.267944,513700,-,367.874083,445.386415,481.838475,494.323807,719252.00
01/12/2021,507.100006,514.789978,503.500000,513.929993,506.139893,651700,-,366.650855,442.348256,478.831261,491.364365,725400.00
01/11/2021,500.500000,508.910004,499.429993,507.950012,500.250610,703000,-,365.353059,439.501998,475.812723,488.046436,728542.00
01/08/2021,512.590027,514.280029,501.709991,508.739990,501.028595,734500,-,364.198327,436.616561,473.343231,485.598114,733544.00
01/07/2021,495.970001,503.220001,495.519989,501.429993,493.829407,936200,-,362.972208,433.784432,470.593062,482.237836,738228.00
01/06/2021,491.850006,499.839996,489.739990,490.220001,482.789368,977900,-,361.773008,431.118262,468.974968,479.751108,737512.00
01/05/2021,494.160004,505.359985,493.890015,505.359985,497.699860,1029900,-,360.496942,428.890095,467.965997,477.982330,727306.00
01/04/2021,499.989990,504.750000,490.709991,500.000000,492.421112,1527600,-,359.063112,426.303677,465.948549,475.212955,718942.00
12/31/2020,490.000000,490.519989,483.450012,487.720001,480.327240,312700,-,357.645573,423.969991,463.629243,472.977359,695572.00
12/30/2020,488.130005,492.660004,488.000000,489.910004,482.484039,381900,-,356.205340,421.916639,461.821074,471.382901,696454.00
12/29/2020,489.450012,489.450012,482.510010,484.010010,476.673523,377200,-,354.956130,419.827018,459.818398,469.353143,696670.00
12/28/2020,487.140015,488.720001,478.429993,480.239990,472.960602,449300,-,353.692146,417.884803,457.539470,466.298157,701016.00
12/24/2020,478.950012,484.600006,477.079987,483.089996,475.767395,271900,-,352.581380,416.010374,455.448157,463.579010,707754.00
12/23/2020,478.940002,480.390015,474.200012,474.619995,467.425812,389200,-,351.377515,414.304661,452.512837,461.088348,721412.00
12/22/2020,473.480011,478.619995,472.950012,476.179993,468.962128,431300,-,350.329513,412.905479,450.033495,458.948288,734186.00
12/21/2020,460.260010,472.279999,459.480011,472.260010,465.101593,622800,-,349.350062,411.355688,447.619156,458.198828,742366.00
12/18/2020,478.489990,479.450012,474.320007,477.239990,470.006104,730700,-,348.312558,409.685920,445.222542,457.949664,740696.00
12/17/2020,478.730011,481.320007,476.010010,477.299988,470.065155,477300,-,347.368639,407.759134,442.569376,456.684143,739816.00
12/16/2020,467.989990,472.239990,465.010010,471.529999,464.382660,524900,-,346.425108,405.731298,439.935416,454.281128,741288.00
12/15/2020,464.510010,469.619995,461.890015,469.299988,462.186462,639200,-,345.575193,403.705469,437.717058,452.259247,744522.00
12/14/2020,452.339996,456.820007,452.170013,452.989990,446.123657,546100,-,344.651777,401.959013,435.609987,450.283652,744736.00
12/11/2020,453.809998,457.149994,451.839996,452.630005,445.769135,512100,-,343.824245,400.296206,433.965302,448.780783,748046.00
12/10/2020,451.140015,458.880005,449.119995,457.799988,450.860779,539300,-,342.945873,398.876135,432.000049,447.317303,755636.00
12/09/2020,463.799988,465.959991,450.519989,452.890015,446.025208,868800,-,342.044581,397.104262,430.042674,443.937326,762206.00
12/08/2020,465.920013,470.850006,464.940002,468.570007,461.467529,738800,-,341.211831,395.521907,427.403789,441.118701,757006.00
12/07/2020,464.559998,471.010010,464.100006,469.730011,462.609955,632900,-,340.293425,393.573021,424.338959,437.039484,758668.00
12/04/2020,454.000000,464.500000,453.470001,464.390015,457.350891,660800,-,339.397663,391.393700,421.212576,432.495419,760492.00
12/03/2020,457.010010,459.220001,452.309998,452.899994,446.035004,677900,-,338.604332,389.313281,417.952748,428.454608,762644.00
12/02/2020,447.160004,452.109985,444.260010,451.000000,444.163849,1050700,-,337.904037,387.408165,414.510727,425.589703,763282.00
12/01/2020,447.100006,451.730011,444.480011,449.239990,442.430511,685100,-,337.232230,385.679388,410.623552,423.174869,761692.00
11/30/2020,440.540009,441.290009,433.670013,437.730011,431.094971,508500,-,336.529021,383.945643,406.485736,420.936322,761148.00
11/27/2020,429.329987,438.720001,428.779999,437.769989,431.134338,432500,-,335.917238,382.511599,402.648988,419.149820,769222.00
11/25/2020,423.260010,424.679993,420.750000,423.480011,417.061005,308200,-,335.309894,381.084614,399.283621,416.682794,778592.00
11/24/2020,425.420013,427.609985,423.019989,424.269989,417.838959,610400,-,334.773845,379.853551,396.229507,416.148022,791906.00
11/23/2020,427.989990,429.640015,421.950012,427.149994,420.675354,596000,-,334.226927,378.761343,393.308667,413.688876,794040.00
11/20/2020,424.040009,428.399994,423.519989,423.589996,417.169312,484000,-,333.634933,377.567084,390.300945,411.638434,793634.00
11/19/2020,417.309998,423.380005,416.869995,423.359985,416.942780,914100,-,333.037483,376.272050,388.011530,409.929733,797528.00
11/18/2020,424.119995,427.359985,421.019989,423.809998,417.385956,543600,-,332.463518,374.937792,385.583340,407.450888,792818.00
11/17/2020,424.920013,427.450012,422.250000,426.480011,420.015503,524600,-,331.871573,373.641171,383.500883,403.431750,798892.00
11/16/2020,419.950012,426.649994,419.630005,426.510010,420.045044,547300,-,331.231878,372.056118,381.383090,398.072235,819220.00
11/13/2020,419.570007,421.380005,416.380005,419.589996,413.229950,582700,-,330.538008,370.864263,379.280988,392.035150,832400.00
11/12/2020,419.000000,421.179993,412.010010,412.720001,406.464081,800800,-,329.841611,369.980194,377.597629,386.148157,845916.00
11/11/2020,407.399994,418.640015,407.279999,418.049988,411.713287,933300,-,329.246003,369.669573,376.236380,381.884448,847986.00
11/10/2020,409.119995,410.109985,397.980011,399.299988,393.247498,1323100,-,328.632738,369.026563,375.174803,376.310992,842010.00
11/09/2020,417.040009,420.649994,406.320007,406.329987,400.170929,1273700,-,328.082714,368.503294,375.385764,372.928458,826214.00
11/06/2020,402.100006,407.500000,398.190002,406.239990,400.082306,710700,-,327.469279,367.945350,374.950848,368.963455,810544.00
11/05/2020,397.200012,399.679993,393.459991,398.190002,392.154327,1115500,-,326.912656,367.325412,374.027393,366.093326,809052.00
11/04/2020,373.660004,384.959991,372.320007,383.000000,377.194580,2451500,-,326.388304,367.054354,373.103015,363.715793,795094.00
11/03/2020,368.459991,376.390015,367.859985,372.059998,366.420349,813500,-,325.948169,366.982622,372.676953,363.570016,753628.00
11/02/2020,364.480011,368.320007,361.720001,365.209991,359.674194,893200,-,325.572399,367.070651,372.510498,364.693945,749172.00
10/30/2020,363.809998,365.829987,359.010010,361.209991,354.360016,821100,-,325.238364,367.178430,373.269971,366.526825,743416.00
10/29/2020,363.339996,373.799988,362.220001,370.859985,363.826996,808800,-,324.935975,367.393474,373.701135,369.047101,736958.00
10/28/2020,359.470001,365.070007,357.380005,362.859985,355.978729,953100,-,324.581370,367.473526,374.248064,370.588312,727870.00
10/27/2020,368.410004,370.540009,364.459991,366.369995,359.422150,968700,-,324.278062,367.755280,374.562485,374.038614,718138.00
10/26/2020,371.549988,374.880005,364.000000,367.489990,360.520905,900400,-,323.952168,367.993475,374.936751,377.843069,707328.00
10/23/2020,378.839996,379.559998,374.140015,378.559998,371.381012,467600,-,323.595061,368.064307,375.111867,380.938242,700198.00
10/22/2020,381.100006,382.089996,375.399994,375.500000,368.378998,611700,-,323.209031,367.989748,374.225011,381.961459,700260.00
10/21/2020,385.649994,389.290009,382.980011,383.000000,375.736816,359100,-,322.840500,367.976210,373.472559,382.490237,699334.00
10/20/2020,386.820007,389.269989,384.260010,384.959991,377.659637,356800,-,322.420051,367.550636,372.224678,381.783890,704692.00
10/19/2020,392.190002,392.269989,383.790009,385.309998,378.002991,392700,-,321.974322,367.167051,371.227945,380.327051,708514.00
10/16/2020,390.760010,392.380005,385.869995,386.899994,379.562775,594500,-,321.538442,366.789548,370.114960,380.013116,712110.00
10/15/2020,383.799988,387.920013,380.720001,386.570007,379.239105,786200,-,321.118580,366.442851,369.106458,378.355170,708262.00
10/14/2020,402.640015,406.000000,395.500000,398.029999,390.481750,954800,-,320.666711,366.088501,368.133759,377.907816,704364.00
10/13/2020,401.510010,409.109985,398.279999,405.149994,397.466705,1027900,-,320.153503,365.545007,366.385063,375.086356,701936.00
10/12/2020,395.429993,401.000000,395.429993,399.040009,391.472626,840300,-,319.614058,364.788824,364.673157,372.030432,698626.00
10/09/2020,385.799988,389.980011,385.769989,388.989990,381.613190,539300,-,319.102973,363.899613,363.147646,369.285492,700918.00
10/08/2020,376.769989,380.950012,376.440002,380.890015,373.666779,686700,-,318.634303,363.384374,361.687866,366.488562,710340.00
10/07/2020,374.429993,376.529999,371.630005,375.799988,368.673340,550900,-,318.211271,363.065145,360.516020,364.454880,725540.00
10/06/2020,374.200012,377.380005,368.559998,370.109985,363.091248,686600,-,317.800761,363.076133,359.710098,362.665466,724562.00
10/05/2020,375.149994,382.399994,374.910004,382.109985,374.863647,649900,-,317.409523,363.305106,358.593680,362.128839,732436.00
10/02/2020,372.399994,375.720001,370.000000,370.000000,362.983307,711600,-,316.961082,363.021980,357.873111,360.216803,752016.00
10/01/2020,375.529999,382.649994,374.420013,382.010010,374.765564,891600,-,316.585122,363.301183,358.175272,359.857745,757600.00
09/30/2020,368.779999,373.250000,367.500000,369.269989,362.267151,867800,-,316.141125,363.508967,358.983646,358.359702,753970.00
09/29/2020,370.070007,375.880005,369.570007,374.000000,366.907471,608800,-,315.744589,363.794448,359.848427,357.683771,753088.00
09/28/2020,365.899994,371.489990,364.350006,371.059998,364.023224,821900,-,315.311917,364.137419,359.857256,357.315881,760364.00
09/25/2020,352.820007,361.109985,351.089996,360.480011,353.643890,724100,-,314.878049,364.383266,360.269781,357.009799,764900.00
09/24/2020,354.649994,363.589996,353.679993,360.160004,353.329956,768400,-,314.472016,364.868682,361.041856,356.887170,795236.00
09/23/2020,365.209991,366.579987,356.929993,357.559998,350.779205,709800,-,314.059794,365.168289,362.305431,356.577161,812674.00
09/22/2020,363.989990,365.100006,358.730011,364.640015,357.724976,971200,-,313.672868,365.938796,363.446869,356.754730,816080.00
09/21/2020,355.309998,363.000000,352.570007,362.619995,355.743286,657900,-,313.220710,366.409301,364.101711,355.058521,818328.00
09/18/2020,370.290009,370.910004,359.929993,366.339996,359.392731,912200,-,312.758549,367.061298,364.567702,355.529419,818514.00
09/17/2020,355.510010,367.630005,355.140015,366.739990,359.785126,901000,-,312.254128,367.618134,364.853676,356.492798,813154.00
09/16/2020,372.000000,372.980011,362.359985,362.380005,355.507843,973900,-,311.751406,368.112380,365.255901,359.607590,807120.00
09/15/2020,374.549988,374.760010,369.100006,370.250000,363.228577,717100,-,311.294619,368.497730,365.983829,362.013083,795860.00
09/14/2020,369.769989,369.980011,365.359985,367.940002,360.962402,575700,-,310.803425,368.796161,366.388997,362.398630,796576.00
09/11/2020,364.000000,367.149994,357.589996,359.230011,352.417603,678700,-,310.323514,368.899758,366.544000,363.529764,794050.00
09/10/2020,364.269989,366.809998,355.029999,357.000000,350.229858,678600,-,309.884764,369.063786,367.305774,365.196542,790808.00
09/09/2020,357.970001,361.540009,353.510010,359.369995,352.554901,847300,-,309.432893,369.280202,368.179385,368.033701,790808.00
09/08/2020,345.369995,353.390015,343.250000,347.350006,340.762878,1541000,-,308.973350,369.386939,368.274547,370.139008,786118.00
09/04/2020,365.500000,371.000000,352.859985,367.420013,360.452271,1206300,-,308.581747,369.669673,369.160422,373.144901,765158.00
09/03/2020,389.100006,389.309998,370.079987,376.160004,369.026520,1258500,-,308.104776,369.652603,369.094200,373.605984,750334.00
09/02/2020,395.660004,401.149994,390.489990,398.489990,390.933044,904300,-,307.594305,369.366531,368.754271,373.214554,737434.00
09/01/2020,384.109985,386.899994,382.329987,386.899994,379.562775,634500,-,306.981622,368.741612,367.283699,370.904211,731430.00
08/31/2020,375.920013,378.440002,373.309998,374.179993,367.084045,533300,-,306.400217,368.297989,366.470914,369.954575,729830.00
08/28/2020,376.119995,379.890015,374.799988,379.470001,372.273743,490200,-,305.882133,368.032914,366.099590,370.379364,734902.00
08/27/2020,386.720001,386.799988,373.239990,376.220001,369.085388,636100,-,305.326729,367.628923,364.836505,369.558237,734992.00
08/26/2020,380.089996,386.670013,380.079987,385.920013,378.601440,417600,-,304.783020,367.357961,364.174797,369.415005,736478.00
08/25/2020,379.299988,380.829987,376.269989,380.829987,373.607971,378200,-,304.194513,366.693407,363.129993,368.325070,745404.00
08/24/2020,380.250000,380.799988,374.529999,377.989990,370.821808,590700,-,303.632731,366.088696,362.910730,366.410086,749804.00
08/21/2020,366.149994,372.130005,365.540009,372.119995,365.063110,605400,-,303.090199,365.403541,363.096635,365.175943,754890.00
08/20/2020,369.540009,373.380005,368.380005,372.170013,365.112213,498200,-,302.591394,364.633821,362.878847,364.582416,761168.00
08/19/2020,380.390015,380.429993,373.959991,374.940002,367.829620,354400,-,302.099079,364.158018,363.470410,364.293988,771162.00
08/18/2020,383.609985,383.980011,376.989990,377.220001,370.066406,466500,-,301.574875,363.655532,364.336665,363.663187,778818.00
08/17/2020,376.660004,380.500000,376.250000,378.510010,371.331940,428200,-,300.997551,363.106740,364.660406,362.987253,789522.00
08/14/2020,371.079987,374.149994,369.670013,371.100006,364.062469,543900,-,300.431782,362.689016,365.296609,361.819815,798942.00
08/13/2020,376.579987,378.140015,373.000000,374.760010,367.653076,470700,-,299.897258,362.336039,365.909265,360.114774,805756.00
08/12/2020,366.589996,376.029999,365.640015,374.809998,367.702087,565400,-,299.354062,361.777633,366.422345,358.934589,810220.00
08/11/2020,366.040009,369.369995,360.660004,361.309998,354.458130,627000,-,298.798376,360.991235,366.452757,357.934915,813256.00
08/10/2020,364.760010,366.779999,359.540009,365.410004,358.480377,547900,-,298.313672,360.312751,368.195078,359.411374,811238.00
08/07/2020,370.739990,371.170013,362.329987,366.070007,359.127838,572500,-,297.773334,359.608367,369.333571,361.017328,813270.00
08/06/2020,368.049988,369.559998,364.179993,369.230011,362.227936,402100,-,297.218242,358.703853,370.794336,361.175278,817778.00
08/05/2020,371.010010,373.209991,366.709991,368.510010,361.521606,591300,-,296.672627,357.709081,372.044664,362.646832,825898.00
08/04/2020,368.429993,371.869995,368.200012,370.329987,363.307068,833400,-,296.101339,356.754532,373.193456,365.010144,824880.00
08/03/2020,361.019989,367.149994,359.820007,366.609985,359.657562,862400,-,295.517916,355.754464,373.766870,366.333560,815520.00
07/31/2020,361.950012,362.160004,350.739990,353.720001,347.012054,954900,-,294.956191,354.820126,374.691498,368.773404,811056.00
07/30/2020,355.850006,362.820007,354.859985,362.730011,355.851227,1010400,-,294.521206,354.269177,375.648009,371.703757,813656.00
07/29/2020,365.000000,366.160004,361.690002,364.619995,357.705353,1446700,-,294.013354,353.160998,375.886397,373.910101,807196.00
07/28/2020,381.109985,381.739990,376.190002,376.359985,369.222717,502000,-,293.488263,351.989053,376.053662,374.970599,798202.00
07/27/2020,377.989990,383.790009,376.260010,381.779999,374.539917,1080300,-,292.864231,350.344445,375.487114,376.978781,807306.00
07/24/2020,371.010010,375.160004,366.769989,367.679993,360.707336,1628900,-,292.188248,348.789895,374.505098,377.649814,811636.00
07/23/2020,390.049988,394.209991,381.890015,384.230011,376.943481,990800,-,291.561066,347.348753,374.449667,380.413394,801904.00
07/22/2020,392.619995,394.549988,389.750000,392.600006,385.154724,710100,-,290.878653,345.629977,373.338641,381.442496,791722.00
07/21/2020,392.140015,392.290009,383.160004,383.820007,376.541229,823700,-,290.148478,343.899235,372.065259,381.376767,787792.00
07/20/2020,383.910004,392.470001,382.079987,391.480011,384.056000,972600,-,289.453158,342.340957,371.107278,381.200180,784930.00
07/17/2020,385.429993,387.049988,380.109985,383.589996,376.315582,1048700,-,288.700535,340.538009,369.595993,380.609592,776894.00
07/16/2020,374.100006,393.859985,372.820007,385.220001,377.914673,2240900,-,288.011397,338.738985,368.383925,379.592261,766968.00
07/15/2020,387.170013,387.690002,372.510010,375.429993,368.310333,1640300,-,287.328987,336.838326,367.265054,377.862692,738582.00
07/14/2020,386.630005,397.549988,385.410004,396.829987,389.304535,880100,-,286.671712,335.028315,366.118225,377.136725,726514.00
07/13/2020,397.859985,402.869995,387.869995,388.619995,381.250244,1083600,-,285.930506,332.717583,363.821620,373.995447,726168.00
07/10/2020,399.079987,399.190002,391.950012,395.850006,388.343140,667200,-,285.227094,330.751783,361.587311,371.360382,721422.00
07/09/2020,395.450012,395.679993,386.100006,394.720001,387.234497,644200,-,284.482677,328.943929,358.499008,368.485941,727438.00
07/08/2020,388.829987,392.149994,386.890015,391.929993,384.497437,599300,-,283.753960,326.917110,356.203387,365.234787,725194.00
07/07/2020,385.399994,388.609985,381.869995,382.019989,374.775360,410900,-,283.025856,324.934829,354.113780,362.753751,726990.00
07/06/2020,386.279999,389.489990,383.500000,385.459991,378.150116,752900,-,282.364828,323.165433,352.506354,361.014377,728056.00
07/02/2020,373.559998,375.880005,372.410004,373.220001,366.142273,449400,-,281.687899,321.252061,351.121133,358.582394,727608.00
07/01/2020,368.029999,370.190002,365.269989,367.589996,360.618988,516600,-,281.062796,319.687581,350.134702,357.175589,730542.00
06/30/2020,362.220001,368.910004,362.190002,368.029999,361.050659,678600,-,280.456126,317.962604,349.090392,356.667416,733484.00
06/29/2020,362.929993,365.100006,358.109985,364.809998,357.891754,612800,-,279.860806,316.433777,347.456967,355.099725,730114.00
06/26/2020,367.429993,368.200012,361.000000,361.760010,354.899597,493000,-,279.270784,315.047583,345.589076,353.647794,735840.00
06/25/2020,362.470001,366.929993,358.579987,366.549988,359.598724,465100,-,278.687997,313.657786,344.007156,351.814240,750220.00
06/24/2020,365.589996,367.559998,359.529999,361.579987,354.722961,613500,-,278.064367,311.980545,341.722325,348.512076,770670.00
06/23/2020,370.609985,371.799988,366.549988,366.640015,359.687073,604100,-,277.463463,310.526539,339.610646,347.171988,792412.00
06/22/2020,362.380005,364.929993,359.820007,364.290009,357.381622,554500,-,276.824278,308.683743,337.316000,345.473810,796118.00
06/19/2020,364.730011,368.140015,359.589996,360.670013,353.830292,786900,-,276.189477,306.939960,335.112100,343.998331,799606.00
06/18/2020,359.579987,361.799988,356.519989,358.880005,352.074219,494700,-,275.524714,305.301756,333.067619,343.659872,801702.00
06/17/2020,361.380005,365.750000,360.410004,362.410004,355.537262,710400,-,274.833500,303.581738,331.437138,343.093814,807172.00
06/16/2020,351.250000,355.000000,347.040009,352.049988,345.373749,863900,-,274.137557,301.763957,328.682390,341.513367,809116.00
06/15/2020,337.510010,350.010010,336.630005,350.010010,343.372437,598200,-,273.478486,299.631727,326.369107,339.814209,803272.00
06/12/2020,346.260010,347.269989,337.250000,343.070007,336.564056,845000,-,272.810032,297.591646,323.550101,337.530359,807080.00
06/11/2020,341.600006,344.820007,332.799988,332.890015,326.577087,919300,-,272.167456,295.721506,321.562520,336.200073,804494.00
06/10/2020,351.010010,353.420013,347.709991,347.920013,341.322083,997900,-,271.574426,294.297666,319.666177,334.932574,803744.00
06/09/2020,346.619995,353.140015,345.179993,349.329987,342.705292,737200,-,270.890712,292.703671,317.150308,332.049304,806634.00
06/08/2020,350.970001,351.570007,343.109985,349.250000,342.626831,1001700,-,270.223213,290.781180,314.945923,329.158191,822256.00
06/05/2020,359.000000,364.160004,356.160004,357.220001,350.445709,899200,-,269.564707,289.314728,312.745949,326.225870,822594.00
06/04/2020,347.850006,353.390015,347.000000,353.109985,346.413635,884600,-,268.855736,287.421910,309.919093,322.475366,828836.00
06/03/2020,340.510010,347.459991,338.850006,346.299988,339.732788,693900,-,268.171784,285.573424,306.916631,319.780463,839696.00
06/02/2020,331.690002,335.019989,328.769989,334.730011,328.382172,717200,-,267.507436,283.330292,304.074078,315.851413,860448.00
06/01/2020,323.880005,327.160004,323.500000,326.730011,320.533936,526100,-,266.885312,280.981325,301.545459,312.924005,892438.00
05/29/2020,325.450012,329.980011,324.239990,329.510010,323.261200,649500,-,266.296889,278.748912,299.207158,309.569843,914608.00
05/28/2020,321.260010,329.079987,319.410004,319.970001,313.902100,797900,-,265.745756,276.129301,297.192111,306.924966,964256.00
05/27/2020,318.989990,319.600006,311.109985,318.529999,312.489380,808100,-,265.218336,274.504102,296.394528,304.399780,981148.00
05/26/2020,322.459991,325.380005,319.380005,319.859985,313.794159,540400,-,264.705464,272.731850,295.064735,302.251312,994922.00
05/22/2020,315.970001,319.500000,314.320007,319.359985,313.303619,365400,-,264.205699,271.472112,293.644197,300.733655,1036858.00
05/21/2020,322.600006,324.459991,317.299988,318.989990,312.940674,639200,-,263.687347,269.905930,292.294293,299.266028,1085146.00
05/20/2020,318.239990,326.260010,317.549988,325.640015,319.464600,1084900,-,263.166872,268.803624,290.771335,297.362820,1095880.00
05/19/2020,303.820007,311.989990,303.730011,306.250000,300.442291,687400,-,262.600367,267.875769,289.194020,294.052798,1108166.00
05/18/2020,297.690002,306.559998,297.660004,304.890015,299.108093,997000,-,262.166778,267.018940,287.890411,292.296744,1129610.00
05/15/2020,292.750000,296.220001,290.100006,292.540009,286.992310,957200,-,261.747296,266.661224,287.165474,290.166913,1132638.00
05/14/2020,286.170013,303.760010,283.309998,302.549988,296.812439,1296800,-,261.395050,266.548557,287.244960,288.844473,1142572.00
05/13/2020,298.489990,301.470001,290.750000,294.230011,288.650238,1142300,-,261.020575,266.500300,286.674826,287.459256,1142426.00
05/12/2020,305.380005,305.899994,296.239990,296.630005,291.004700,481700,-,260.699691,266.277363,286.029147,288.389276,1157906.00
05/11/2020,298.600006,305.799988,298.350006,304.390015,298.617584,513600,-,260.366452,266.069611,285.580046,287.878159,1169898.00
05/08/2020,300.220001,304.510010,299.440002,304.399994,298.627350,680600,-,259.991262,265.499156,284.026529,286.554739,1192574.00
05/07/2020,297.940002,300.119995,294.549988,299.589996,293.908600,570800,-,259.635508,264.938658,282.604785,285.322559,1206440.00
05/06/2020,293.890015,295.779999,290.790009,291.899994,286.364380,552400,-,259.284640,264.649988,281.505360,284.179849,1212246.00
05/05/2020,284.329987,293.000000,284.329987,288.350006,282.881744,821600,-,258.959490,264.478430,280.490807,284.335242,1224532.00
05/04/2020,279.600006,283.230011,275.959991,283.179993,277.809784,1036900,-,258.631733,264.489946,279.579131,283.484079,1235048.00
05/01/2020,283.859985,283.859985,278.200012,279.059998,273.767914,862800,-,258.344059,264.907443,277.626753,284.164035,1237002.00
04/30/2020,301.359985,301.529999,287.059998,288.429993,282.960266,846300,-,258.032958,265.551605,276.006777,285.645447,1242114.00
04/29/2020,296.299988,304.760010,295.350006,303.709991,297.950439,968000,-,257.614326,266.088447,274.011617,285.890396,1247066.00
04/28/2020,297.589996,297.589996,291.089996,291.420013,285.893524,532000,-,257.129296,266.165211,271.883350,283.669019,1242848.00
04/27/2020,293.790009,294.760010,290.279999,290.899994,285.383392,689100,-,256.711452,266.622108,270.669790,283.281934,1245436.00
04/24/2020,289.890015,292.459991,285.970001,291.839996,286.305542,464200,-,256.298879,267.107755,268.729658,281.498318,1246498.00
04/23/2020,290.940002,297.160004,288.309998,289.399994,282.481506,730500,-,255.878682,267.578667,267.879592,279.887012,1250336.00
04/22/2020,290.000000,295.470001,288.230011,294.970001,287.918304,596100,-,255.470268,268.098143,266.545758,278.830872,1251524.00
04/21/2020,286.070007,287.549988,278.570007,281.089996,274.370117,663700,-,255.041571,268.385309,264.849308,276.646371,1247062.00
04/20/2020,291.649994,298.010010,291.440002,291.579987,284.609344,510100,-,254.688972,268.851492,262.509612,275.674182,1269306.00
04/17/2020,301.250000,301.429993,293.609985,295.649994,288.582031,899100,-,254.305004,269.202300,258.825835,271.089471,1273064.00
04/16/2020,289.829987,292.549988,286.170013,292.399994,285.409760,1212000,-,253.904039,269.410599,254.842399,266.368108,1275922.00
04/15/2020,276.920013,284.540009,275.049988,282.489990,275.736664,1487600,-,253.521608,269.543934,250.185944,262.132838,1267588.00
04/14/2020,286.989990,294.760010,285.049988,288.929993,282.022675,1700600,-,253.153332,269.654623,248.031216,260.097682,1254300.00
04/13/2020,274.850006,276.149994,272.010010,274.100006,267.547241,789400,-,252.739340,269.493178,245.123923,258.057646,1245740.00
04/09/2020,282.220001,285.130005,275.119995,276.809998,270.192474,728900,-,252.394810,269.889082,244.286922,255.960997,1245834.00
04/08/2020,278.029999,281.339996,274.410004,278.579987,271.920105,891700,-,252.011056,270.266439,242.527025,255.872173,1250566.00
04/07/2020,280.459991,281.279999,271.000000,272.589996,266.073303,768200,-,251.636935,270.492893,241.822289,254.260645,1265454.00
04/06/2020,260.000000,272.779999,259.420013,271.130005,264.648224,807600,-,251.289472,270.721105,242.172217,253.052245,1267872.00
04/03/2020,246.059998,248.000000,242.479996,244.610001,238.762238,571700,-,250.946171,271.203295,241.819849,249.345042,1271276.00
04/02/2020,243.869995,251.960007,242.250000,247.279999,241.368393,788600,-,250.708780,272.173727,243.942851,246.562199,1274102.00
04/01/2020,253.130005,257.679993,247.380005,249.009995,243.057068,715700,-,250.448154,273.129713,245.942379,243.316690,1280502.00
03/31/2020,268.119995,268.589996,259.000000,261.640015,255.385101,881800,-,250.154398,274.093898,248.509504,238.239050,1277648.00
03/30/2020,263.570007,270.130005,260.690002,268.029999,261.622314,1142400,-,249.810568,274.843538,249.615418,235.964751,1274890.00
03/27/2020,262.209991,263.709991,251.809998,252.619995,246.580750,1518300,-,249.464271,275.488736,250.565159,232.190199,1262992.00
03/26/2020,262.890015,277.140015,261.609985,275.899994,269.304230,1018600,-,249.187787,276.415244,251.740864,232.612848,1242732.00
03/25/2020,260.670013,272.339996,251.949997,262.070007,255.804825,1211300,-,248.813625,276.935501,251.805773,229.181877,1234552.00
03/24/2020,254.330002,260.529999,250.800003,260.209991,253.989304,1427600,-,248.498019,277.704272,252.989287,229.383932,1218440.00
03/23/2020,225.330002,235.300003,222.669998,233.149994,227.576202,1731500,-,248.183521,278.406473,254.179145,231.292189,1198842.00
03/20/2020,225.149994,237.320007,215.589996,216.100006,210.933807,2316700,-,247.982332,279.738451,256.973212,234.294655,1175806.00
03/19/2020,205.809998,219.240005,200.589996,214.029999,208.913300,1634600,-,247.848026,281.413233,261.360754,241.323503,1140210.00
03/18/2020,213.360001,226.289993,191.250000,196.990005,192.280670,3131900,-,247.728975,283.067906,266.213891,248.568068,1117072.00
03/17/2020,231.550003,239.979996,225.020004,238.339996,232.642105,1642500,-,247.676175,284.992567,272.089976,258.779958,1066786.00
03/16/2020,220.649994,248.210007,209.619995,229.360001,223.876801,1496800,-,247.426769,286.156267,275.547302,263.266086,1042152.00
03/13/2020,257.059998,257.859985,233.839996,256.950012,250.807236,2637200,-,247.230130,287.590540,279.790381,268.940118,1023688.00
03/12/2020,245.419998,254.860001,237.550003,240.750000,234.994522,2779800,-,246.892375,288.351697,282.733305,270.868880,976922.00
03/11/2020,272.510010,274.329987,260.559998,264.140015,257.825378,1175900,-,246.645493,289.408611,286.476137,274.429669,928104.00
03/10/2020,277.989990,280.350006,265.000000,279.760010,273.071869,1699200,-,246.278674,290.043658,289.007634,276.594641,910926.00
03/09/2020,265.450012,276.369995,263.859985,263.910004,257.600861,1759600,-,245.839607,290.367332,290.467871,277.066101,880768.00
03/06/2020,284.459991,288.239990,281.290009,288.109985,281.222290,1148400,-,245.482317,290.972900,292.471790,279.651770,849966.00
03/05/2020,291.040009,295.940002,286.040009,288.250000,281.358948,1453900,-,245.017708,291.129661,293.518163,281.398004,835496.00
03/04/2020,292.390015,301.989990,289.980011,301.609985,294.399567,1289500,-,244.536525,291.233908,294.400064,283.859714,822910.00
03/03/2020,292.929993,296.850006,282.220001,284.299988,277.503387,1916300,-,244.042232,291.042789,294.283911,285.399994,805322.00
03/02/2020,279.619995,287.489990,275.470001,287.489990,280.617126,1081300,-,243.636987,291.196232,294.472298,287.828519,776566.00
02/28/2020,267.809998,277.459991,265.980011,276.709991,270.094849,1647400,-,243.208836,291.339717,294.138963,290.640643,762962.00
02/27/2020,278.859985,286.850006,275.869995,277.230011,270.602417,1373900,-,242.820711,291.657144,295.001343,294.597729,741070.00
02/26/2020,289.450012,292.309998,285.589996,286.320007,279.475098,861100,-,242.393116,291.904291,295.924239,298.522604,728052.00
02/25/2020,295.549988,295.929993,284.440002,284.589996,277.786469,1166700,-,241.961491,291.922251,296.112624,301.420627,727966.00
02/24/2020,289.049988,295.230011,288.269989,290.399994,283.457550,1347400,-,241.539524,291.911514,296.097496,303.869641,713944.00
02/21/2020,310.200012,310.829987,304.730011,306.000000,298.684631,1134600,-,241.101058,291.691112,296.362505,305.291809,694596.00
02/20/2020,315.850006,316.579987,310.440002,313.470001,305.976044,1118400,-,240.582861,291.135128,295.792464,305.638321,680448.00
02/19/2020,311.149994,317.630005,311.000000,317.390015,309.802368,1093900,-,240.049977,290.483488,294.952048,304.940414,672572.00
02/18/2020,307.399994,310.209991,306.890015,309.179993,301.788635,757100,-,239.515018,289.633309,294.025244,303.167828,663478.00
02/14/2020,317.369995,319.220001,314.510010,316.299988,308.738373,661400,-,239.006764,288.863757,293.579167,301.116077,657278.00
02/13/2020,314.950012,318.369995,314.019989,317.250000,309.665710,742200,-,238.465996,287.859161,292.836359,297.637283,662646.00
02/12/2020,315.630005,317.709991,315.250000,317.440002,309.851166,656100,-,237.932401,286.850660,291.998381,295.404956,663094.00
02/11/2020,313.040009,316.269989,313.010010,316.010010,308.455322,789900,-,237.386167,285.936645,291.271677,293.325873,655324.00
02/10/2020,304.040009,309.700012,304.000000,309.679993,302.276611,373000,-,236.850751,285.067336,290.561079,290.804620,647192.00
02/07/2020,304.670013,305.630005,303.200012,304.970001,297.679230,1775900,-,236.329823,284.321406,289.902217,288.325351,648644.00
02/06/2020,307.529999,309.609985,306.619995,309.549988,302.149750,698000,-,235.828040,283.661176,289.727010,287.433200,621322.00
02/05/2020,307.350006,307.350006,303.049988,306.320007,298.996979,1042000,-,235.303327,282.815294,289.353168,285.946606,619682.00
02/04/2020,294.910004,299.260010,294.230011,299.230011,292.076508,795300,-,234.795436,282.048279,288.985667,284.963681,611884.00
02/03/2020,283.630005,288.850006,283.320007,288.160004,281.271118,823200,-,234.324067,281.455595,288.807529,284.882660,604154.00
01/31/2020,288.000000,288.250000,280.170013,280.660004,273.950439,1272600,-,233.894478,281.131335,289.285327,286.042258,596994.00
01/30/2020,290.790009,294.700012,290.540009,294.380005,287.342438,794100,-,233.502741,280.990972,290.367326,288.035434,580156.00
01/29/2020,296.070007,298.290009,293.709991,296.140015,289.060333,965500,-,233.025889,280.612053,290.443460,288.591806,577632.00
01/28/2020,286.230011,290.260010,285.160004,290.179993,283.242798,1636100,-,232.554760,280.096481,290.382455,289.217480,569106.00
01/27/2020,287.160004,288.619995,283.769989,284.279999,277.483917,889100,-,232.089135,279.700970,290.699200,290.317538,544840.00
01/24/2020,296.890015,299.329987,294.489990,295.829987,288.757721,977800,-,231.661335,279.375149,291.287782,291.479083,533780.00
01/23/2020,296.929993,297.100006,291.559998,294.320007,287.283813,713000,-,231.185715,278.806868,291.243860,292.020819,523258.00
01/22/2020,300.559998,301.660004,296.010010,296.250000,289.167725,1108600,-,230.727023,278.279193,291.332686,292.759729,523866.00
01/21/2020,298.109985,301.250000,297.470001,298.399994,291.266296,573000,-,230.248489,277.720867,291.202866,293.007654,512912.00
01/17/2020,300.899994,301.049988,299.269989,300.040009,292.867096,743900,-,229.745004,277.141849,290.881732,292.732397,519642.00
01/16/2020,302.549988,302.940002,299.549988,301.079987,293.882202,547500,-,229.230441,276.590551,290.497153,292.528397,512418.00
01/15/2020,301.600006,302.950012,299.750000,300.079987,292.906158,505300,-,228.692071,276.045892,290.192613,292.699219,514760.00
01/14/2020,299.149994,305.899994,298.470001,302.549988,295.317078,609600,-,228.152048,275.447546,289.845613,292.295114,517006.00
01/13/2020,298.679993,301.619995,297.500000,301.450012,294.243378,405700,-,227.578693,274.633237,289.227750,291.547430,517426.00
01/10/2020,300.049988,300.510010,295.559998,296.179993,289.099365,447700,-,226.992215,273.911932,288.534235,291.080862,519206.00
01/09/2020,303.279999,303.910004,300.269989,301.380005,294.175079,579700,-,226.430784,273.273097,287.941747,291.096481,520290.00
01/08/2020,300.660004,303.190002,299.940002,301.890015,294.672913,536900,-,225.859488,272.569874,286.854866,290.466901,522356.00
01/07/2020,298.670013,301.220001,297.410004,298.790009,291.646973,477700,-,225.281093,271.807711,285.665492,289.905643,522628.00
01/06/2020,293.170013,295.720001,292.429993,295.579987,288.513733,617600,-,224.724647,271.125117,284.752846,289.398077,525920.00
01/03/2020,298.040009,300.750000,297.660004,297.950012,290.827087,410800,-,224.215617,270.363100,283.691830,289.031067,531910.00
01/02/2020,301.269989,303.320007,300.609985,302.829987,295.590424,573600,-,223.679553,269.508748,282.316026,288.465909,539640.00
12/31/2019,294.980011,296.489990,293.359985,295.940002,288.865112,298900,-,223.118088,268.659038,280.461934,287.686008,543976.00
12/30/2019,296.420013,296.700012,293.649994,294.890015,287.840240,338900,-,222.589433,267.827016,278.980713,287.396112,570816.00
12/27/2019,297.450012,298.500000,296.149994,296.670013,289.577698,317000,-,222.076325,267.002661,277.796220,286.908069,594916.00
12/26/2019,295.040009,296.549988,294.230011,296.339996,289.255554,191300,-,221.508804,266.157358,276.566830,285.987607,622980.00
12/24/2019,293.989990,295.190002,291.299988,294.929993,287.879272,219500,-,220.939243,265.572547,275.353058,284.787012,644462.00
12/23/2019,295.500000,297.420013,295.450012,296.140015,289.060333,424900,-,220.376468,264.900579,274.192480,283.242831,654708.00
12/20/2019,292.750000,294.359985,292.309998,293.589996,286.571320,824600,-,219.800967,264.173113,272.732245,281.425342,666896.00
12/19/2019,290.649994,291.829987,289.140015,291.820007,284.843628,410100,-,219.227104,263.330015,271.435992,280.107614,667118.00
12/18/2019,294.829987,295.660004,291.910004,292.160004,285.175507,478500,-,218.655539,262.420006,270.315926,278.352594,667542.00
12/17/2019,296.980011,297.089996,293.059998,294.839996,287.791412,401100,-,218.099798,261.421917,269.310057,276.166144,669506.00
12/16/2019,291.230011,293.950012,291.230011,292.970001,285.966156,552800,-,217.547164,260.475306,268.267101,273.237860,671802.00
12/13/2019,288.529999,291.829987,287.109985,289.890015,282.959808,723000,-,217.009084,259.538377,267.388617,270.565314,671106.00
12/12/2019,281.700012,287.279999,281.299988,287.239990,280.373077,856800,-,216.483394,258.628725,266.404713,268.684372,667266.00
12/11/2019,278.440002,284.359985,278.440002,284.040009,277.249603,465600,-,215.959879,257.691891,265.559421,267.146054,664332.00
12/10/2019,277.890015,280.279999,277.230011,279.109985,272.437469,380000,-,215.457985,256.916659,264.756584,265.919104,668126.00
12/09/2019,282.119995,282.500000,277.429993,277.519989,270.885437,427200,-,214.986107,256.296564,264.151895,265.142130,670426.00
12/06/2019,280.799988,281.970001,278.600006,280.089996,273.394043,724600,-,214.529819,255.615960,263.652626,264.039148,673172.00
12/05/2019,272.809998,275.179993,271.399994,273.839996,267.293427,639200,-,214.050902,254.969347,263.045496,262.764371,670982.00
12/04/2019,268.959991,270.410004,268.140015,269.760010,263.311005,447100,-,213.591152,254.434834,262.796594,262.279257,668564.00
12/03/2019,263.140015,265.000000,261.109985,264.839996,258.508575,929800,-,213.157654,253.957810,262.896153,262.453970,671734.00
12/02/2019,270.109985,270.209991,263.920013,265.589996,259.240692,764600,-,212.741492,253.617460,263.303186,263.296341,659060.00
11/29/2019,273.429993,273.429993,270.429993,270.619995,264.150391,267600,-,212.330843,253.210180,263.490594,264.211920,660158.00
11/27/2019,271.200012,271.649994,270.079987,271.480011,264.989899,383300,-,211.895454,252.778569,263.013156,264.125055,662700.00
11/26/2019,273.720001,273.839996,271.209991,271.470001,264.980103,445600,-,211.446165,252.334055,262.672568,263.972787,665422.00
11/25/2019,268.359985,271.750000,268.130005,271.149994,264.667725,409800,-,210.999230,251.856888,262.281444,263.594064,671110.00
11/22/2019,269.869995,270.230011,264.809998,266.220001,259.855621,616000,-,210.533348,251.349231,261.998753,263.161661,670892.00
11/21/2019,269.450012,269.510010,266.589996,267.029999,260.646271,652100,-,210.103774,250.991853,261.834212,263.266104,677252.00
11/20/2019,271.299988,272.000000,267.000000,268.869995,262.442291,408800,-,209.670391,250.576677,261.677762,263.326620,680770.00
11/19/2019,272.950012,273.239990,270.399994,271.549988,265.058136,465200,-,209.255694,250.094675,261.076291,263.313931,688244.00
11/18/2019,273.070007,276.230011,271.809998,273.470001,266.932281,430700,-,208.802702,249.490964,260.228859,263.338336,693650.00
11/15/2019,274.309998,275.519989,273.579987,274.970001,268.396484,667900,-,208.330492,248.843162,259.537492,263.310031,695770.00
11/14/2019,268.649994,270.459991,268.149994,269.730011,263.281738,539200,-,207.845438,248.112234,258.480866,262.769269,699854.00
11/13/2019,268.029999,270.489990,267.309998,269.920013,263.467224,422800,-,207.369723,247.455027,257.647905,261.901257,708716.00
11/12/2019,268.200012,269.149994,266.609985,267.589996,261.192871,336100,-,206.903455,246.603235,256.840172,261.372348,708914.00
11/11/2019,266.149994,267.489990,265.130005,266.720001,260.343689,451700,-,206.436167,245.656009,256.781277,260.968823,714166.00
11/08/2019,265.790009,268.200012,264.690002,267.290009,260.900055,743400,-,205.970915,244.776109,256.478136,260.835846,712284.00
11/07/2019,269.079987,270.769989,267.200012,267.649994,261.251434,560900,-,205.514937,243.829297,256.067487,260.402319,704822.00
11/06/2019,269.549988,270.130005,267.809998,268.739990,262.315399,909500,-,205.019930,242.797901,255.225734,260.028903,699954.00
11/05/2019,271.820007,273.929993,271.000000,271.799988,265.302185,382700,-,204.487038,241.712571,254.077124,258.838651,688958.00
11/04/2019,272.600006,275.000000,272.079987,273.179993,266.649231,664600,-,203.926628,240.565950,252.575568,257.119382,687240.00
11/01/2019,267.209991,270.839996,266.160004,270.600006,262.988861,617600,-,203.374853,239.324551,251.266150,255.764952,685778.00
10/31/2019,265.299988,265.299988,261.320007,261.970001,254.601624,630600,-,202.816595,238.248882,250.072691,254.192464,680948.00
10/30/2019,263.160004,266.019989,261.079987,265.649994,258.178131,494700,-,202.299025,237.375363,249.216470,253.394553,674298.00
10/29/2019,268.880005,269.260010,264.239990,264.600006,257.157623,501900,-,201.772938,236.384829,247.984134,252.307996,669908.00
10/28/2019,267.390015,268.359985,265.880005,266.510010,259.013916,683000,-,201.249360,235.434143,247.050651,252.593732,666454.00
10/25/2019,262.450012,264.700012,261.880005,263.989990,256.564789,550500,-,200.732495,234.391129,246.171591,252.120427,664284.00
10/24/2019,260.799988,265.480011,260.649994,264.970001,257.517273,642300,-,200.230709,233.338979,245.186114,251.732654,666704.00
10/23/2019,254.850006,257.950012,253.589996,257.660004,250.412872,917100,-,199.725651,232.245620,244.363420,250.422565,672140.00
10/22/2019,258.809998,260.269989,255.070007,255.289993,248.109497,797300,-,199.224941,231.498055,243.871165,249.315598,665550.00
10/21/2019,257.779999,261.000000,257.100006,260.429993,253.104935,790400,-,198.741321,230.704229,243.438682,248.031755,655444.00
10/18/2019,253.990005,255.300003,252.330002,254.419998,247.263977,1640900,-,198.215816,229.840428,242.857987,246.767348,647938.00
10/17/2019,256.190002,257.170013,253.259995,253.759995,246.622513,1543900,-,197.688823,229.171973,242.438624,245.952917,627672.00
10/16/2019,260.260010,260.700012,253.529999,254.470001,247.312561,1720200,-,197.206441,228.432184,242.235990,245.038388,605368.00
10/15/2019,263.440002,269.390015,263.010010,267.540009,260.014984,1265400,-,196.717343,227.662850,242.008571,243.660272,580592.00
10/14/2019,259.820007,262.000000,259.089996,261.640015,254.280869,731800,-,196.162187,226.585819,241.063909,241.507570,569162.00
10/11/2019,258.399994,262.459991,257.739990,260.000000,252.687057,1034300,-,195.632340,225.774694,240.314111,240.222755,565640.00
10/10/2019,249.139999,254.240005,248.380005,251.490005,244.416382,835700,-,195.103400,225.025185,239.779094,238.639574,561638.00
10/09/2019,245.559998,247.949997,244.839996,246.270004,239.343201,431300,-,194.577822,224.467719,239.552647,238.304276,555314.00
10/08/2019,244.050003,245.600006,241.509995,242.080002,235.271072,576700,-,194.094132,224.119204,239.502597,238.426733,555928.00
10/07/2019,247.410004,249.429993,247.179993,247.419998,240.460861,515900,-,193.651119,223.903254,239.482674,238.845609,550912.00
10/04/2019,244.470001,246.360001,244.179993,246.039993,239.119675,518000,-,193.187922,223.581175,239.186739,238.948627,548588.00
10/03/2019,240.910004,244.880005,238.539993,244.350006,237.477219,531000,-,192.773218,223.270370,238.823259,238.924330,548662.00
10/02/2019,243.490005,243.520004,238.289993,240.289993,233.531403,710100,-,192.357216,223.070358,238.470468,239.433592,553772.00
10/01/2019,249.169998,250.169998,244.679993,245.389999,238.487961,655300,-,191.963009,222.874429,237.837780,240.356870,556192.00
09/30/2019,244.979996,249.410004,244.820007,248.419998,241.432724,495000,-,191.558716,222.531358,236.604960,240.620248,558836.00
09/27/2019,247.070007,248.050003,241.320007,243.710007,236.855240,564500,-,191.145127,222.049309,235.350758,240.405467,564746.00
09/26/2019,249.559998,249.639999,246.470001,248.039993,241.063400,615100,-,190.736414,221.717705,234.185968,240.918614,588466.00
09/25/2019,242.669998,248.029999,241.169998,247.529999,240.567780,518300,-,190.306372,221.127390,232.616880,240.801019,617172.00
09/24/2019,248.740005,249.940002,245.139999,246.389999,239.459824,605600,-,189.869778,220.300714,230.990936,240.578461,619590.00
09/23/2019,246.190002,249.250000,245.839996,248.479996,241.491043,296100,-,189.471481,219.530408,229.416503,240.119739,621104.00
09/20/2019,250.699997,250.880005,244.669998,245.789993,238.876709,819500,-,189.078830,218.747078,227.570915,239.424852,623730.00
09/19/2019,250.429993,252.110001,249.589996,249.589996,242.569839,394700,-,188.737773,218.026920,226.087350,238.722188,612732.00
09/18/2019,248.710007,250.539993,246.610001,249.789993,242.764175,519400,-,188.347941,217.220848,224.505140,237.507344,624568.00
09/17/2019,245.660004,248.419998,245.199997,248.100006,241.121750,730000,-,187.957955,216.381539,222.799503,235.318690,624780.00
09/16/2019,246.080002,247.330002,245.389999,246.210007,239.284912,398900,-,187.589582,215.602680,221.224582,232.589671,618686.00
09/13/2019,250.360001,251.229996,248.369995,248.990005,241.986710,934000,-,187.197251,214.893990,219.603497,230.296049,619280.00
09/12/2019,245.100006,248.210007,244.600006,246.830002,239.887451,828000,-,186.791507,214.210569,217.702026,227.453322,606542.00
09/11/2019,241.679993,245.240005,241.240005,245.240005,238.342194,782500,-,186.378151,213.580600,215.850121,224.432741,601430.00
09/10/2019,240.070007,241.669998,238.110001,241.669998,234.872604,735500,-,185.973723,212.992228,214.584741,221.403412,598464.00
09/09/2019,239.080002,242.320007,238.889999,241.330002,234.542175,536700,-,185.574250,212.336407,213.262022,218.713268,591854.00
09/06/2019,238.190002,240.110001,237.169998,238.559998,231.850067,872100,-,185.187285,211.630049,212.030657,215.716978,588022.00
09/05/2019,236.350006,238.029999,235.699997,237.089996,230.421402,982300,-,184.839717,210.965871,211.130215,213.452513,586270.00
09/04/2019,224.740005,227.449997,224.179993,227.270004,220.877640,432700,-,184.536757,210.226276,210.090798,211.502936,577332.00
09/03/2019,220.649994,221.580002,218.899994,220.020004,213.831558,598700,-,184.262015,209.750641,209.489208,210.280316,578214.00
08/30/2019,223.270004,224.009995,220.119995,222.610001,216.348694,357600,-,184.013666,209.405625,209.105803,209.859492,577498.00
08/29/2019,220.050003,221.869995,219.529999,219.740005,213.559433,370300,-,183.743653,208.998410,208.974599,208.910944,578968.00
08/28/2019,213.179993,215.940002,212.350006,215.750000,209.681641,317500,-,183.518807,208.552903,209.057207,207.950729,578726.00
08/27/2019,215.309998,215.669998,213.100006,214.070007,208.048904,359700,-,183.310900,208.144133,209.400278,207.267500,599554.00
08/26/2019,213.860001,214.440002,212.309998,213.990005,207.971161,296800,-,183.122828,207.669275,210.093708,207.766071,601888.00
08/23/2019,213.630005,216.500000,209.600006,210.500000,204.579285,591500,-,182.935193,207.242233,210.918827,207.810776,605598.00
08/22/2019,216.309998,216.839996,213.660004,215.259995,209.205414,376100,-,182.742568,206.997905,211.907709,208.344336,599134.00
08/21/2019,218.610001,218.610001,216.509995,217.029999,210.925629,298100,-,182.537042,206.639478,212.626410,208.807918,600902.00
08/20/2019,215.639999,216.220001,214.080002,214.690002,208.651443,275200,-,182.326421,206.310402,213.453960,208.678661,605348.00
08/19/2019,216.820007,217.429993,215.130005,215.690002,209.623322,329200,-,182.111033,205.991044,214.208134,208.698100,614962.00
08/16/2019,209.289993,213.330002,209.089996,212.850006,206.863205,574500,-,181.873398,205.620372,214.793688,208.352113,618024.00
08/15/2019,209.339996,211.330002,207.580002,209.860001,203.957291,671500,-,181.623771,205.229873,215.317042,209.038255,614520.00
08/14/2019,210.820007,212.250000,207.070007,208.720001,202.849350,914100,-,181.402315,204.832182,216.132930,210.163686,608218.00
08/13/2019,212.720001,220.800003,211.389999,219.199997,213.034607,587600,-,181.199990,204.477255,216.567844,211.533057,608388.00
08/12/2019,216.050003,216.610001,213.699997,214.449997,208.418213,292000,-,180.894482,203.850979,215.877814,212.421346,607182.00
08/09/2019,216.830002,217.360001,213.220001,215.990005,209.914886,415100,-,180.683094,203.337830,215.504128,214.026878,616888.00
08/08/2019,216.899994,220.550003,216.669998,220.029999,213.841232,627600,-,180.480457,202.830512,215.124612,215.471082,617892.00
08/07/2019,213.570007,216.240005,212.399994,215.699997,209.633057,428700,-,180.255450,202.218816,214.575990,216.444902,628422.00
08/06/2019,215.580002,216.539993,212.550003,214.889999,208.845840,481400,-,180.054751,201.738516,214.207650,218.229259,633162.00
08/05/2019,216.380005,216.419998,210.300003,212.130005,206.163452,693900,-,179.899151,201.250830,213.805295,219.718167,632178.00
08/02/2019,222.539993,222.539993,218.190002,219.910004,213.724625,555700,-,179.741160,200.832730,213.606061,221.235263,635010.00
08/01/2019,225.979996,229.970001,219.179993,221.440002,215.211594,834200,-,179.505161,200.281095,213.112350,221.595828,634002.00
07/31/2019,227.059998,227.360001,221.210007,222.809998,216.543060,519500,-,179.266194,199.742872,212.742553,222.102174,632050.00
07/30/2019,227.660004,229.410004,227.330002,228.339996,221.917496,462000,-,179.008562,199.114459,212.334851,221.602632,647406.00
07/29/2019,230.610001,231.259995,229.389999,230.970001,224.473541,325900,-,178.724731,198.586927,211.685155,219.334283,652172.00
07/26/2019,232.220001,232.410004,230.830002,230.850006,224.356918,399700,-,178.481097,198.026545,210.565557,216.981378,659826.00
07/25/2019,232.759995,232.970001,229.720001,230.050003,223.579437,521700,-,178.231947,197.439145,209.308924,214.778142,666058.00
07/24/2019,230.190002,234.500000,230.009995,234.059998,227.476624,786500,-,177.996819,196.816952,208.062011,212.707079,676358.00
07/23/2019,230.869995,231.330002,229.320007,230.210007,223.734924,831100,-,177.759832,195.969090,206.360262,210.186041,680508.00
07/22/2019,225.289993,228.119995,225.289993,227.740005,221.334412,787500,-,177.562448,195.357393,205.028310,207.892422,679490.00
07/19/2019,223.190002,224.929993,223.110001,223.619995,217.330276,790500,-,177.369141,194.798566,203.790628,205.976859,677500.00
07/18/2019,221.690002,226.990005,221.570007,226.649994,220.275055,1750500,-,177.195470,194.367248,202.723512,204.628871,673158.00
07/17/2019,217.649994,219.580002,215.210007,217.669998,211.547638,2050400,-,176.997181,193.862652,201.273962,203.382932,650610.00
07/16/2019,205.399994,206.929993,204.360001,205.000000,199.234009,639200,-,176.845987,193.619683,200.158738,203.067070,617866.00
07/15/2019,208.320007,209.190002,206.050003,206.759995,200.944489,681300,-,176.756650,193.691213,199.412338,204.036028,611986.00
07/12/2019,208.039993,209.059998,207.380005,208.179993,202.324554,427400,-,176.665533,193.675080,198.696067,204.149736,606470.00
07/11/2019,209.610001,209.750000,207.300003,208.740005,202.868805,269600,-,176.573567,193.640287,198.197982,203.839706,605746.00
07/10/2019,207.500000,209.309998,206.970001,208.119995,202.266251,986500,-,176.464278,193.641842,197.618745,203.416943,607104.00
07/09/2019,205.889999,207.309998,205.300003,206.610001,200.798737,530000,-,176.372700,193.608604,197.229024,202.534482,594690.00
07/08/2019,208.570007,209.509995,206.820007,208.029999,202.178772,425300,-,176.276740,193.620072,196.823265,202.164197,596848.00
07/05/2019,209.529999,210.380005,207.190002,209.750000,203.850403,428600,-,176.161968,193.538318,196.268812,201.604398,603476.00
07/03/2019,213.830002,214.789993,213.389999,213.830002,207.815659,297100,-,176.022123,193.407762,195.443206,200.818152,604618.00
07/02/2019,214.520004,215.270004,213.360001,214.419998,208.389023,572400,-,175.868503,193.195594,194.256060,199.164993,607440.00
07/01/2019,215.970001,216.589996,212.970001,214.970001,208.923584,634200,-,175.700730,192.976186,193.091757,197.250406,603142.00
06/28/2019,209.270004,209.770004,207.619995,207.929993,202.081573,405000,-,175.498438,192.753772,191.731620,194.788649,610616.00
06/27/2019,204.690002,205.529999,204.089996,204.990005,199.224258,345100,-,175.368782,192.619207,190.765579,193.242398,628126.00
06/26/2019,204.389999,204.970001,203.080002,204.389999,198.641174,784500,-,175.264460,192.546782,190.031816,192.556258,636328.00
06/25/2019,202.800003,203.089996,198.119995,199.039993,193.441635,535400,-,175.139997,192.413396,189.262578,191.820547,628426.00
06/24/2019,203.389999,203.860001,201.880005,202.800003,197.095886,476800,-,175.058728,192.441255,188.871400,191.923566,626336.00
06/21/2019,201.300003,202.800003,200.410004,202.270004,196.580780,562900,-,175.010437,192.301695,188.239683,191.482333,625866.00
06/20/2019,203.110001,203.610001,200.490005,201.660004,195.987946,431100,-,174.985664,192.208556,187.673566,190.933226,626840.00
06/19/2019,196.470001,198.220001,195.320007,196.820007,191.284073,358200,-,174.990607,192.161473,187.181313,190.068260,632384.00
06/18/2019,189.490005,195.800003,189.490005,194.720001,189.243149,1358900,-,175.019791,192.246700,187.032130,189.347127,635292.00
06/17/2019,192.000000,192.429993,189.539993,189.639999,184.306015,476400,-,175.066961,192.331053,186.826093,188.933109,618180.00
06/14/2019,191.550003,193.139999,190.500000,192.020004,186.619064,482300,-,175.138192,192.456320,187.387837,188.674591,617402.00
06/13/2019,197.759995,198.139999,197.009995,197.929993,192.362854,268300,-,175.206983,192.523031,187.879607,188.288760,621590.00
06/12/2019,199.550003,199.550003,196.729996,196.820007,191.284073,464500,-,175.220110,192.399936,188.010810,187.507375,626190.00
06/11/2019,202.360001,202.660004,199.059998,200.100006,194.471817,520400,-,175.222108,192.272287,188.070094,186.704608,629850.00
06/10/2019,196.270004,199.429993,196.160004,198.259995,192.683563,755900,-,175.214268,191.995772,187.600681,185.819234,633190.00
06/07/2019,195.630005,198.460007,194.960007,196.619995,191.089706,482300,-,175.213831,191.681054,187.624007,184.997032,624314.00
06/06/2019,190.669998,193.100006,190.220001,192.759995,187.338287,399300,-,175.216561,191.395523,187.739173,184.413907,630402.00
06/05/2019,191.830002,192.210007,188.809998,189.399994,184.072739,356400,-,175.227865,191.247077,188.160479,184.294365,630712.00
06/04/2019,188.970001,190.559998,188.110001,190.460007,185.102966,922600,-,175.257851,191.145499,188.709103,184.717134,644158.00
06/03/2019,188.580002,189.850006,186.309998,186.979996,181.720840,527300,-,175.279227,191.050597,189.423916,184.719078,644446.00
05/31/2019,188.619995,189.889999,187.679993,188.050003,182.760757,777300,-,175.358196,191.150333,190.478398,186.101083,649302.00
05/30/2019,189.149994,191.250000,188.809998,189.889999,184.548996,465300,-,175.427595,191.167406,191.347253,187.470453,645438.00
05/29/2019,188.559998,190.080002,186.899994,188.559998,183.256409,1154100,-,175.484162,191.142374,192.149048,188.514246,649800.00
05/28/2019,192.619995,193.380005,190.889999,190.990005,185.618073,665700,-,175.572553,191.139928,193.133556,189.435580,638508.00
05/24/2019,191.970001,192.660004,189.669998,189.800003,184.461548,432200,-,175.667531,191.131939,193.882870,189.382127,654096.00
05/23/2019,189.570007,191.460007,188.800003,190.619995,185.258453,835500,-,175.770982,190.964178,194.728399,190.250981,655934.00
05/22/2019,191.479996,193.839996,191.479996,191.529999,186.142868,505300,-,175.870496,190.765877,195.370029,191.064439,647594.00
05/21/2019,194.500000,195.160004,193.080002,193.750000,188.300430,736600,-,175.971400,190.549503,195.929015,192.026593,647668.00
05/20/2019,193.869995,195.270004,188.869995,190.479996,185.122406,1287300,-,176.066511,190.262697,196.374358,192.701073,645134.00
05/17/2019,201.860001,204.460007,200.750000,201.199997,195.540894,700300,-,176.168339,189.996222,196.989169,194.128754,627702.00
05/16/2019,200.539993,203.669998,200.059998,202.139999,196.454453,708600,-,176.218506,189.496017,197.102269,194.855713,626662.00
05/15/2019,195.139999,202.100006,194.960007,200.630005,194.986923,711300,-,176.266507,189.047475,197.047211,195.224054,622476.00
05/14/2019,195.339996,198.970001,194.729996,198.039993,192.469757,1036700,-,176.316082,188.693029,197.078017,195.783850,613424.00
05/13/2019,193.399994,193.979996,189.919998,190.440002,185.083542,994000,-,176.394333,188.410638,197.053123,196.831531,603856.00
05/10/2019,198.110001,200.000000,195.429993,198.740005,193.150085,780200,-,176.520659,188.265403,197.540674,198.383614,591772.00
05/09/2019,198.380005,199.940002,194.740005,198.990005,193.393036,688000,-,176.581339,187.915803,197.389063,199.205817,582538.00
05/08/2019,201.690002,203.570007,200.899994,201.429993,195.764404,573400,-,176.674811,187.585358,197.315604,199.675620,576536.00
05/07/2019,203.000000,203.000000,198.410004,200.690002,195.045227,623100,-,176.751767,187.231309,197.209073,199.831438,578280.00
05/06/2019,202.240005,205.539993,201.050003,205.169998,199.399216,413200,-,176.810465,186.922961,197.234082,200.047643,580562.00
05/03/2019,206.770004,208.690002,206.220001,208.679993,202.810486,345200,-,176.860073,186.487187,196.937164,199.849585,582210.00
05/02/2019,206.539993,207.479996,204.089996,205.929993,200.137863,405500,-,176.827494,185.937845,196.325108,199.348825,589560.00
05/01/2019,209.919998,210.869995,206.369995,206.389999,200.584885,391200,-,176.787817,185.467316,195.815943,198.870367,593458.00
04/30/2019,206.639999,209.009995,206.289993,208.820007,202.946564,337500,-,176.741630,184.961142,195.097104,198.372183,603644.00
04/29/2019,205.910004,207.259995,205.059998,206.410004,200.604370,365800,-,176.684307,184.444430,194.194859,197.274715,613382.00
04/26/2019,204.869995,207.259995,203.179993,207.199997,201.372116,637900,-,176.611125,183.973793,193.196944,196.697734,627268.00
04/25/2019,206.860001,207.309998,204.020004,206.210007,198.091064,756700,-,176.562154,183.448992,191.975721,195.572310,627586.00
04/24/2019,205.559998,207.809998,205.199997,205.410004,197.322586,485700,-,176.528052,182.999034,190.911826,194.955589,630484.00
04/23/2019,204.110001,206.110001,204.029999,205.289993,197.207275,438200,-,176.489195,182.482408,190.041496,194.586708,633836.00
04/22/2019,204.619995,205.869995,203.729996,205.509995,197.418640,357500,-,176.444526,182.017080,189.130822,194.420522,637734.00
04/18/2019,206.050003,207.029999,204.580002,205.910004,197.802887,1007900,-,176.377089,181.548102,188.277785,194.024742,660074.00
04/17/2019,208.380005,208.899994,200.580002,203.360001,195.353287,1280500,-,176.325888,181.182103,187.723022,193.301390,671014.00
04/16/2019,201.380005,204.460007,201.080002,203.619995,195.603043,755200,-,176.299999,180.764230,187.136078,192.761519,658420.00
04/15/2019,201.279999,201.729996,199.009995,199.839996,191.971878,389400,-,176.251775,180.301975,186.520796,191.822025,654176.00
04/12/2019,201.830002,202.880005,200.669998,202.820007,194.834564,430900,-,176.223245,179.890250,186.078907,191.115002,662288.00
04/11/2019,197.720001,199.250000,197.289993,197.910004,190.117874,453300,-,176.199949,179.356333,185.598111,189.696153,664912.00
04/10/2019,200.089996,200.720001,198.589996,199.789993,191.923859,611600,-,176.193897,178.958249,184.895892,188.379132,669598.00
04/09/2019,202.100006,203.009995,201.070007,201.570007,193.633774,708300,-,176.225502,178.474477,184.066869,186.868062,676702.00
04/08/2019,202.000000,203.679993,201.630005,203.559998,195.545410,503600,-,176.238326,177.947668,183.151389,185.496283,707758.00
04/05/2019,200.570007,201.720001,200.500000,201.389999,193.460846,503300,-,176.247644,177.430851,182.072123,183.841122,724744.00
04/04/2019,198.250000,199.020004,197.429993,198.380005,190.569366,437500,-,176.270651,176.806634,180.989015,182.530827,742392.00
04/03/2019,197.160004,198.690002,196.580002,197.740005,189.954575,691700,-,176.331747,176.109986,179.987080,182.144655,762820.00
04/02/2019,193.979996,194.179993,192.360001,193.839996,186.208099,498300,-,176.413785,175.375298,179.190717,181.510637,768356.00
04/01/2019,191.240005,193.000000,190.759995,192.479996,184.901657,647500,-,176.519694,174.777019,178.743545,181.219568,791684.00
03/29/2019,186.279999,188.419998,185.500000,188.050003,180.646072,687400,-,176.621857,174.105732,178.415970,181.042812,797794.00
03/28/2019,183.600006,184.970001,182.770004,184.199997,176.947662,312100,-,176.724116,173.514561,178.274758,181.500069,794798.00
03/27/2019,187.130005,187.960007,183.100006,184.059998,176.813156,786700,-,176.847364,173.034824,178.210877,181.412651,798210.00
03/26/2019,186.190002,187.949997,186.070007,187.289993,179.915985,414800,-,176.959710,172.547402,178.213759,181.265675,796080.00
03/25/2019,186.330002,187.940002,185.179993,186.330002,178.993805,1028700,-,177.057069,172.061900,178.121059,180.806496,800576.00
03/22/2019,191.360001,191.889999,187.449997,187.750000,180.357895,937000,-,177.188099,171.606178,178.152760,180.303123,800564.00
03/21/2019,189.949997,195.460007,189.940002,194.360001,186.707642,770100,-,177.291703,171.129130,178.015389,179.447203,797422.00
03/20/2019,190.490005,192.690002,188.389999,191.139999,183.614395,584100,-,177.337621,170.400398,177.447177,177.829504,792654.00
03/19/2019,191.589996,192.550003,189.389999,190.809998,183.297409,683400,-,177.390551,169.755817,177.097029,176.870798,800410.00
03/18/2019,190.529999,191.429993,189.380005,190.639999,183.134094,589500,-,177.418602,169.049947,176.695966,176.267522,798532.00
03/15/2019,187.639999,192.960007,187.610001,192.809998,185.218643,1445100,-,177.449630,168.224576,176.394810,175.789128,808314.00
03/14/2019,183.250000,184.279999,182.729996,183.289993,176.073486,524100,-,177.463031,167.523126,175.987505,175.049448,791462.00
03/13/2019,183.750000,183.990005,182.389999,182.529999,175.343399,418500,-,177.548575,166.991515,175.940434,175.009103,788110.00
03/12/2019,182.000000,183.529999,180.809998,182.509995,175.324188,509000,-,177.636472,166.464322,175.952922,175.161842,793270.00
03/11/2019,178.339996,182.100006,178.309998,181.089996,173.960083,609900,-,177.721440,165.924065,175.761277,175.435622,797606.00
03/08/2019,175.960007,178.970001,175.570007,178.839996,171.798691,415700,-,177.824467,165.382848,175.760316,176.002396,798098.00
03/07/2019,180.130005,180.149994,176.929993,177.520004,170.530655,648300,-,177.938158,164.732887,175.868868,176.583575,796214.00
03/06/2019,184.300003,184.380005,181.039993,181.160004,174.027328,499300,-,178.033356,164.174378,176.317482,177.064850,819362.00
03/05/2019,184.649994,185.779999,184.149994,184.529999,177.264648,258700,-,178.135278,163.627204,176.339098,177.323260,863764.00
03/04/2019,185.360001,186.729996,183.559998,185.660004,178.350159,558300,-,178.223416,163.038339,176.100381,177.124411,890202.00
03/01/2019,184.410004,185.270004,183.160004,185.110001,177.821838,389800,-,178.291957,162.594914,175.752155,177.000493,893240.00
02/28/2019,183.320007,183.860001,182.570007,182.869995,175.670044,318500,-,178.372794,162.124013,175.267998,176.925562,899174.00
02/27/2019,185.130005,185.130005,182.270004,184.119995,176.870789,387900,-,178.449308,161.704411,174.995179,176.871765,906654.00
02/26/2019,185.309998,186.470001,184.690002,185.360001,178.061981,660600,-,178.530721,161.319584,174.538402,176.744002,912860.00
02/25/2019,187.800003,188.270004,186.289993,186.990005,179.627823,737200,-,178.591192,160.932643,173.999970,176.086932,918002.00
02/22/2019,184.309998,185.130005,183.309998,184.889999,177.610489,495600,-,178.624238,160.442338,173.503806,175.518237,932768.00
02/21/2019,181.809998,183.289993,181.139999,182.529999,175.343399,712700,-,178.672221,159.991227,172.735783,175.154161,941172.00
02/20/2019,181.869995,184.270004,181.809998,183.850006,176.611435,600400,-,178.734566,159.549339,171.755461,175.570114,955162.00
02/19/2019,180.940002,183.600006,180.929993,182.460007,175.276154,900500,-,178.777314,159.213120,170.585897,175.354935,965100.00
02/15/2019,185.089996,185.100006,183.500000,184.369995,177.110977,824400,-,178.815163,158.966815,169.636797,175.076352,979596.00
02/14/2019,183.179993,184.869995,182.660004,184.330002,177.072525,1060100,-,178.849121,158.837899,168.348113,174.503816,1011374.00
02/13/2019,182.619995,183.600006,182.089996,182.309998,175.132080,653800,-,178.868910,158.588520,167.048865,173.610434,1017390.00
02/12/2019,180.320007,183.259995,180.320007,182.789993,175.593155,901600,-,178.914251,158.381216,165.940300,173.118593,1025908.00
02/11/2019,179.419998,179.889999,178.070007,178.520004,171.491287,653300,-,178.967912,158.218295,164.782745,172.332802,1020142.00
02/08/2019,178.110001,181.570007,177.839996,181.070007,173.940872,633100,-,179.022943,158.004843,163.990226,171.913008,1017962.00
02/07/2019,183.559998,184.009995,180.309998,181.100006,173.969727,1474500,-,179.077105,157.742784,163.103568,171.489374,1026436.00
02/06/2019,184.050003,187.050003,184.020004,186.860001,179.502930,1554900,-,179.118125,157.407717,162.230356,170.317404,1011802.00
02/05/2019,179.809998,182.130005,179.559998,181.610001,174.459641,650800,-,179.139572,156.966789,160.768761,167.940808,1002184.00
02/04/2019,178.429993,179.720001,177.860001,179.559998,172.490326,543000,-,179.196140,156.577158,159.615046,165.816859,1031680.00
02/01/2019,176.789993,178.630005,176.179993,178.410004,171.385620,795000,-,179.315971,156.270333,158.390726,164.197243,1050350.00
01/31/2019,174.710007,176.509995,174.259995,175.029999,168.138702,562100,-,179.471701,156.089351,156.914722,162.192410,1096386.00
01/30/2019,175.149994,177.589996,173.740005,177.190002,170.213669,687600,-,179.615100,156.123165,156.015093,160.487296,1125720.00
01/29/2019,174.440002,174.779999,172.330002,174.610001,167.735245,966800,-,179.743125,156.037476,154.979056,158.762007,1135302.00
01/28/2019,171.740005,175.429993,171.240005,174.149994,167.293350,2261100,-,179.886351,155.966005,154.041482,157.232687,1144628.00
01/25/2019,173.210007,176.839996,172.630005,176.660004,169.704529,1352900,-,180.028502,155.867060,153.092382,156.067444,1157170.00
01/24/2019,167.529999,169.539993,167.289993,168.899994,162.250031,1385700,-,180.158596,155.844773,151.952116,154.717761,1165072.00
01/23/2019,163.330002,164.050003,160.660004,162.119995,155.736969,1458900,-,180.292542,155.961778,150.804646,154.143307,1175186.00
01/22/2019,160.899994,161.000000,157.970001,159.500000,153.220154,968500,-,180.440484,156.255731,150.148058,153.596713,1166796.00
01/18/2019,159.179993,164.009995,158.860001,162.699997,156.294159,1664700,-,180.620293,156.600211,149.820482,153.413232,1177302.00
01/17/2019,155.779999,158.630005,155.220001,157.539993,151.337296,953000,-,180.782732,156.795411,149.396845,152.584209,1155356.00
01/16/2019,159.169998,159.389999,157.190002,157.279999,151.087555,537600,-,180.975525,157.130670,149.638924,151.637033,1155264.00
01/15/2019,158.919998,160.889999,158.279999,159.229996,152.960785,482700,-,181.139193,157.484950,149.798388,151.542891,1171564.00
01/14/2019,160.100006,160.350006,158.259995,158.690002,152.442047,680200,-,181.319727,157.737211,149.884844,151.196104,1176538.00
01/11/2019,161.500000,163.369995,160.869995,162.020004,155.640915,639600,-,181.483668,157.930297,150.144214,150.850276,1189084.00
01/10/2019,161.289993,163.050003,160.509995,162.610001,156.207703,1028100,-,181.659038,157.956234,150.297915,150.117320,1191202.00
01/09/2019,161.899994,163.630005,160.970001,162.919998,156.505493,779900,-,181.865663,158.025399,150.243159,149.186472,1188160.00
01/08/2019,158.500000,158.770004,155.550003,156.429993,150.271027,531700,-,182.031092,158.142979,150.170631,147.465985,1193916.00
01/07/2019,156.500000,159.259995,155.820007,157.589996,151.385345,971900,-,182.254402,158.176217,150.319530,146.699403,1222138.00
01/04/2019,150.649994,154.960007,150.039993,154.070007,148.003922,589500,-,182.515038,158.471322,150.740286,146.227731,1227916.00
01/03/2019,151.190002,152.220001,147.380005,147.679993,141.865540,1078600,-,182.787200,158.898994,151.488136,146.209482,1226498.00
01/02/2019,154.279999,157.250000,153.839996,156.300003,150.146133,602500,-,183.090769,159.438482,152.928117,147.640816,1219734.00
12/31/2018,156.039993,157.029999,153.949997,155.619995,149.492920,356500,-,183.359171,159.825423,153.650990,148.053885,1224638.00
12/28/2018,157.539993,157.690002,154.759995,155.089996,148.983765,676500,-,183.632649,160.390080,154.414689,148.573584,1251698.00
12/27/2018,149.839996,154.410004,149.570007,154.389999,148.311356,725800,-,183.894818,160.901711,155.337854,149.438152,1254640.00
12/26/2018,146.490005,153.009995,144.500000,152.919998,146.899216,634500,-,184.143638,161.265981,155.963221,150.478510,1253576.00
12/24/2018,149.139999,150.490005,144.809998,145.009995,139.300629,321500,-,184.415135,161.676361,156.660156,151.299846,1259008.00
12/21/2018,151.770004,152.589996,148.000000,148.449997,142.605209,1805700,-,184.715626,162.190682,157.555943,152.875278,1285884.00
12/20/2018,156.210007,156.759995,151.690002,152.679993,146.668625,2719400,-,184.978694,162.641601,158.298509,153.939656,1280088.00
12/19/2018,159.949997,162.979996,153.339996,153.880005,147.821426,1580600,-,185.226349,163.223165,158.713982,155.252841,1237620.00
12/18/2018,163.179993,164.729996,161.770004,162.580002,156.178879,710200,-,185.452957,163.757274,159.180367,156.766789,1218086.00
12/17/2018,161.000000,164.199997,159.619995,160.600006,154.276825,686500,-,185.616401,164.164772,159.488248,158.215417,1217706.00
12/14/2018,162.410004,164.179993,160.820007,161.029999,154.689911,692500,-,185.766597,164.680821,160.265876,159.248096,1216184.00
12/13/2018,165.020004,165.610001,163.710007,164.089996,157.629440,698200,-,185.906921,165.272184,160.827843,160.255794,1218866.00
12/12/2018,166.350006,167.339996,164.740005,165.220001,158.714935,917700,-,186.049019,165.773055,161.154455,161.237556,1213322.00
12/11/2018,163.820007,164.850006,160.460007,161.470001,155.112579,1475500,-,186.195451,166.250679,161.336014,161.447932,1205246.00
12/10/2018,161.520004,163.080002,158.809998,161.410004,155.054947,915800,-,186.376081,166.760773,162.009894,162.020467,1187932.00
12/07/2018,164.850006,165.919998,158.899994,159.529999,153.248993,1412200,-,186.537860,167.285852,162.662160,162.236609,1175590.00
12/06/2018,164.529999,166.500000,162.259995,166.350006,159.800476,1097300,-,186.691863,167.848203,163.521440,162.657362,1161366.00
12/04/2018,175.589996,176.309998,169.380005,169.639999,162.960907,1625300,-,186.818441,168.306614,164.053626,162.175124,1149732.00
12/03/2018,173.860001,178.199997,173.130005,177.660004,170.665161,2413300,-,186.934501,168.726024,164.208287,161.593944,1127414.00
11/30/2018,168.960007,171.449997,168.360001,171.350006,164.603607,1360900,-,186.996376,168.932943,164.080042,160.761078,1101482.00
11/29/2018,172.529999,173.250000,170.960007,171.520004,164.766891,1079700,-,187.101271,169.319883,164.289938,161.283656,1085488.00
11/28/2018,170.279999,174.419998,167.750000,174.309998,167.447067,613300,-,187.188401,169.656680,164.330286,161.399892,1084970.00
11/27/2018,166.729996,168.169998,165.630005,167.410004,160.818695,544300,-,187.233087,169.892226,164.062749,161.071353,1086444.00
11/26/2018,165.139999,167.660004,164.289993,167.429993,160.837921,1056800,-,187.316153,170.193479,163.868703,161.224095,1087056.00
11/23/2018,162.119995,164.529999,162.119995,163.660004,157.216370,742800,-,187.386411,170.518555,163.810106,161.999321,1087828.00
11/21/2018,164.300003,166.500000,163.899994,163.910004,157.456528,1074000,-,187.456827,170.870913,164.068513,163.087711,1121866.00
11/20/2018,157.039993,163.089996,156.580002,161.330002,154.978088,2125600,-,187.560560,171.091089,163.792331,164.385518,1162280.00
11/19/2018,168.250000,168.539993,163.389999,163.589996,157.149109,1476500,-,187.709821,171.514534,164.350456,165.932129,1131978.00
11/16/2018,170.089996,171.039993,167.889999,168.990005,162.336502,3096800,-,187.812854,171.938747,164.962377,166.822630,1122520.00
11/15/2018,169.460007,176.800003,168.960007,176.789993,169.829391,2028800,-,187.927513,172.166992,165.287549,167.399007,1078376.00
11/14/2018,173.589996,174.580002,172.029999,172.729996,165.929245,1166700,-,188.037320,172.314160,165.270739,167.296220,1079806.00
11/13/2018,169.830002,173.690002,169.490005,170.889999,164.161682,1433100,-,188.173961,172.744330,165.860565,167.260680,1069150.00
11/12/2018,170.130005,170.279999,167.050003,169.000000,162.346115,2888200,-,188.306441,173.293616,166.380746,167.054146,1054348.00
11/09/2018,172.550003,175.860001,171.750000,175.500000,168.590179,1748000,-,188.466044,173.986229,166.589684,166.513312,1004352.00
11/08/2018,175.330002,177.360001,174.199997,174.990005,168.100266,1891400,-,188.606281,174.556842,166.531087,165.620891,976448.00
11/07/2018,178.259995,178.520004,176.089996,177.419998,170.434601,1039400,-,188.721925,175.168378,166.376907,165.049315,946650.00
11/06/2018,174.309998,177.669998,174.050003,177.429993,170.444199,1493800,-,188.832658,175.730729,166.112733,163.199144,934614.00
11/05/2018,172.490005,173.500000,169.710007,172.860001,166.054123,567400,-,188.958483,176.329393,166.377866,162.768784,915662.00
11/02/2018,178.070007,178.679993,172.820007,174.990005,168.100266,948400,-,189.106782,176.908075,166.801502,163.102124,910352.00
11/01/2018,171.029999,176.059998,169.649994,175.720001,168.801529,1352600,-,189.244755,177.379744,167.224178,163.176091,898872.00
10/31/2018,170.960007,173.089996,169.979996,172.360001,165.573837,731400,-,189.368938,177.861787,167.788067,163.245258,879532.00
10/30/2018,166.100006,169.410004,165.660004,168.740005,162.096344,1307500,-,189.489359,178.402236,168.722276,164.460451,878884.00
10/29/2018,168.520004,169.699997,160.380005,163.369995,156.937775,745500,-,189.566227,178.993022,169.751110,165.707347,863500.00
10/26/2018,164.399994,169.160004,162.259995,166.210007,159.665970,876000,-,189.642654,179.646249,171.034029,166.666055,863208.00
10/25/2018,165.149994,170.289993,163.690002,169.039993,162.384506,1067700,-,189.694396,180.254327,172.081593,167.441283,870700.00
10/24/2018,167.300003,167.699997,157.949997,158.160004,151.932892,1942800,-,189.742828,180.794200,173.027814,167.704498,874974.00
10/23/2018,167.529999,174.419998,167.259995,172.949997,166.140594,1260800,-,189.853659,181.705836,174.499496,169.026323,844294.00
10/22/2018,176.460007,177.020004,174.259995,176.330002,169.387527,518600,-,189.898165,182.315835,175.328516,169.986948,837366.00
10/19/2018,176.190002,178.240005,173.710007,175.759995,168.839935,740400,-,189.921866,182.845333,176.055711,170.500880,843844.00
10/18/2018,182.380005,182.800003,175.850006,176.440002,169.493195,847700,-,189.938212,183.487225,176.664268,171.272266,849372.00
10/17/2018,187.580002,189.250000,183.309998,185.009995,177.725769,1709500,-,189.943340,184.189636,177.387141,172.330876,842248.00
10/16/2018,178.380005,182.240005,177.779999,181.720001,174.565308,823600,-,189.900878,184.738154,177.581189,172.984102,818810.00
10/15/2018,173.419998,175.119995,172.830002,173.350006,166.524857,672600,-,189.855604,185.350074,177.814141,173.794873,812358.00
10/12/2018,175.460007,176.339996,171.350006,174.279999,167.418243,906100,-,189.852340,186.146050,178.281966,175.402002,808028.00
10/11/2018,176.089996,180.179993,169.589996,171.779999,165.016663,1665300,-,189.843848,186.944139,178.765641,176.721904,802184.00
10/10/2018,174.610001,176.520004,171.850006,171.919998,165.151138,1515900,-,189.842841,187.753564,179.256522,178.351129,784928.00
10/09/2018,180.679993,183.960007,180.389999,182.949997,175.746841,596000,-,189.851302,188.562028,179.422230,179.972668,777856.00
10/08/2018,181.000000,182.880005,179.690002,181.679993,174.526855,603900,-,189.803548,189.168185,179.442404,180.670085,779788.00
10/05/2018,185.899994,186.979996,181.589996,183.789993,176.553787,691200,-,189.764892,189.775686,179.634051,181.610541,786122.00
10/04/2018,190.940002,191.080002,184.899994,187.460007,180.079300,610400,-,189.724958,190.407011,179.493799,182.056271,802518.00
10/03/2018,191.259995,192.339996,189.940002,191.809998,184.258026,826600,-,189.664254,191.012398,179.349224,182.443407,835114.00
10/02/2018,188.270004,192.339996,188.270004,190.160004,182.673019,421000,-,189.570420,191.432961,179.508208,182.178276,836952.00
10/01/2018,190.869995,192.520004,189.509995,190.080002,182.596146,513900,-,189.475513,192.021249,179.955858,181.833409,847142.00
09/28/2018,185.529999,188.270004,185.460007,188.020004,180.617264,609800,-,189.387894,192.592438,180.674887,181.161929,864290.00
09/27/2018,188.110001,189.839996,187.740005,188.740005,181.308914,298700,-,189.304456,193.115788,181.500066,180.809378,868954.00
09/26/2018,186.800003,191.300003,186.589996,188.800003,181.366531,701000,-,189.231700,193.676026,182.368473,180.161914,935280.00
09/25/2018,192.119995,192.350006,189.160004,190.210007,182.721008,515600,-,189.143659,193.974589,183.227755,178.871791,948938.00
09/24/2018,190.759995,191.580002,189.440002,191.470001,183.931412,509400,-,189.049750,194.164218,184.110574,178.214723,961692.00
09/21/2018,189.440002,190.100006,187.960007,188.429993,181.011093,1116700,-,188.942648,194.312539,184.663416,177.657561,959962.00
09/20/2018,191.190002,192.059998,189.839996,191.490005,183.950653,561200,-,188.849338,194.521957,185.197045,176.931326,950130.00
09/19/2018,186.679993,189.279999,186.279999,189.050003,181.606720,1053800,-,188.735760,194.562303,185.644698,176.255042,955756.00
09/18/2018,184.710007,187.610001,184.710007,186.570007,179.224350,687000,-,188.648660,194.761728,186.194175,176.838139,954226.00
09/17/2018,184.050003,185.039993,182.750000,183.089996,175.881348,574900,-,188.588184,195.002654,186.814741,178.078307,965338.00
09/14/2018,183.440002,185.009995,182.270004,184.350006,177.091751,1095400,-,188.529758,195.276049,187.500630,180.187845,961446.00
09/13/2018,182.309998,184.630005,181.149994,182.000000,174.834274,2444700,-,188.521699,195.499683,188.149535,182.190755,950354.00
09/12/2018,177.380005,177.479996,172.690002,175.369995,168.465302,3094700,-,188.526974,195.681626,188.876730,184.575032,910152.00
09/11/2018,182.460007,183.850006,181.279999,183.369995,176.150330,610500,-,188.571949,196.063571,190.329199,187.583719,887522.00
09/10/2018,187.630005,187.710007,184.580002,185.669998,178.359787,1003600,-,188.562455,196.344075,191.353709,190.006424,893198.00
09/07/2018,181.199997,184.429993,180.279999,180.869995,173.748749,889600,-,188.553197,196.496046,192.228842,191.669270,890876.00
09/06/2018,191.559998,192.130005,183.429993,184.449997,177.187805,2100300,-,188.548712,196.746385,193.588131,193.462764,886344.00
09/05/2018,197.800003,198.149994,194.199997,195.119995,187.437698,633900,-,188.521318,197.006139,194.959428,195.034354,866468.00
09/04/2018,199.050003,199.899994,197.330002,199.479996,191.626022,693000,-,188.449627,197.035535,195.845126,195.550211,874990.00
08/31/2018,204.300003,205.660004,203.699997,205.050003,196.976730,388400,-,188.338521,197.167910,196.521890,195.551175,875748.00
08/30/2018,205.380005,206.850006,204.729996,205.199997,197.120850,352800,-,188.212230,197.152348,196.989236,194.813416,885848.00
08/29/2018,205.580002,207.570007,205.509995,206.820007,198.677048,401500,-,188.078125,197.158111,197.499330,194.108315,889638.00
08/28/2018,207.619995,208.059998,204.940002,206.690002,198.552170,437600,-,187.939810,197.145815,197.839872,193.178427,896594.00
08/27/2018,206.160004,209.229996,205.479996,208.589996,200.377380,546200,-,187.794549,197.230543,198.190981,193.074680,899836.00
08/24/2018,201.690002,203.179993,201.520004,202.979996,194.988251,301900,-,187.656826,197.350237,198.474847,192.700995,905338.00
08/23/2018,201.830002,202.220001,199.360001,199.539993,191.683685,374400,-,187.555618,197.598271,198.970530,192.788414,913514.00
08/22/2018,200.139999,201.149994,199.210007,200.809998,192.903702,385600,-,187.477598,197.871282,199.792346,193.713498,926004.00
08/21/2018,199.809998,201.610001,199.490005,200.490005,192.596268,699000,-,187.391860,198.035164,200.664595,194.884502,925570.00
08/20/2018,198.830002,199.949997,197.520004,199.490005,191.635666,538300,-,187.296565,198.215186,201.299090,196.140042,922152.00
08/17/2018,194.740005,197.660004,193.899994,197.369995,189.599136,730900,-,187.202027,198.368118,202.321677,197.492606,928136.00
08/16/2018,198.270004,199.600006,197.270004,197.860001,190.069839,1250600,-,187.114576,198.563894,203.399501,199.165057,931986.00
08/15/2018,201.270004,201.600006,195.820007,197.139999,189.378174,1281400,-,187.011346,198.866491,204.235246,200.890346,918372.00
08/14/2018,207.139999,207.330002,204.929993,205.610001,197.514694,408800,-,186.916335,199.100501,205.232379,202.501317,904964.00
08/13/2018,204.910004,206.039993,204.500000,204.699997,196.640533,914400,-,186.775358,199.068032,205.171378,203.307283,905614.00
08/10/2018,204.740005,205.600006,202.649994,203.889999,195.862442,842500,-,186.636561,199.019232,204.949474,204.248698,897686.00
08/09/2018,213.220001,213.389999,209.029999,209.169998,200.934525,1016800,-,186.506748,198.880133,204.723726,205.152646,896550.00
08/08/2018,213.649994,214.369995,212.889999,213.000000,204.613739,491500,-,186.349861,198.648237,204.251099,205.871194,887878.00
08/07/2018,214.539993,215.000000,212.970001,213.559998,205.151672,537600,-,186.161010,198.313939,203.318808,206.444688,891128.00
08/06/2018,212.990005,213.759995,212.380005,213.570007,205.161301,501000,-,185.973277,198.074551,202.640125,206.458138,886572.00
08/03/2018,214.059998,214.929993,212.350006,214.779999,206.323654,456100,-,185.765072,197.829783,201.945590,207.150749,883058.00
08/02/2018,212.669998,216.119995,212.199997,215.820007,207.322723,613900,-,185.573003,197.549664,201.106963,207.633945,888322.00
08/01/2018,214.009995,215.369995,212.740005,213.910004,205.487885,802500,-,185.377129,197.294520,200.154500,207.580147,885316.00
07/31/2018,215.149994,216.300003,213.960007,214.000000,205.574356,1162300,-,185.189048,197.075498,199.076676,207.963441,891046.00
07/30/2018,216.429993,216.600006,213.610001,214.500000,206.054688,692600,-,184.987729,196.755417,198.176088,207.035474,887842.00
07/27/2018,216.860001,217.509995,212.429993,213.300003,204.901917,920600,-,184.780627,196.522560,197.382128,205.650250,884478.00
07/26/2018,216.070007,216.839996,214.229996,216.649994,208.120010,1511000,-,184.571100,196.322365,196.434949,204.294806,875884.00
07/25/2018,215.720001,219.070007,214.889999,218.970001,210.348679,2240200,-,184.340531,196.001132,195.342236,202.631003,857058.00
07/24/2018,219.460007,219.869995,213.160004,213.699997,205.286163,918500,-,184.095486,195.673942,194.333576,200.192928,820390.00
07/23/2018,219.570007,221.660004,217.000000,220.779999,212.087418,930500,-,183.871374,195.387675,193.514642,198.822112,810120.00
07/20/2018,216.710007,221.460007,216.710007,219.809998,211.155609,1371300,-,183.625968,195.008995,192.822509,196.740431,799794.00
07/19/2018,215.750000,216.699997,214.649994,215.259995,206.784744,843000,-,183.381744,194.589009,192.074660,194.579982,782732.00
07/18/2018,213.089996,218.479996,212.750000,217.899994,209.320831,3615000,-,183.160518,194.178053,191.605875,192.728853,782748.00
07/17/2018,199.809998,204.880005,199.389999,204.339996,196.294678,1383900,-,182.928992,193.735779,191.042945,190.189911,721854.00
07/16/2018,199.860001,201.139999,199.369995,200.080002,192.202454,1153300,-,182.759216,193.566133,191.367639,189.316702,709936.00
07/13/2018,200.320007,200.320007,198.570007,199.190002,191.347473,422900,-,182.593000,193.425304,192.075621,189.114006,718634.00
07/12/2018,196.800003,199.369995,196.270004,199.330002,191.481979,625100,-,182.411634,193.255273,192.877745,188.575092,720366.00
07/11/2018,196.699997,197.490005,193.330002,193.589996,185.967926,842500,-,182.225549,193.103685,193.570357,188.053468,717548.00
07/10/2018,200.470001,200.690002,198.550003,199.429993,191.578003,977300,-,182.085840,193.004933,194.326852,188.474225,713616.00
07/09/2018,199.979996,200.220001,197.440002,199.110001,191.270615,1242600,-,181.917176,192.857381,194.827820,188.207172,716262.00
07/06/2018,194.190002,197.839996,194.160004,197.320007,189.551117,380300,-,181.747287,192.758474,195.228402,188.904587,708922.00
07/05/2018,195.679993,196.669998,194.520004,195.990005,188.273453,540800,-,181.600755,192.617401,195.720242,189.569339,717922.00
07/03/2018,193.440002,194.899994,191.270004,191.470001,183.931412,434600,-,181.454422,192.547397,196.566556,190.482896,730058.00
07/02/2018,193.619995,195.380005,189.809998,195.250000,187.562592,1963200,-,181.307994,192.512243,197.423917,191.895979,737530.00
06/29/2018,198.020004,199.539993,197.600006,197.970001,190.175491,894300,-,181.138744,192.436841,197.840350,193.418576,732850.00
06/28/2018,190.690002,193.660004,190.039993,193.580002,185.958328,887500,-,180.949955,192.348792,198.041603,195.037236,767442.00
06/27/2018,199.740005,200.389999,193.729996,193.899994,186.265747,663000,-,180.788346,192.558759,198.189060,197.180399,783704.00
06/26/2018,198.720001,199.289993,197.250000,197.970001,190.175491,1106500,-,180.632008,192.884076,198.342760,199.087245,795104.00
06/25/2018,201.360001,201.490005,195.789993,196.649994,188.907471,1060000,-,180.441553,193.016936,198.228927,200.179480,789546.00
06/22/2018,207.029999,207.619995,204.100006,206.369995,198.244766,730900,-,180.262865,193.155160,198.442667,201.448468,778866.00
06/21/2018,206.839996,206.949997,203.520004,204.240005,196.198639,893400,-,180.016637,193.117874,198.176573,201.552217,785138.00
06/20/2018,205.589996,206.559998,204.419998,205.500000,197.409027,542300,-,179.772690,193.108370,197.982526,201.871146,784380.00
06/19/2018,203.759995,206.440002,201.779999,206.179993,198.062241,749300,-,179.534450,193.074659,197.840353,202.650215,791250.00
06/18/2018,209.839996,211.289993,208.550003,211.100006,202.788559,599700,-,179.288326,192.894195,197.664079,202.951855,791746.00
06/15/2018,215.000000,215.500000,213.809998,214.820007,206.362091,821300,-,179.011429,192.544934,197.003165,202.262123,796510.00
06/14/2018,215.089996,216.899994,214.610001,215.889999,207.389954,710700,-,178.718283,192.201330,196.405653,201.045970,797308.00
06/13/2018,213.320007,215.509995,212.610001,213.750000,205.334213,998900,-,178.415094,191.829170,195.780765,199.197722,817192.00
06/12/2018,208.679993,210.160004,207.330002,209.339996,201.097839,363900,-,178.122659,191.520406,195.116971,197.598276,820526.00
06/11/2018,209.759995,210.759995,209.229996,209.860001,201.597351,528100,-,177.847741,191.174870,194.761539,196.278374,827352.00
06/08/2018,207.399994,208.279999,205.289993,207.449997,199.282257,837500,-,177.570087,190.924275,194.230312,195.436865,840654.00
06/07/2018,211.050003,211.330002,205.910004,207.559998,199.387924,923400,-,177.308627,190.643235,193.923871,194.800929,879436.00
06/06/2018,210.100006,213.809998,209.190002,213.610001,205.199722,569900,-,177.033402,190.469775,193.462289,194.093907,874606.00
06/05/2018,208.630005,209.839996,207.470001,209.320007,201.078644,611000,-,176.732309,190.316433,192.514149,193.030490,878744.00
06/04/2018,203.559998,204.149994,202.339996,203.919998,195.891235,441300,-,176.444156,190.086686,191.820574,192.376302,889504.00
06/01/2018,200.389999,202.240005,198.800003,202.160004,194.200562,518000,-,176.196318,190.067524,191.416631,191.744208,900844.00
05/31/2018,198.369995,198.860001,194.809998,196.649994,188.907471,785700,-,175.951172,190.253761,190.964654,191.765337,899792.00
05/30/2018,197.000000,198.649994,196.110001,197.100006,189.339752,583200,-,175.733207,190.524340,190.661577,192.363808,899886.00
05/29/2018,196.009995,198.580002,194.460007,195.600006,187.898819,654000,-,175.506319,190.789130,190.389719,192.635666,909488.00
05/25/2018,199.460007,201.250000,198.800003,201.100006,193.182266,309800,-,175.281827,191.107686,190.046293,193.244704,912848.00
05/24/2018,200.360001,201.080002,198.630005,200.830002,192.922897,325300,-,175.047010,191.327810,189.597199,193.023758,920662.00
05/23/2018,198.119995,200.199997,197.649994,200.199997,192.317703,719300,-,174.811443,191.497704,189.267319,193.046812,928824.00
05/22/2018,202.990005,203.630005,201.550003,202.539993,194.565552,463600,-,174.585043,191.612857,188.776308,192.830672,927576.00
05/21/2018,202.320007,202.889999,200.910004,202.509995,194.536758,1089000,-,174.340358,191.745517,188.286691,191.997809,934080.00
05/18/2018,200.789993,201.149994,196.679993,197.339996,189.570297,1002100,-,174.092151,191.842761,187.668540,191.264847,925202.00
05/17/2018,203.490005,204.160004,201.220001,202.380005,194.411850,524400,-,173.863301,191.955731,187.379649,191.089055,914322.00
05/16/2018,200.960007,202.970001,200.820007,202.880005,194.892181,490900,-,173.609767,191.991485,186.947709,190.163971,930000.00
05/15/2018,201.089996,201.259995,197.639999,199.929993,192.058334,569700,-,173.351023,191.956501,187.025932,188.959346,950958.00
05/14/2018,201.419998,203.669998,201.300003,201.940002,193.989197,406800,-,173.116922,191.892688,187.549597,188.143771,954178.00
05/11/2018,199.880005,200.610001,198.289993,198.800003,190.972809,405000,-,172.876547,191.699228,187.691061,186.847882,959962.00
05/10/2018,199.330002,201.119995,199.000000,201.070007,193.153442,414200,-,172.657396,191.534863,187.933354,186.170641,969900.00
05/09/2018,194.869995,198.089996,194.639999,197.949997,190.156296,518200,-,172.418771,191.392777,188.094706,185.487827,974090.00
05/08/2018,192.750000,194.380005,192.139999,193.869995,186.236923,843800,-,172.199941,191.349675,188.373064,184.721944,980948.00
05/07/2018,194.839996,195.550003,194.000000,194.880005,187.207138,570300,-,172.003327,191.449709,188.847390,184.575574,987516.00
05/04/2018,191.250000,196.300003,190.740005,195.509995,187.812378,788000,-,171.799623,191.453783,188.938986,184.072234,990944.00
05/03/2018,192.520004,193.800003,189.949997,192.750000,185.161011,1588200,-,171.577706,191.378526,188.814643,183.670242,991114.00
05/02/2018,191.210007,192.190002,189.970001,190.339996,182.845932,509500,-,171.333910,191.377626,189.015686,183.731447,973418.00
05/01/2018,188.500000,191.759995,187.979996,191.440002,183.902588,484200,-,171.087264,191.444167,189.312488,185.092519,978508.00
04/30/2018,189.619995,190.210007,187.630005,188.449997,181.030304,645900,-,170.833905,191.426920,189.612159,186.955423,983600.00
04/27/2018,194.479996,194.649994,191.179993,191.750000,184.200394,1109600,-,170.580293,191.517965,189.751694,188.534239,993200.00
04/26/2018,193.940002,195.979996,193.300003,195.679993,186.325302,875600,-,170.311734,191.477813,189.995055,189.696068,989620.00
04/25/2018,193.649994,193.830002,190.320007,191.660004,182.497467,830300,-,170.026742,191.278996,189.940304,190.701585,982034.00
04/24/2018,196.020004,197.070007,191.669998,194.050003,184.773224,1147600,-,169.756081,191.177682,190.351176,192.024184,996696.00
04/23/2018,194.440002,195.279999,190.649994,191.320007,182.173737,808200,-,169.464900,190.980007,190.989146,193.119206,1015162.00
04/20/2018,194.830002,195.990005,192.300003,193.020004,183.792465,1729200,-,169.178766,190.762526,191.360025,193.805739,1034342.00
04/19/2018,203.509995,203.619995,194.190002,195.100006,185.773056,2623900,-,168.885776,190.650739,191.917059,193.959044,1025268.00
04/18/2018,208.750000,208.750000,203.000000,206.320007,196.456650,1700600,-,168.574266,190.631885,192.804026,194.299925,1030414.00
04/17/2018,208.479996,213.350006,207.839996,212.699997,202.531631,1233000,-,168.212384,190.257863,193.103014,193.532457,1014654.00
04/16/2018,207.639999,207.970001,205.559998,206.699997,196.818466,828600,-,167.816748,189.912598,193.105395,192.268895,1008340.00
04/13/2018,205.830002,207.149994,204.830002,205.649994,195.818680,526000,-,167.475339,189.812047,193.455803,190.969150,1006598.00
04/12/2018,205.869995,207.320007,205.070007,206.240005,196.380478,1044500,-,167.126455,189.760819,193.874292,190.294043,1010114.00
04/11/2018,204.139999,206.699997,203.880005,205.550003,195.723450,855500,-,166.781475,189.646365,194.126147,189.179022,1004122.00
04/10/2018,204.419998,207.070007,202.000000,205.550003,195.723450,885800,-,166.443875,189.617228,194.243743,188.678168,1008302.00
04/09/2018,198.009995,202.570007,196.889999,198.529999,189.039062,774100,-,166.084279,189.635510,194.517499,188.859085,1011970.00
04/06/2018,197.490005,199.279999,194.009995,194.630005,185.325516,837900,-,165.760056,189.679311,195.035493,188.914311,1024092.00
04/05/2018,199.440002,200.929993,197.270004,198.679993,189.181870,861200,-,165.445166,189.824425,195.530157,189.875073,1020730.00
04/04/2018,191.660004,198.309998,191.490005,198.259995,188.781967,1704900,-,165.125086,189.952971,195.881041,191.308127,1014704.00
04/03/2018,197.600006,200.089996,196.399994,199.429993,189.896011,1165600,-,164.798341,190.091610,196.099093,192.673570,1000652.00
04/02/2018,197.470001,199.160004,190.630005,193.050003,183.821014,705200,-,164.456265,190.207589,196.047676,193.941895,999798.00
03/29/2018,195.850006,200.419998,194.830002,198.559998,189.067612,1193200,-,164.156800,190.403931,196.072435,195.942456,1058064.00
03/28/2018,197.490005,199.160004,193.179993,194.529999,185.230270,2776600,-,163.839577,190.415739,195.756783,197.454541,1087264.00
03/27/2018,207.179993,207.919998,198.880005,200.289993,190.714905,681900,-,163.527971,190.260531,195.797726,199.073271,1062110.00
03/26/2018,205.009995,207.529999,202.089996,207.449997,197.532623,776800,-,163.193466,189.890699,195.662041,199.809319,1062678.00
03/23/2018,205.520004,206.270004,199.029999,199.110001,189.591324,1149000,-,162.848581,189.340331,195.347340,200.175912,1063780.00
03/22/2018,210.080002,212.020004,204.460007,204.720001,194.933136,1008300,-,162.538547,188.989924,195.238315,201.156674,1054174.00
03/21/2018,213.089996,216.000000,212.350006,213.729996,203.512405,465400,-,162.195281,188.573244,194.694136,201.185242,1051094.00
03/20/2018,210.550003,214.300003,210.479996,212.600006,202.436401,790400,-,161.811690,188.003832,193.774316,200.453955,1057064.00
03/19/2018,214.000000,214.100006,210.029999,212.750000,202.579254,1063300,-,161.440810,187.437658,192.961144,199.524615,1051578.00
03/16/2018,213.539993,214.580002,212.559998,214.059998,203.826630,822000,-,161.064979,186.828254,191.984193,198.153458,1048624.00
03/15/2018,214.300003,215.479996,212.750000,214.440002,204.188461,700500,-,160.674247,186.162099,191.071991,196.202414,1053268.00
03/14/2018,212.350006,212.470001,209.289993,211.529999,201.417572,733400,-,160.288465,185.462998,189.972208,194.059024,1055630.00
03/13/2018,212.770004,213.600006,207.119995,208.020004,198.075378,656900,-,159.920300,184.744854,188.720551,192.522182,1044850.00
03/12/2018,210.899994,212.750000,210.320007,211.300003,201.198563,788800,-,159.572130,184.100790,187.688371,191.514763,1039754.00
03/09/2018,207.399994,209.889999,206.929993,209.410004,199.398941,645100,-,159.201679,183.391215,186.372916,190.518768,1030674.00
03/08/2018,206.949997,207.229996,204.300003,205.020004,195.218811,458100,-,158.842226,182.699541,184.967953,189.319955,1023400.00
03/07/2018,204.380005,206.419998,202.839996,206.050003,196.199539,1308300,-,158.505101,182.132033,184.117168,188.203030,1019956.00
03/06/2018,200.029999,203.389999,199.289993,202.839996,193.143005,1538800,-,158.166120,181.531961,183.548709,187.094678,1001658.00
03/05/2018,194.720001,199.589996,194.380005,198.350006,188.867676,730700,-,157.838375,181.005017,182.779337,186.397673,981450.00
03/02/2018,190.500000,193.880005,189.089996,193.570007,184.316193,696000,-,157.526341,180.599001,182.599371,185.814929,981010.00
03/01/2018,193.160004,194.910004,189.029999,191.929993,182.754562,901900,-,157.258251,180.271446,182.973106,185.941568,991248.00
02/28/2018,198.220001,198.740005,195.000000,195.389999,186.049149,623700,-,156.990732,179.926180,183.498243,185.885391,1035580.00
02/27/2018,198.979996,200.529999,197.440002,197.440002,188.001190,861100,-,156.705312,179.479030,183.728675,184.918919,1041816.00
02/26/2018,200.100006,201.000000,198.360001,200.839996,191.238617,1172200,-,156.404038,179.020453,184.041946,183.861980,1041172.00
02/23/2018,193.949997,197.089996,193.660004,196.820007,187.410812,741700,-,156.084863,178.474275,184.311892,182.227065,1040314.00
02/22/2018,195.729996,196.029999,192.520004,193.289993,184.049561,796500,-,155.790349,178.061214,184.502807,180.615952,1056912.00
02/21/2018,196.740005,197.979996,194.270004,194.410004,185.116013,703400,-,155.504596,177.655388,184.929390,180.031305,1050722.00
02/20/2018,191.990005,197.389999,191.970001,195.520004,186.172958,764000,-,155.225746,177.231853,185.454047,180.002740,1056448.00
02/16/2018,192.860001,195.300003,192.050003,192.229996,183.040237,738800,-,154.937897,176.758612,185.931097,179.161000,1058558.00
02/15/2018,193.210007,195.199997,190.970001,194.899994,185.582581,1125900,-,154.661475,176.344789,186.563831,179.383812,1058538.00
02/14/2018,183.710007,192.080002,183.550003,191.339996,182.192795,930600,-,154.376246,175.857837,186.966608,180.004645,1064944.00
02/13/2018,185.279999,186.240005,183.830002,185.240005,176.384430,496300,-,154.097824,175.497717,187.339868,181.111095,1069198.00
02/12/2018,183.330002,187.389999,183.070007,186.339996,177.431793,1563400,-,153.843636,175.312610,187.394142,182.538431,1090964.00
02/09/2018,182.070007,184.910004,175.880005,183.669998,174.889465,2070900,-,153.583225,175.047901,187.133718,184.221912,1110592.00
02/08/2018,186.880005,187.369995,178.199997,179.899994,171.299683,1767200,-,153.333216,175.059708,186.889956,186.396719,1084928.00
02/07/2018,191.100006,191.600006,187.000000,187.149994,178.203094,1275500,-,153.109548,175.151499,186.928520,188.389662,1066862.00
02/06/2018,186.690002,194.289993,185.839996,194.110001,184.830368,2881200,-,152.847685,175.136645,186.723322,189.827475,1047580.00
02/05/2018,193.339996,196.570007,186.559998,186.679993,177.755554,912600,-,152.536516,174.925067,186.233894,190.905354,1000488.00
02/02/2018,199.339996,199.500000,194.470001,194.570007,185.268356,917300,-,152.260815,174.900120,186.052502,192.701193,999154.00
02/01/2018,202.080002,203.399994,200.410004,201.419998,191.790909,741500,-,151.932654,174.651787,185.394536,193.743849,1000742.00
01/31/2018,202.389999,203.660004,202.000000,202.960007,193.257294,701800,-,151.589605,174.250152,184.330935,193.928572,996986.00
01/30/2018,202.860001,203.419998,200.029999,200.229996,190.657791,744900,-,151.236962,173.846993,183.129741,193.568642,1020024.00
01/29/2018,204.339996,204.589996,201.929993,204.020004,194.266602,1064500,-,150.888877,173.421933,181.872370,192.249854,1015014.00
01/26/2018,204.039993,206.669998,203.729996,206.509995,196.637543,1069200,-,150.525719,172.970974,180.452649,190.045525,1001380.00
01/25/2018,207.139999,208.580002,200.649994,200.830002,191.229111,1380200,-,150.154477,172.444221,178.906762,187.383192,988302.00
01/24/2018,203.509995,204.009995,200.470001,202.250000,192.581223,669800,-,149.810748,172.039919,177.586068,185.467378,974538.00
01/23/2018,204.419998,205.919998,204.050003,205.429993,195.609161,559900,-,149.466247,171.578296,176.299178,183.619170,974844.00
01/22/2018,204.500000,205.539993,203.300003,205.539993,195.713943,1002300,-,149.105662,171.122767,174.828516,181.562434,977190.00
01/19/2018,205.220001,206.029999,203.169998,205.520004,195.694916,1122900,-,148.744789,170.703421,173.382609,179.403810,969378.00
01/18/2018,202.179993,205.580002,201.809998,203.360001,193.638138,3618500,-,148.392073,170.311116,172.026207,177.045222,956984.00
01/17/2018,194.990005,201.199997,194.759995,199.179993,189.657990,2653200,-,148.047001,169.953473,170.741222,174.733298,894016.00
01/16/2018,187.699997,188.500000,185.259995,186.380005,177.469910,1518900,-,147.724752,169.631060,169.532887,172.690840,852026.00
01/12/2018,181.110001,181.470001,179.940002,180.869995,172.223312,710300,-,147.462642,169.536222,168.843974,171.494887,840486.00
01/11/2018,180.080002,180.229996,177.910004,178.550003,170.014221,831900,-,147.228086,169.533936,168.486425,170.859773,836808.00
01/10/2018,181.389999,181.550003,179.330002,180.710007,172.070969,668700,-,147.008723,169.522129,168.182199,170.430331,845536.00
01/09/2018,184.070007,184.169998,181.240005,182.839996,174.099136,854300,-,146.773938,169.488230,167.916538,169.704758,846238.00
01/08/2018,183.190002,184.460007,182.809998,183.830002,175.041809,763900,-,146.526843,169.392630,167.399496,168.979185,837706.00
01/05/2018,180.839996,183.449997,180.750000,182.869995,174.127701,516100,-,146.260799,169.269417,166.844367,168.094597,833628.00
01/04/2018,180.490005,181.770004,179.399994,180.750000,172.109039,915600,-,145.997910,169.184862,166.263529,167.361407,835594.00
01/03/2018,177.729996,179.580002,177.679993,179.080002,170.518890,1054200,-,145.732859,169.133824,165.775529,167.007191,842096.00
01/02/2018,174.139999,177.839996,173.979996,177.729996,169.233414,818600,-,145.484950,169.060315,165.311336,166.749146,842838.00
12/29/2017,174.610001,174.869995,173.720001,173.820007,165.510376,194400,-,145.241725,169.027750,165.059004,166.374933,848868.00
12/28/2017,174.110001,174.710007,173.660004,174.199997,165.872177,402100,-,145.009054,168.987947,165.139941,166.193062,899298.00
12/27/2017,173.199997,174.690002,172.919998,174.039993,165.719803,334800,-,144.774008,169.028701,165.056147,166.113077,912362.00
12/26/2017,173.649994,173.699997,171.380005,173.089996,164.815231,281400,-,144.529918,169.077263,165.544148,165.934067,920530.00
12/22/2017,174.259995,175.389999,173.710007,175.220001,166.843414,285900,-,144.291294,169.138394,166.097849,166.128319,931090.00
12/21/2017,175.729996,175.970001,174.050003,174.539993,166.195923,393400,-,144.046348,169.107733,166.628697,165.819807,951412.00
12/20/2017,177.059998,177.490005,174.559998,175.169998,166.795807,528400,-,143.786961,169.076501,167.031475,165.594138,960726.00
12/19/2017,176.139999,177.490005,175.610001,177.029999,168.566879,708700,-,143.522217,169.000516,167.517094,165.165651,960602.00
12/18/2017,175.470001,177.050003,174.960007,176.369995,167.938431,1207900,-,143.244988,168.869304,167.731337,164.543867,953484.00
12/15/2017,171.929993,174.139999,170.850006,173.800003,165.491287,3118500,-,142.978539,168.737330,167.919872,163.873526,953810.00
12/14/2017,173.399994,174.369995,171.610001,171.910004,163.691666,935500,-,142.730830,168.636779,168.300275,163.743076,899886.00
12/13/2017,173.350006,174.539993,172.380005,173.360001,165.072327,828900,-,142.485473,168.623067,168.585932,164.086819,898400.00
12/12/2017,173.300003,173.580002,171.800003,172.160004,163.929703,1129300,-,142.242170,168.567840,168.918249,163.999217,890910.00
12/11/2017,172.529999,175.410004,172.259995,175.130005,166.757751,1571600,-,141.996188,168.540035,169.236757,165.154230,880038.00
12/08/2017,173.830002,174.539993,171.770004,171.979996,163.758301,487000,-,141.741770,168.465192,169.449571,166.067380,882148.00
12/07/2017,170.429993,172.830002,170.429993,172.169998,163.939224,989700,-,141.500605,168.436817,169.736658,167.437587,901962.00
12/06/2017,169.279999,171.350006,168.300003,170.669998,162.510941,869500,-,141.264429,168.337217,170.181333,168.468813,907240.00
12/05/2017,169.539993,172.979996,168.699997,170.500000,162.349045,737800,-,141.035629,168.188485,170.793118,169.868536,913464.00
12/04/2017,175.190002,175.309998,168.350006,169.330002,161.235016,1446200,-,140.825364,168.026803,171.479650,170.918806,915696.00
12/01/2017,174.009995,174.220001,171.210007,172.429993,164.186783,1143300,-,140.617323,167.962624,172.205698,171.966219,892844.00
11/30/2017,175.860001,176.550003,173.779999,175.520004,167.129105,1584600,-,140.396360,167.835792,172.673226,172.857474,891298.00
11/29/2017,182.470001,182.520004,172.089996,172.440002,164.196304,2544800,-,140.160640,167.639068,172.953171,173.085045,879410.00
11/28/2017,184.869995,185.050003,183.470001,184.289993,175.479828,787700,-,139.934822,167.560036,173.348808,173.837280,848370.00
11/27/2017,185.830002,185.940002,184.550003,184.720001,175.889252,863900,-,139.653764,167.230577,173.046008,173.319284,858496.00
11/24/2017,185.509995,186.369995,185.369995,186.369995,177.460373,311400,-,139.362882,166.805708,172.770347,172.831763,853864.00
11/22/2017,184.889999,185.190002,182.350006,183.000000,174.251480,526600,-,139.062588,166.330753,172.363285,172.035728,858146.00
11/21/2017,182.669998,185.449997,182.669998,185.369995,176.508179,845900,-,138.776311,165.894077,172.094768,171.893854,859880.00
11/20/2017,179.940002,182.360001,179.789993,181.529999,172.851746,996700,-,138.474838,165.436643,171.764357,171.717699,851750.00
11/17/2017,181.270004,181.369995,179.770004,180.330002,171.709137,553700,-,138.186792,165.079571,171.599628,172.040494,845780.00
11/16/2017,179.669998,181.919998,179.500000,181.789993,173.099335,1853700,-,137.908136,164.687076,171.356342,172.445177,847894.00
11/15/2017,177.839996,178.690002,176.550003,177.910004,169.404816,494400,-,137.621256,164.288488,171.081633,172.488979,831376.00
11/14/2017,179.899994,180.479996,178.649994,180.339996,171.718658,382800,-,137.346107,163.880378,170.787405,172.821297,831416.00
11/13/2017,178.009995,179.179993,177.789993,178.850006,170.299866,415300,-,137.059813,163.394187,170.596965,172.860335,833628.00
11/10/2017,178.710007,179.699997,178.190002,179.600006,171.014038,692000,-,136.782075,162.983411,170.489368,172.772733,840116.00
11/09/2017,178.479996,178.979996,176.220001,178.009995,169.500031,685100,-,136.501049,162.539879,170.332255,172.708931,842024.00
11/08/2017,182.050003,182.789993,181.169998,181.509995,172.832733,677200,-,136.224576,162.098061,170.122772,172.690842,845006.00
11/07/2017,183.119995,183.979996,183.070007,183.520004,174.746628,611700,-,135.939217,161.596064,169.712852,172.295682,842972.00
11/06/2017,183.979996,185.389999,182.929993,184.919998,176.079697,503200,-,135.643205,161.036174,169.125347,171.811015,835966.00
11/03/2017,183.550003,184.649994,182.589996,184.580002,175.755966,470100,-,135.338736,160.451526,168.421676,171.158762,836608.00
11/02/2017,181.339996,182.440002,180.889999,182.250000,173.537354,553700,-,135.035320,159.858690,167.700864,170.267506,835210.00
11/01/2017,182.679993,182.979996,179.539993,181.399994,172.727997,941900,-,134.742102,159.309274,167.047183,169.674287,834782.00
10/31/2017,179.660004,180.970001,179.630005,180.750000,172.109039,526400,-,134.458163,158.794518,166.561087,168.753514,832726.00
10/30/2017,178.289993,178.839996,177.289993,177.929993,169.423843,1268300,-,134.144037,158.239199,166.071183,168.333595,833450.00
10/27/2017,178.250000,179.259995,177.130005,178.929993,170.376022,703800,-,133.840461,157.750343,165.726965,168.206003,821860.00
10/26/2017,177.529999,178.539993,176.869995,177.820007,169.319138,427700,-,133.529625,157.211783,165.358942,167.955579,817504.00
10/25/2017,178.500000,178.979996,175.720001,177.360001,168.881134,560000,-,133.217993,156.751872,165.009963,167.554703,819328.00
10/24/2017,177.809998,178.490005,177.250000,178.429993,169.899963,614400,-,132.904638,156.277679,164.513869,167.130022,815664.00
10/23/2017,177.949997,179.279999,177.289993,178.070007,169.557159,1240700,-,132.585435,155.785966,163.772587,166.439679,814428.00
10/20/2017,176.009995,176.220001,174.690002,175.220001,166.843414,1091300,-,132.261487,155.274066,163.007976,165.684590,797952.00
10/19/2017,174.029999,176.289993,173.419998,176.020004,167.605164,1120100,-,131.951674,154.797207,162.567110,165.134222,793022.00
10/18/2017,175.839996,175.970001,168.619995,171.729996,163.520264,2715900,-,131.631829,154.369482,162.079111,164.420079,781562.00
10/17/2017,176.009995,176.690002,174.490005,176.339996,167.909851,1055300,-,131.334907,154.015266,161.767743,164.368660,737058.00
10/16/2017,175.809998,176.600006,175.410004,176.589996,168.147919,743200,-,131.024287,153.597824,161.384485,163.808771,725472.00
10/13/2017,176.570007,176.869995,175.580002,176.300003,167.871780,809400,-,130.707574,153.147437,160.927432,163.247928,720432.00
10/12/2017,172.059998,174.889999,171.949997,173.610001,165.310379,1302000,-,130.390451,152.687908,160.266133,162.762306,722724.00
10/11/2017,171.360001,173.059998,171.080002,172.899994,164.634323,859100,-,130.089575,152.257707,159.686246,162.465224,713788.00
10/10/2017,170.270004,171.179993,168.919998,171.179993,162.996536,522200,-,129.788403,151.839123,159.075415,161.897717,704438.00
10/09/2017,169.460007,170.649994,169.300003,170.139999,162.006271,352800,-,129.491885,151.442058,158.607412,161.105495,711356.00
10/06/2017,168.000000,170.919998,167.699997,169.440002,161.339737,1224200,-,129.200647,151.106695,158.257005,160.331361,715082.00
10/05/2017,169.550003,169.820007,167.860001,168.520004,160.463730,422300,-,128.911140,150.798185,157.794238,159.999997,710986.00
10/04/2017,169.970001,171.429993,169.520004,171.190002,163.006073,861200,-,128.628416,150.531761,157.429547,159.738142,717916.00
10/03/2017,170.460007,170.630005,169.559998,170.460007,162.310959,454400,-,128.314219,150.180211,156.729208,159.166826,720184.00
10/02/2017,170.389999,171.759995,169.779999,170.699997,162.539490,585700,-,127.997793,149.861798,155.984117,158.960199,736538.00
09/29/2017,170.100006,171.529999,169.619995,171.199997,163.015564,1677100,-,127.673624,149.549288,155.345195,158.606937,743592.00
09/28/2017,168.270004,171.000000,168.139999,170.490005,162.339554,1477700,-,127.351837,149.218306,154.636288,157.769960,769480.00
09/27/2017,163.199997,167.899994,163.070007,166.940002,158.959259,1253600,-,127.025227,148.840094,153.889767,156.907269,790502.00
09/26/2017,161.679993,162.919998,160.949997,162.860001,155.074310,1180700,-,126.714387,148.388944,153.328449,156.253113,790474.00
09/25/2017,164.880005,165.190002,161.149994,162.009995,154.264938,849400,-,126.425093,147.957791,152.912340,156.109329,784258.00
09/22/2017,165.199997,166.449997,165.080002,165.960007,158.026093,303600,-,126.141920,147.537111,152.541460,156.182648,790564.00
09/21/2017,165.529999,166.100006,164.169998,165.770004,157.845184,1066000,-,125.835981,146.982744,151.945863,155.588480,794178.00
09/20/2017,167.919998,168.000000,163.729996,165.190002,157.292908,990200,-,125.531937,146.435613,151.356931,155.120952,789684.00
09/19/2017,168.639999,168.690002,167.669998,168.289993,160.244690,992800,-,125.215852,145.876294,150.841795,154.291591,791898.00
09/18/2017,164.809998,167.210007,164.669998,166.990005,159.006866,1294000,-,124.885998,145.238706,150.046716,153.008035,780836.00
09/15/2017,163.039993,163.130005,162.149994,162.410004,154.645798,632300,-,124.577136,144.589310,149.345424,152.083453,766730.00
09/14/2017,160.699997,161.889999,160.289993,161.429993,153.712646,525500,-,124.293190,143.995331,148.785534,151.502617,770724.00
09/13/2017,160.600006,161.000000,160.000000,160.070007,152.417694,613300,-,124.013156,143.424967,148.416083,150.872266,776138.00
09/12/2017,161.869995,162.100006,160.860001,161.350006,153.636475,439400,-,123.742001,142.846033,148.053773,150.403786,772430.00
09/11/2017,161.110001,162.880005,160.940002,162.779999,154.998123,698200,-,123.469277,142.254911,147.637664,149.715350,781632.00
09/08/2017,160.250000,161.100006,159.089996,159.720001,152.084412,659400,-,123.190782,141.623035,147.085867,148.900272,807438.00
09/07/2017,159.009995,160.940002,158.320007,160.860001,153.169907,1027800,-,122.925772,141.152079,146.631669,148.303246,809728.00
09/06/2017,156.309998,157.279999,155.880005,156.479996,148.999298,496400,-,122.652977,140.609520,146.284117,147.592909,824844.00
09/05/2017,155.910004,156.460007,153.470001,154.809998,147.409134,493400,-,122.391465,140.177224,146.124626,147.391998,834484.00
09/01/2017,157.160004,157.570007,156.380005,157.279999,149.761047,739700,-,122.129136,139.793109,146.106059,147.085396,850138.00
08/31/2017,154.919998,156.669998,154.589996,156.309998,148.837433,787400,-,121.851842,139.273973,145.899433,146.607394,848552.00
08/30/2017,153.839996,155.300003,153.419998,154.809998,147.409134,834200,-,121.575300,138.781117,145.702328,146.068451,847016.00
08/29/2017,153.630005,155.529999,153.500000,155.149994,147.732895,575500,-,121.310849,138.279882,145.521889,145.959900,842414.00
08/28/2017,153.669998,154.360001,153.389999,154.119995,146.752121,261400,-,121.050201,137.828542,145.320499,145.703760,838664.00
08/25/2017,153.740005,154.800003,153.550003,154.220001,146.847336,535300,-,120.805158,137.362158,145.140058,145.559978,851942.00
08/24/2017,153.289993,153.899994,152.710007,153.449997,146.114151,400200,-,120.565013,136.854829,145.059598,145.271461,872270.00
08/23/2017,153.899994,154.199997,153.130005,153.399994,146.066544,532300,-,120.328251,136.411106,145.049602,144.960092,881420.00
08/22/2017,151.899994,154.809998,151.869995,154.369995,146.990189,839100,-,120.081073,136.002234,145.103400,144.975325,898252.00
08/21/2017,152.160004,152.300003,150.940002,151.589996,144.343109,562600,-,119.825930,135.520614,145.025320,144.857254,920298.00
08/18/2017,152.000000,152.610001,150.979996,152.259995,144.981033,688800,-,119.594629,135.110027,145.127679,145.126721,933124.00
08/17/2017,152.860001,153.190002,150.600006,150.649994,143.447998,486000,-,119.359478,134.781521,145.224329,145.191472,925596.00
08/16/2017,152.199997,154.130005,152.039993,153.669998,146.323624,518900,-,119.140148,134.464250,145.375251,145.336206,924144.00
08/15/2017,151.449997,152.630005,151.339996,152.460007,145.171494,376800,-,118.905686,134.063377,145.230518,145.083878,926056.00
08/14/2017,150.860001,153.300003,150.839996,152.610001,145.314301,552600,-,118.670338,133.695830,144.792031,144.937238,928910.00
08/11/2017,149.389999,151.339996,148.949997,151.190002,143.962173,416900,-,118.433332,133.354755,144.202148,144.720139,924544.00
08/10/2017,152.460007,152.500000,150.089996,150.179993,143.000458,844800,-,118.206340,133.023773,143.665587,144.847734,930354.00
08/09/2017,152.660004,153.729996,152.350006,153.559998,146.218872,547100,-,117.987645,132.677365,143.030951,145.139111,942178.00
08/08/2017,154.479996,155.199997,152.910004,153.130005,145.809479,490700,-,117.752764,132.293632,142.244439,145.231476,951640.00
08/07/2017,153.350006,154.660004,153.339996,154.419998,147.037781,476000,-,117.512010,131.933130,141.420314,145.193385,956462.00
08/04/2017,152.610001,153.059998,151.949997,152.940002,145.628540,491200,-,117.267519,131.561204,140.486688,145.128638,956094.00
08/03/2017,152.660004,152.830002,151.460007,152.169998,144.895340,924000,-,117.021776,131.190800,139.532114,145.257185,965030.00
08/02/2017,152.570007,152.889999,150.309998,151.020004,143.800339,855200,-,116.774185,130.843059,138.534691,145.414296,960294.00
08/01/2017,151.949997,152.100006,150.570007,150.919998,143.705093,391600,-,116.531879,130.522932,137.604396,145.377159,954166.00
07/31/2017,151.740005,152.339996,149.910004,150.330002,143.143311,868100,-,116.286609,130.216897,136.592691,144.646825,958718.00
07/28/2017,151.699997,152.880005,151.649994,152.529999,145.238129,539100,-,116.054471,129.905910,135.639544,143.684157,955146.00
07/27/2017,154.899994,155.729996,151.479996,153.240005,145.914230,1019400,-,115.812473,129.530365,134.547854,142.483440,957278.00
07/26/2017,153.000000,154.699997,152.910004,154.529999,147.142517,768800,-,115.587270,129.226043,133.678974,140.922791,951472.00
07/25/2017,154.350006,154.380005,152.559998,152.729996,145.428574,974600,-,115.353051,128.868209,132.623944,139.257402,947646.00
07/24/2017,153.880005,154.500000,153.059998,153.740005,146.390305,1272100,-,115.138526,128.538940,131.721740,137.647243,937020.00
07/21/2017,153.089996,154.350006,152.649994,154.289993,146.914017,938400,-,114.919523,128.166061,130.812394,135.844739,924376.00
07/20/2017,152.240005,154.350006,151.360001,153.820007,146.466446,2971500,-,114.698608,127.775852,129.656906,133.807043,919686.00
07/19/2017,148.619995,150.820007,147.960007,150.630005,143.428970,2528800,-,114.479790,127.416685,128.543316,131.655086,869020.00
07/18/2017,141.279999,143.380005,141.130005,143.250000,136.401749,1252200,-,114.279223,127.086083,127.489237,129.831634,837600.00
07/17/2017,140.419998,140.789993,139.100006,140.220001,133.516632,869900,-,114.109786,126.944969,126.927444,128.538557,822176.00
07/14/2017,138.039993,140.050003,137.889999,139.919998,133.230957,1164700,-,113.960101,126.846702,126.423258,127.594931,822206.00
07/13/2017,136.759995,137.570007,136.369995,136.850006,130.307739,484300,-,113.810713,126.737200,125.835755,126.612268,819078.00
07/12/2017,136.610001,137.550003,136.279999,137.039993,130.488632,841300,-,113.671934,126.701778,125.516769,126.435158,826406.00
07/11/2017,133.699997,136.059998,133.669998,135.820007,129.326981,1100900,-,113.531308,126.622175,125.273483,125.990487,814864.00
07/10/2017,134.000000,135.050003,133.509995,134.809998,128.365265,439700,-,113.397527,126.546571,124.952594,125.796237,807914.00
07/07/2017,131.830002,133.539993,131.830002,132.889999,126.537056,588700,-,113.258749,126.486259,124.725019,125.780049,808182.00
07/06/2017,130.789993,131.770004,130.100006,131.220001,124.946877,832000,-,113.120486,126.453271,124.825951,125.506770,809080.00
07/05/2017,129.490005,131.570007,129.440002,131.479996,125.194450,796200,-,112.982913,126.485652,124.957832,125.431547,806066.00
07/03/2017,131.100006,131.339996,129.330002,129.669998,123.470978,427900,-,112.838729,126.498373,125.012107,125.146841,803844.00
06/30/2017,131.110001,131.479996,129.880005,130.309998,124.080376,899500,-,112.709950,126.480885,125.178267,125.316332,821262.00
06/29/2017,132.669998,133.179993,128.350006,129.600006,123.404327,1988500,-,112.570299,126.451587,125.387273,125.251585,848462.00
06/28/2017,133.220001,135.279999,132.500000,134.990005,128.536636,773900,-,112.432896,126.376222,125.587711,125.059241,875800.00
06/27/2017,134.720001,134.899994,132.289993,132.369995,126.041924,1783600,-,112.276432,126.269113,125.444883,124.598380,878636.00
06/26/2017,135.809998,136.070007,133.660004,133.779999,127.384483,978400,-,112.125700,126.202846,125.494397,124.556480,849660.00
06/23/2017,132.940002,135.419998,132.899994,134.639999,128.203384,1276100,-,111.979428,126.075975,125.514394,124.108950,841604.00
06/22/2017,130.279999,130.789993,129.679993,130.020004,123.804260,660400,-,111.839668,125.944605,125.526296,123.669988,825788.00
06/21/2017,128.580002,130.630005,128.500000,130.429993,124.194649,710600,-,111.729447,125.916303,125.691502,124.145133,824844.00
06/20/2017,130.630005,131.059998,128.429993,128.490005,122.347389,604100,-,111.616943,125.882079,125.857184,124.484116,834248.00
06/19/2017,131.190002,131.820007,130.779999,131.449997,125.165894,388000,-,111.511932,125.908748,126.129512,124.877374,833104.00
06/16/2017,129.199997,130.089996,128.779999,129.630005,123.432899,925300,-,111.388397,125.875275,126.291386,125.040201,832744.00
06/15/2017,127.870003,128.149994,127.000000,127.580002,121.480896,1551700,-,111.278100,125.877405,126.499439,125.522962,825382.00
06/14/2017,132.410004,132.550003,129.039993,130.149994,123.928017,857700,-,111.175488,125.950821,126.748439,126.116180,806028.00
06/13/2017,131.199997,132.089996,130.350006,131.929993,125.622925,1373900,-,111.057011,125.964734,127.086944,126.291386,800156.00
06/12/2017,129.220001,129.570007,126.029999,129.080002,122.909187,1941400,-,110.930813,125.956440,127.268338,126.432314,783386.00
06/09/2017,134.229996,134.449997,128.660004,130.029999,123.813766,1203900,-,110.819174,125.999216,127.571136,126.919837,751780.00
06/08/2017,134.509995,135.089996,133.660004,135.009995,128.555710,312400,-,110.711545,126.029180,127.767765,127.382604,734868.00
06/07/2017,133.789993,134.460007,133.100006,133.990005,127.584480,413400,-,110.573937,125.980898,127.710157,127.237870,756026.00
06/06/2017,132.360001,133.320007,132.339996,132.619995,126.279961,614500,-,110.439157,125.931488,127.756338,127.230251,792518.00
06/05/2017,132.899994,133.830002,132.779999,133.160004,126.794167,519500,-,110.307601,125.899494,127.787284,127.381651,814424.00
06/02/2017,134.619995,134.789993,133.550003,134.699997,128.260513,334300,-,110.170739,125.800268,127.914877,127.542571,809354.00
06/01/2017,132.899994,133.830002,132.619995,133.809998,127.413078,707400,-,110.038330,125.666059,127.932016,127.475916,813266.00
05/31/2017,133.059998,133.339996,131.619995,131.990005,125.680077,1436000,-,109.923736,125.499771,127.949155,127.380697,827094.00
05/30/2017,133.059998,133.809998,133.000000,133.410004,127.032204,1020200,-,109.815166,125.404914,128.091983,127.882501,809926.00
05/26/2017,133.860001,134.600006,133.550003,134.199997,127.784416,731800,-,109.701816,125.276037,128.065797,128.104362,810128.00
05/25/2017,133.490005,135.020004,133.490005,134.889999,128.441437,457600,-,109.579048,125.099871,127.953915,128.222435,803976.00
05/24/2017,133.970001,134.279999,133.169998,133.490005,127.108368,938000,-,109.454880,124.908301,127.799326,128.152927,811602.00
05/23/2017,134.639999,134.809998,133.720001,133.910004,127.508293,687200,-,109.334361,124.704171,127.688292,128.182445,801100.00
05/22/2017,133.979996,134.520004,133.669998,134.210007,127.793961,548800,-,109.213492,124.495815,127.641174,128.282424,804118.00
05/19/2017,135.000000,135.429993,134.529999,134.850006,128.403366,619200,-,109.093505,124.297018,127.543001,128.192916,813464.00
05/18/2017,132.600006,134.279999,132.309998,134.000000,127.593964,689500,-,108.962739,124.015321,127.252662,128.287182,809194.00
05/17/2017,135.660004,135.970001,132.800003,132.809998,126.460884,645700,-,108.840405,123.740384,127.003736,128.388116,806920.00
05/16/2017,136.880005,137.270004,136.500000,137.259995,130.698120,729100,-,108.725245,123.473589,126.662497,128.517612,818696.00
05/15/2017,135.410004,136.139999,135.210007,135.740005,129.250809,577500,-,108.588521,123.152596,126.286648,128.301464,814020.00
05/12/2017,134.110001,135.470001,134.100006,135.440002,128.965149,443300,-,108.461202,122.886573,125.960537,128.027232,818146.00
05/11/2017,133.229996,134.270004,132.820007,134.160004,127.746353,639900,-,108.332860,122.599674,125.564325,127.685395,828516.00
05/10/2017,134.050003,134.500000,133.509995,133.800003,127.403549,703900,-,108.206888,122.372979,125.258752,127.445726,841206.00
05/09/2017,134.300003,135.149994,134.240005,134.960007,128.508087,438200,-,108.071835,122.119576,125.008033,127.194139,847798.00
05/08/2017,133.550003,133.779999,133.070007,133.270004,126.898880,957800,-,107.927252,121.866898,124.706801,126.999923,853764.00
05/05/2017,134.610001,135.919998,134.470001,135.839996,129.346024,481000,-,107.790008,121.639427,124.545899,126.893085,863458.00
05/04/2017,133.750000,135.389999,133.740005,135.059998,128.603302,871400,-,107.653162,121.386584,124.253212,126.218141,869128.00
05/03/2017,133.809998,134.960007,133.740005,134.169998,127.755852,1008300,-,107.508102,121.149539,124.000016,125.619356,897942.00
05/02/2017,133.979996,135.050003,133.729996,134.990005,128.536636,850700,-,107.355495,121.000343,123.869808,124.807381,955692.00
05/01/2017,132.050003,133.009995,131.720001,132.860001,126.508492,264200,-,107.191818,120.822144,123.674160,124.271832,954840.00
04/28/2017,133.130005,133.169998,131.610001,131.850006,125.546776,753400,-,107.044693,120.691862,123.609146,123.893842,970026.00
04/27/2017,132.660004,133.889999,132.350006,132.949997,125.349663,453100,-,106.893609,120.580625,123.584207,123.443256,972974.00
04/26/2017,133.039993,133.429993,132.000000,132.460007,124.887680,633600,-,106.742425,120.454286,123.582321,123.071778,1000418.00
04/25/2017,134.899994,134.949997,133.860001,134.240005,126.565926,681300,-,106.588272,120.341900,123.645019,122.821928,1008798.00
04/24/2017,133.630005,134.289993,132.710007,133.460007,125.830505,685100,-,106.413754,120.164835,123.572421,122.413680,1011002.00
04/21/2017,130.350006,130.490005,129.720001,130.029999,122.596581,1298800,-,106.230609,119.996257,123.514907,122.198713,1013708.00
04/20/2017,130.100006,130.820007,129.289993,130.050003,122.615448,2259500,-,106.064953,119.884248,123.476723,122.288282,1004794.00
04/19/2017,133.110001,133.710007,126.040001,126.889999,119.636101,3355400,-,105.901324,119.756211,123.423454,122.380677,981948.00
04/18/2017,130.380005,130.960007,129.800003,130.649994,123.181145,915700,-,105.767206,119.668339,123.396583,122.932235,920054.00
04/17/2017,128.889999,130.289993,128.889999,130.169998,122.728592,334800,-,105.618993,119.524275,123.284386,123.076488,908906.00
04/13/2017,129.009995,129.880005,128.339996,128.380005,121.040916,575600,-,105.458428,119.384169,123.177374,123.324451,914866.00
04/12/2017,129.750000,129.970001,128.300003,129.009995,121.634888,485300,-,105.298241,119.250853,123.074134,123.725158,929846.00
04/11/2017,129.639999,129.850006,128.309998,129.809998,122.389175,613200,-,105.126127,119.107354,122.935538,124.092863,948854.00
04/10/2017,130.630005,130.789993,129.699997,129.910004,122.483444,1180800,-,104.962074,118.954615,122.661173,124.468111,959810.00
04/07/2017,130.539993,131.649994,130.529999,131.179993,123.680840,546900,-,104.827626,118.801121,122.391523,124.731161,949464.00
04/06/2017,130.949997,131.240005,130.550003,130.979996,123.492271,370000,-,104.674745,118.611612,122.100189,124.831102,950750.00
04/05/2017,131.600006,132.009995,130.919998,131.029999,123.539398,557200,-,104.521582,118.456988,121.641500,124.665164,956340.00
04/04/2017,132.300003,132.779999,131.850006,132.740005,125.151680,584000,-,104.360452,118.297084,121.156886,124.466230,964698.00
04/03/2017,132.350006,132.750000,131.179993,132.179993,124.623680,564100,-,104.180889,118.097769,120.555357,123.860931,984430.00
03/31/2017,132.270004,133.190002,132.119995,132.800003,125.208221,535400,-,104.008304,117.906751,120.056599,123.492283,988886.00
03/30/2017,132.380005,133.190002,132.339996,132.630005,125.047981,361100,-,103.826243,117.700459,119.593669,123.030297,1016912.00
03/29/2017,133.160004,133.460007,132.539993,132.910004,125.311943,358300,-,103.646963,117.518304,119.072281,122.423109,1097530.00
03/28/2017,133.369995,134.289993,133.119995,133.789993,126.141647,1370300,-,103.474519,117.197740,118.627264,121.778213,1117992.00
03/27/2017,132.779999,133.199997,132.360001,132.699997,125.113953,2238000,-,103.302876,116.849081,118.056850,120.854235,1120070.00
03/24/2017,133.279999,133.550003,131.960007,132.240005,124.680244,1709800,-,103.151316,116.510981,117.594862,120.051885,1089588.00
03/23/2017,129.199997,129.699997,128.800003,129.220001,121.832893,266000,-,103.004517,116.157230,117.137118,119.369276,1063790.00
03/22/2017,127.070000,129.240005,127.010002,128.919998,121.550056,529900,-,102.872379,115.844775,116.880667,118.617837,1074792.00
03/21/2017,129.690002,129.820007,126.150002,126.320000,119.098686,1398800,-,102.736375,115.534960,116.640716,117.847541,1075290.00
03/20/2017,128.839996,129.160004,127.980003,128.270004,120.937202,577600,-,102.616305,115.248338,116.700586,117.249784,1054518.00
03/17/2017,127.190002,128.429993,126.930000,127.900002,120.588364,1030300,-,102.483696,114.927209,116.635059,116.620914,1052842.00
03/16/2017,124.889999,126.250000,124.809998,126.190002,118.976105,424200,-,102.351463,114.588166,116.605360,116.157041,1049160.00
03/15/2017,124.849998,126.309998,124.580002,126.070000,118.862976,838900,-,102.227905,114.291362,116.655801,115.721452,1058170.00
03/14/2017,124.769997,124.830002,123.860001,123.989998,116.901871,412900,-,102.105384,114.029820,116.664287,115.476316,1058566.00
03/13/2017,123.559998,124.459999,123.430000,124.190002,117.090454,838100,-,101.989510,113.787889,116.782613,115.259465,1065406.00
03/10/2017,124.470001,125.110001,123.940002,125.000000,117.854149,1016100,-,101.870382,113.535021,116.813725,115.137840,1058842.00
03/09/2017,121.180000,121.540001,120.660004,121.250000,114.318504,405700,-,101.740837,113.280644,116.791096,114.904960,1044690.00
03/08/2017,120.820000,121.169998,120.339996,120.750000,113.847099,575800,-,101.620390,113.082272,116.924979,115.143497,1040254.00
03/07/2017,121.250000,121.389999,119.830002,119.980003,113.121117,1234500,-,101.501263,112.879186,117.043304,115.433891,1035222.00
03/06/2017,121.250000,121.910004,120.779999,121.599998,114.648506,495300,-,101.375537,112.691940,117.149374,116.151387,1023722.00
03/03/2017,122.760002,122.989998,121.830002,122.980003,115.949631,783800,-,101.247877,112.467734,117.215844,116.649203,1030026.00
03/02/2017,121.779999,122.550003,121.480003,121.570000,114.620216,961800,-,101.112675,112.227123,117.204529,117.053678,1048538.00
03/01/2017,122.500000,123.919998,122.430000,123.470001,116.411613,1274400,-,100.991332,111.938050,117.192272,117.590150,1046618.00
02/28/2017,121.500000,122.220001,121.410004,121.690002,114.733360,1033500,-,100.839677,111.590333,117.094688,117.852258,1034238.00
02/27/2017,122.290001,123.019997,122.080002,122.900002,115.874199,736500,-,100.697498,111.249782,117.095631,118.305760,1021384.00
02/24/2017,122.290001,122.949997,121.639999,122.529999,115.525352,1442500,-,100.554564,110.905459,117.042360,118.489611,1012822.00
02/23/2017,124.529999,124.620003,123.250000,123.779999,116.703873,764500,-,100.417005,110.535303,116.976362,118.677232,990142.00
02/22/2017,125.099998,125.510002,123.580002,123.830002,116.751038,2312100,-,100.271856,110.137050,116.929221,118.706461,982102.00
02/21/2017,125.279999,127.599998,125.250000,127.589996,120.296082,3895800,-,100.123360,109.746339,116.868879,118.652718,945436.00
02/17/2017,125.839996,126.879997,125.820000,126.879997,119.626671,808100,-,99.959825,109.293025,116.613371,118.147360,878852.00
02/16/2017,126.550003,127.440002,126.480003,127.269997,119.994377,1023500,-,99.803786,108.837259,116.385677,117.782484,870688.00
02/15/2017,125.449997,127.279999,125.300003,127.260002,119.984940,900800,-,99.648926,108.378100,116.130640,117.355379,866590.00
02/14/2017,126.080002,126.500000,125.620003,126.250000,119.032684,1825300,-,99.503046,107.859919,115.928403,116.794393,862596.00
02/13/2017,126.139999,126.639999,125.750000,126.500000,119.268387,1052600,-,99.357921,107.364743,115.440958,116.337119,842848.00
02/10/2017,124.800003,125.250000,124.150002,124.849998,117.712708,791500,-,99.218186,106.924063,114.912972,115.885502,830480.00
02/09/2017,124.410004,125.550003,124.320000,124.519997,117.401566,820400,-,99.091960,106.526942,114.437784,115.595110,838534.00
02/08/2017,123.410004,124.260002,122.989998,124.089996,116.996162,853100,-,98.954105,106.133026,113.917340,115.275491,831190.00
02/07/2017,122.029999,123.570000,121.870003,123.260002,116.213608,1117200,-,98.816973,105.756836,113.378040,115.151980,819166.00
02/06/2017,122.239998,122.629997,121.870003,122.230003,115.242500,260700,-,98.682542,105.414399,112.870324,115.085040,805468.00
02/03/2017,122.910004,123.570000,122.870003,123.010002,115.977913,358300,-,98.552734,105.095532,112.346579,115.079382,817780.00
02/02/2017,123.089996,123.190002,122.290001,122.739998,115.723328,632800,-,98.422091,104.757621,111.791722,114.988870,838778.00
02/01/2017,121.650002,122.110001,121.000000,121.309998,114.375076,1324600,-,98.308188,104.415372,111.187366,114.905901,864408.00
01/31/2017,121.639999,122.000000,120.989998,121.400002,114.459938,1435700,-,98.198603,104.061810,110.675408,115.062412,864810.00
01/30/2017,120.910004,121.860001,120.019997,121.709999,114.752220,1161000,-,98.090085,103.671477,110.241705,114.544797,856822.00
01/27/2017,121.440002,122.080002,121.040001,121.769997,114.808784,663500,-,97.983926,103.262476,109.744359,113.940442,843424.00
01/26/2017,121.300003,122.160004,121.070000,121.129997,114.205383,611200,-,97.885311,102.836881,109.226273,113.280458,843910.00
01/25/2017,122.510002,122.970001,122.269997,122.779999,115.761047,649500,-,97.784122,102.443153,108.772769,112.559190,855930.00
01/24/2017,122.279999,123.000000,122.070000,122.550003,115.544205,975100,-,97.672360,102.039998,108.204712,111.604099,861638.00
01/23/2017,121.970001,122.320000,120.599998,122.169998,115.185928,1570600,-,97.563545,101.683984,107.612141,110.655609,852050.00
01/20/2017,121.519997,122.309998,121.519997,122.050003,115.072792,786900,-,97.453913,101.356632,107.040784,109.613776,830970.00
01/19/2017,120.860001,121.989998,120.459999,121.860001,114.893639,1936700,-,97.349552,101.030411,106.459056,108.594573,823492.00
01/18/2017,122.070000,125.879997,121.940002,122.970001,115.940186,4392000,-,97.238725,100.665158,105.910327,107.468832,800590.00
01/17/2017,115.629997,116.320000,114.889999,115.910004,109.283783,1381400,-,97.132496,100.265585,105.121648,106.288404,726890.00
01/13/2017,114.769997,115.540001,114.750000,115.300003,108.708672,1474200,-,97.054611,100.041568,104.608747,105.938612,710550.00
01/12/2017,113.940002,114.820000,113.000000,114.769997,108.208946,713900,-,96.978763,99.826413,104.058603,105.548277,699788.00
01/11/2017,112.250000,113.510002,112.190002,113.480003,106.992699,419900,-,96.908954,99.653875,103.581058,105.172087,701390.00
01/10/2017,112.580002,113.129997,112.580002,112.650002,106.210144,816100,-,96.840008,99.502644,103.082300,104.986349,711302.00
01/09/2017,111.019997,112.730003,111.010002,112.489998,106.059303,554800,-,96.763049,99.340477,102.611354,104.805325,707116.00
01/06/2017,110.559998,111.589996,110.300003,111.120003,104.767601,360200,-,96.684328,99.177556,102.169165,104.568674,703544.00
01/05/2017,110.800003,111.900002,110.750000,111.239998,104.880760,493800,-,96.615700,99.053479,101.812303,104.467792,707682.00
01/04/2017,109.839996,110.349998,109.620003,109.919998,103.636223,846200,-,96.548975,98.941093,101.410184,104.323538,717226.00
01/03/2017,110.980003,111.279999,110.150002,110.449997,104.135910,874700,-,96.486516,98.853221,101.080193,104.351823,733068.00
12/30/2016,112.059998,112.660004,111.269997,112.199997,105.785866,858700,-,96.422303,98.723676,100.577193,103.954891,730372.00
12/29/2016,110.970001,111.370003,110.699997,111.160004,104.805313,754900,-,96.348817,98.570749,100.001594,103.278881,735396.00
12/28/2016,110.809998,111.309998,110.430000,110.779999,104.447052,509900,-,96.277996,98.404245,99.623047,102.568929,739412.00
12/27/2016,110.790001,111.620003,110.790001,111.510002,105.135315,308500,-,96.205753,98.222843,99.293527,101.990028,737194.00
12/23/2016,110.419998,110.849998,110.269997,110.730003,104.399910,183900,-,96.131931,98.026923,98.922050,101.178251,737648.00
12/22/2016,110.360001,110.419998,109.769997,109.980003,103.692787,324200,-,96.065328,97.831945,98.611387,100.417384,757194.00
12/21/2016,110.029999,110.300003,109.720001,110.050003,103.758781,659500,-,95.993827,97.692406,98.381335,99.769656,766600.00
12/20/2016,109.370003,109.800003,109.110001,109.709999,103.438225,810500,-,95.913471,97.553998,98.158356,99.156815,772592.00
12/19/2016,108.360001,110.480003,108.360001,110.220001,103.919067,1709400,-,95.833227,97.502708,97.940561,98.496831,770110.00
12/16/2016,106.260002,106.720001,105.959999,106.239998,100.166595,865800,-,95.761061,97.430298,97.675153,97.808563,753160.00
12/15/2016,104.470001,105.389999,104.320000,105.029999,99.025764,655400,-,95.704443,97.477439,97.501671,97.199494,745314.00
12/14/2016,104.580002,104.940002,103.529999,103.629997,97.705788,390800,-,95.650501,97.548717,97.297548,96.724306,737808.00
12/13/2016,104.110001,104.860001,104.000000,104.639999,98.658051,308400,-,95.596822,97.649224,97.127366,96.677166,736478.00
12/12/2016,103.169998,103.339996,102.410004,102.900002,97.017540,308500,-,95.540479,97.730119,96.870916,96.597025,738646.00
12/09/2016,102.919998,103.110001,102.089996,102.660004,96.791237,362500,-,95.479434,97.856081,96.745989,96.665850,739236.00
12/08/2016,103.190002,103.730003,102.650002,103.110001,97.215508,478800,-,95.418588,97.970541,96.686591,96.805391,743024.00
12/07/2016,101.980003,103.919998,101.830002,103.550003,97.630371,566600,-,95.351428,98.097824,96.712990,96.993015,739774.00
12/06/2016,101.889999,102.900002,101.790001,102.709999,96.838387,399900,-,95.278886,98.212284,96.772388,97.159897,740274.00
12/05/2016,102.290001,103.019997,101.690002,102.919998,97.036392,818600,-,95.207369,98.326555,96.868557,97.384291,745542.00
12/02/2016,99.010002,100.300003,98.839996,99.779999,94.075905,701100,-,95.131787,98.433095,96.848286,97.541743,742464.00
12/01/2016,102.669998,102.739998,99.680000,99.989998,94.273888,837900,-,95.071427,98.602993,96.942568,97.803848,740032.00
11/30/2016,103.769997,103.820000,102.930000,103.129997,97.234383,434200,-,95.000340,98.729710,97.133020,97.870789,739924.00
11/29/2016,102.879997,104.010002,102.709999,103.790001,97.856644,1194200,-,94.916128,98.762709,97.168847,97.577566,746718.00
11/28/2016,103.300003,103.910004,103.220001,103.629997,97.705788,453200,-,94.818089,98.754223,97.255116,97.144806,733834.00
11/25/2016,103.989998,104.459999,103.769997,104.139999,98.186646,251900,-,94.711767,98.727259,97.341386,96.826128,745570.00
11/23/2016,104.480003,105.349998,104.250000,105.099998,99.091751,432300,-,94.601968,98.717830,97.337143,96.567790,761972.00
11/22/2016,105.449997,105.610001,104.800003,105.320000,99.299187,876300,-,94.487318,98.658997,97.278217,96.432965,774710.00
11/21/2016,104.089996,105.110001,104.019997,105.089996,99.082329,1408200,-,94.386679,98.591490,97.241446,96.384879,767508.00
11/18/2016,103.580002,104.750000,103.379997,104.589996,98.610909,1914300,-,94.293600,98.554720,97.250404,96.352823,749386.00
11/17/2016,101.239998,102.849998,101.190002,102.559998,96.696960,1344700,-,94.212195,98.500413,97.281989,96.154829,727464.00
11/16/2016,99.199997,100.769997,99.150002,100.699997,94.943291,1036300,-,94.154849,98.529075,97.330074,96.081288,718964.00
11/15/2016,99.120003,100.279999,98.750000,100.019997,94.302155,491100,-,94.103989,98.635238,97.489884,96.395252,718080.00
11/14/2016,98.940002,99.769997,98.709999,99.199997,93.529045,687800,-,94.044827,98.784394,97.598782,96.760129,715184.00
11/11/2016,99.699997,100.510002,98.720001,100.250000,94.519005,1212200,-,94.006907,98.947693,97.691179,97.365427,706612.00
11/10/2016,102.779999,103.410004,100.709999,101.400002,95.603271,934900,-,93.962175,99.084215,97.732193,97.856644,691476.00
11/09/2016,102.330002,103.820000,102.330002,103.669998,97.743500,495700,-,93.902563,99.181327,97.684580,98.106496,679706.00
11/08/2016,103.589996,105.220001,103.529999,104.809998,98.818321,516600,-,93.831785,99.253925,97.633196,98.123469,681848.00
11/07/2016,103.800003,104.760002,103.599998,104.750000,98.761772,413000,-,93.757869,99.296730,97.534199,98.098014,677124.00
11/04/2016,102.220001,103.010002,101.480003,102.489998,96.630966,791600,-,93.682046,99.326146,97.639796,98.147984,686272.00
11/03/2016,103.349998,103.599998,101.779999,101.779999,95.961555,707000,-,93.619859,99.401196,97.823177,98.409149,675874.00
11/02/2016,104.010002,104.730003,103.669998,104.029999,98.082932,564400,-,93.547042,99.493593,98.151283,98.578859,671206.00
11/01/2016,105.650002,105.680000,103.290001,103.889999,97.950920,936100,-,93.453835,99.577694,98.376619,98.584515,674382.00
10/31/2016,105.510002,106.360001,104.940002,105.620003,99.582024,794000,-,93.338274,99.639355,98.615629,98.437434,665386.00
10/28/2016,104.860001,105.949997,104.690002,105.459999,99.431183,915500,-,93.201280,99.660287,98.771668,98.016931,660014.00
10/27/2016,105.180000,105.269997,103.860001,104.050003,98.101791,606800,-,93.090337,99.671035,98.965892,97.607741,655294.00
10/26/2016,104.470001,104.730003,103.730003,103.849998,97.913223,376200,-,92.972577,99.697434,99.186515,97.262663,684840.00
10/25/2016,104.680000,105.139999,104.129997,104.540001,98.563774,567100,-,92.868059,99.774746,99.469836,97.142923,707936.00
10/24/2016,104.919998,105.419998,104.769997,105.279999,99.261475,971000,-,92.758704,99.893354,99.709315,96.970384,703182.00
10/21/2016,103.470001,105.320000,103.400002,105.260002,99.242615,1638300,-,92.636404,99.987449,99.873838,97.131609,694570.00
10/20/2016,102.519997,103.620003,102.470001,103.580002,97.658653,739900,-,92.524494,100.089840,100.029877,97.237206,679396.00
10/19/2016,104.750000,104.750000,103.199997,104.089996,98.139496,1109900,-,92.430380,100.201283,100.275486,97.723707,681404.00
10/18/2016,102.510002,102.580002,101.830002,102.330002,96.480110,955700,-,92.342295,100.310652,100.398997,98.168723,670378.00
10/17/2016,100.620003,101.339996,100.510002,101.160004,95.376991,399000,-,92.266606,100.441140,100.519208,98.793823,658308.00
10/14/2016,101.580002,102.110001,100.949997,101.120003,95.339279,331200,-,92.203281,100.600290,100.621977,99.526405,662324.00
10/13/2016,100.589996,100.650002,100.040001,100.389999,94.651016,1161200,-,92.152118,100.769435,100.672890,100.324043,661470.00
10/12/2016,102.309998,102.669998,101.419998,102.580002,96.715820,794500,-,92.107098,100.921419,100.826100,101.110366,646530.00
10/11/2016,105.610001,105.639999,102.410004,102.709999,96.838387,959100,-,92.050123,101.049645,100.797815,101.796748,637812.00
10/10/2016,107.629997,107.739998,106.989998,106.989998,100.873718,686400,-,91.991930,101.181452,100.752087,102.448246,627026.00
10/07/2016,107.040001,107.169998,105.360001,106.379997,100.298584,861900,-,91.913001,101.231045,100.570591,102.616068,641292.00
10/06/2016,108.269997,108.989998,107.809998,108.739998,102.523666,473500,-,91.832662,101.300815,100.350440,102.822549,634654.00
10/05/2016,109.099998,109.300003,108.709999,108.809998,102.589661,280100,-,91.735747,101.316277,100.130760,102.827264,642710.00
10/04/2016,109.389999,109.849998,108.610001,108.959999,102.731110,324300,-,91.630070,101.315523,100.013849,102.629271,655640.00
10/03/2016,109.360001,109.610001,108.540001,108.930000,102.702805,416800,-,91.526061,101.268758,99.965292,102.244593,659160.00
09/30/2016,109.190002,110.139999,109.019997,109.580002,103.315659,338000,-,91.428855,101.206532,99.914851,101.717549,658780.00
09/29/2016,109.269997,109.739998,107.550003,108.730003,102.514252,551900,-,91.326163,101.129219,99.816324,101.021738,696008.00
09/28/2016,109.279999,110.040001,108.870003,109.860001,103.579643,316300,-,91.216390,101.118471,99.713555,100.541833,717812.00
09/27/2016,107.959999,109.800003,107.839996,109.620003,103.353363,591600,-,91.105110,101.038707,99.603243,99.798881,778094.00
09/26/2016,108.489998,109.160004,108.279999,108.769997,102.551941,663300,-,91.003674,100.916328,99.483503,99.055928,782318.00
09/23/2016,108.760002,109.260002,108.419998,108.570000,102.363388,664700,-,90.909599,100.781314,99.367535,98.525114,779824.00
09/22/2016,109.040001,109.559998,108.690002,108.790001,102.570824,579500,-,90.819495,100.675717,99.268537,97.878332,787006.00
09/21/2016,105.690002,106.870003,105.410004,106.709999,100.609726,832500,-,90.732081,100.530898,99.169068,97.434256,786360.00
09/20/2016,104.699997,105.279999,104.320000,104.879997,98.884331,773900,-,90.657640,100.420963,99.252979,97.398428,795312.00
09/19/2016,103.220001,104.180000,103.199997,103.339996,97.432365,550000,-,90.587028,100.324417,99.360463,97.685991,789694.00
09/16/2016,102.040001,102.489998,101.370003,102.199997,96.357544,1040000,-,90.529965,100.209015,99.520274,98.112152,790458.00
09/15/2016,102.320000,103.849998,102.099998,103.639999,97.715210,1072000,-,90.482562,100.065893,99.700827,98.610911,786216.00
09/14/2016,100.980003,102.290001,100.830002,101.980003,96.150116,1069200,-,90.425948,99.900897,99.786153,98.885276,789926.00
09/13/2016,102.500000,102.980003,101.470001,101.739998,95.923836,516200,-,90.376088,99.775689,100.067590,99.407605,788698.00
09/12/2016,101.029999,103.269997,100.930000,103.139999,97.243805,502100,-,90.320278,99.713462,100.496107,99.911077,797524.00
09/09/2016,103.160004,103.480003,101.699997,101.709999,95.895561,818200,-,90.254887,99.639356,100.832226,100.209955,800878.00
09/08/2016,104.139999,104.739998,103.639999,104.080002,98.130066,919700,-,90.195957,99.533758,101.255558,100.658743,795636.00
09/07/2016,108.010002,108.300003,106.059998,106.330002,100.251442,992100,-,90.131306,99.351226,101.510594,100.903880,791400.00
09/06/2016,107.779999,108.040001,107.480003,107.930000,101.759964,346300,-,90.064620,99.090438,101.678418,101.107531,817276.00
09/02/2016,108.050003,108.250000,107.500000,107.860001,101.693977,259200,-,89.989786,98.846810,101.740646,101.034934,851622.00
09/01/2016,106.320000,107.529999,106.269997,107.489998,101.345131,455400,-,89.909831,98.724807,101.822673,100.928396,864212.00
08/31/2016,106.830002,106.940002,105.900002,106.550003,100.458862,346400,-,89.833064,98.560000,101.945241,100.790742,865138.00
08/30/2016,108.699997,108.730003,107.330002,107.519997,101.373405,602800,-,89.756582,98.408015,102.034811,100.687031,872044.00
08/29/2016,106.239998,107.120003,106.239998,107.080002,100.958557,280400,-,89.681910,98.206815,102.122495,100.727574,878986.00
08/26/2016,106.769997,107.980003,105.529999,106.309998,100.232582,870400,-,89.614810,97.972427,102.246006,101.081136,887426.00
08/25/2016,106.559998,106.790001,106.250000,106.470001,100.383438,271700,-,89.549336,97.769907,102.402045,101.454497,880044.00
08/24/2016,107.720001,107.849998,106.459999,106.680000,100.581436,473600,-,89.493358,97.538159,102.572226,101.852373,889412.00
08/23/2016,108.660004,109.139999,108.209999,108.489998,102.287956,723200,-,89.439231,97.310370,102.707993,102.117308,912426.00
08/22/2016,106.980003,107.349998,106.599998,107.160004,101.033997,486300,-,89.371354,97.081073,102.721193,102.249305,919064.00
08/19/2016,106.800003,106.970001,106.269997,106.730003,100.628593,525400,-,89.311424,96.896655,102.689137,102.446358,939636.00
08/18/2016,106.120003,106.519997,105.720001,106.029999,99.968597,679500,-,89.251377,96.780121,102.637280,102.716949,941620.00
08/17/2016,105.309998,105.790001,104.730003,105.449997,99.421745,2084100,-,89.189972,96.687157,102.611353,103.099740,938576.00
08/16/2016,110.830002,110.940002,107.010002,107.949997,101.778839,1531000,-,89.125152,96.606828,102.739107,103.382590,905782.00
08/15/2016,111.279999,111.580002,110.790001,110.830002,104.494179,329400,-,89.045145,96.458238,102.629738,103.517415,882942.00
08/12/2016,110.940002,111.129997,109.989998,110.269997,103.966187,540400,-,88.957525,96.270048,102.266748,103.410875,881952.00
08/11/2016,110.650002,111.040001,110.120003,110.690002,104.362198,879600,-,88.864205,96.079031,101.858502,103.349593,883436.00
08/10/2016,110.309998,110.400002,109.209999,109.489998,103.230789,840300,-,88.772353,95.874625,101.494569,103.292079,892558.00
08/09/2016,109.459999,110.110001,109.459999,109.889999,103.607925,558600,-,88.692448,95.695298,101.099522,103.298679,885944.00
08/08/2016,109.250000,109.559998,109.040001,109.250000,103.004524,352200,-,88.604507,95.510314,100.674776,103.193080,890082.00
08/05/2016,109.949997,110.660004,109.400002,109.599998,103.334511,599800,-,88.508821,95.324765,100.227402,102.931915,898016.00
08/04/2016,109.699997,110.230003,109.540001,110.089996,103.796501,288500,-,88.406873,95.123375,99.643788,102.557611,906036.00
08/03/2016,107.949997,108.750000,107.889999,108.449997,102.250252,414200,-,88.301497,94.886347,98.914035,102.122965,915976.00
08/02/2016,109.570000,109.589996,108.779999,109.379997,103.127083,358600,-,88.203247,94.645925,98.274795,102.095623,915436.00
08/01/2016,109.620003,110.150002,109.290001,109.699997,103.428780,419800,-,88.099914,94.383817,97.612925,101.742062,919698.00
07/29/2016,110.480003,110.849998,109.309998,109.620003,103.353363,1399700,-,87.989342,94.074756,97.082111,101.122622,922776.00
07/28/2016,109.870003,110.209999,109.489998,110.080002,103.787064,530000,-,87.879333,93.790021,96.591367,100.367412,901770.00
07/27/2016,109.639999,109.910004,108.379997,109.559998,103.296783,876300,-,87.779036,93.492463,95.932798,99.697059,905376.00
07/26/2016,107.489998,108.910004,107.309998,108.769997,102.551941,926600,-,87.685895,93.233561,95.218131,98.900366,918922.00
07/25/2016,106.190002,106.570000,105.930000,106.480003,100.392876,500300,-,87.598855,92.904135,94.451136,98.156473,915790.00
07/22/2016,105.550003,105.860001,105.190002,105.629997,99.591469,397800,-,87.516460,92.622228,93.910422,97.522888,927776.00
07/21/2016,105.410004,106.370003,104.959999,105.480003,99.450043,2199400,-,87.438026,92.376148,93.710540,96.729964,937762.00
07/20/2016,107.580002,108.349998,107.059998,108.160004,101.976830,1642100,-,87.357225,92.147417,93.393276,95.705106,901128.00
07/19/2016,103.269997,106.300003,103.160004,105.629997,99.591469,3330400,-,87.259223,91.861361,92.937416,94.453967,877422.00
07/18/2016,102.750000,103.370003,102.459999,103.129997,97.234383,802800,-,87.161782,91.610568,92.523512,93.483789,817540.00
07/15/2016,101.250000,101.940002,101.190002,101.610001,95.801262,538600,-,87.085489,91.417664,92.123751,93.041601,810772.00
07/14/2016,103.730003,103.849998,102.599998,102.970001,97.083534,1023800,-,87.003458,91.270016,91.839016,92.815322,828618.00
07/13/2016,101.089996,101.809998,100.860001,101.110001,95.329857,547200,-,86.905092,91.108791,91.424641,92.168536,820236.00
07/12/2016,100.870003,101.830002,100.000000,100.879997,95.113007,1280100,-,86.826069,91.018373,91.117749,91.535896,818518.00
07/11/2016,99.120003,99.949997,99.000000,99.760002,94.057030,493000,-,86.742774,90.916266,90.903254,90.745800,808650.00
07/08/2016,96.099998,97.260002,95.949997,97.220001,91.662231,588200,-,86.663267,90.861554,90.791057,90.297955,816834.00
07/07/2016,94.099998,95.239998,94.080002,94.610001,89.201454,827900,-,86.608779,90.877660,90.948039,90.691116,817074.00
07/06/2016,93.419998,94.970001,92.839996,94.889999,89.465439,1257500,-,86.579267,90.890243,91.253988,91.081446,807480.00
07/05/2016,96.650002,97.120003,95.019997,95.339996,89.889694,1007800,-,86.551277,90.892329,91.550980,91.420866,789670.00
07/01/2016,98.370003,98.669998,98.099998,98.440002,92.812500,957500,-,86.534117,90.881084,91.773961,91.563235,775024.00
06/30/2016,97.370003,99.209999,96.919998,99.209999,93.538475,669800,-,86.506628,90.810452,91.887572,91.205901,768406.00
06/29/2016,95.860001,96.589996,95.629997,96.110001,90.615677,556100,-,86.473740,90.736668,91.931414,90.862710,797098.00
06/28/2016,93.599998,94.570000,93.050003,94.400002,89.003448,707900,-,86.444285,90.783208,92.107725,90.680746,802652.00
06/27/2016,92.400002,92.900002,91.150002,92.500000,87.212051,2285900,-,86.426385,90.852303,92.370776,90.699603,795346.00
06/24/2016,94.080002,96.599998,93.959999,95.010002,89.578583,2063600,-,86.419911,90.963189,92.728109,91.060709,760436.00
06/23/2016,100.540001,101.410004,99.320000,101.389999,95.593842,888700,-,86.396293,91.042025,92.935532,91.284159,730120.00
06/22/2016,99.199997,99.550003,98.690002,98.750000,93.104752,501700,-,86.355690,91.031862,92.819092,91.204961,719608.00
06/21/2016,98.160004,98.809998,97.820000,98.489998,92.859634,691700,-,86.315839,91.049120,92.761109,91.426530,715476.00
06/20/2016,97.330002,97.620003,96.709999,96.849998,91.313385,949900,-,86.283317,91.060098,92.629584,91.681094,705410.00
06/17/2016,94.610001,94.959999,93.269997,94.650002,89.239159,702400,-,86.248976,91.109456,92.565000,91.984688,694896.00
06/16/2016,93.790001,95.620003,93.209999,95.570000,90.106567,501300,-,86.218157,91.189862,92.501830,92.569244,689892.00
06/15/2016,94.709999,95.230003,94.129997,94.180000,88.796036,740100,-,86.191666,91.271742,92.452330,93.000118,694926.00
06/14/2016,93.500000,94.699997,93.330002,94.599998,89.192017,1624300,-,86.176201,91.350389,92.457986,93.534705,701312.00
06/13/2016,95.639999,97.180000,95.629997,96.330002,90.823112,1055100,-,86.158429,91.460437,92.515970,94.041949,686056.00
06/10/2016,97.639999,98.239998,96.790001,97.379997,91.813087,1514900,-,86.116150,91.518109,92.278848,94.395510,672306.00
06/09/2016,99.459999,100.570000,99.400002,100.550003,94.801865,624600,-,86.062445,91.552628,92.003069,94.586905,654766.00
06/08/2016,100.849998,101.230003,100.339996,101.099998,95.320435,527300,-,85.985830,91.541534,91.627349,94.433223,651482.00
06/07/2016,101.169998,101.379997,100.660004,101.190002,95.405281,444400,-,85.909464,91.499196,91.262001,94.095689,649116.00
06/06/2016,101.070000,101.290001,100.000000,100.070000,94.349319,389000,-,85.839801,91.407457,90.875440,93.578073,643880.00
06/03/2016,100.849998,101.070000,100.160004,100.849998,95.084717,279900,-,85.791631,91.326773,90.510563,93.145312,641958.00
06/02/2016,99.709999,100.220001,99.290001,100.139999,94.415314,614600,-,85.748775,91.245917,90.135788,92.434415,654206.00
06/01/2016,98.910004,100.070000,98.879997,99.849998,94.141899,1335700,-,85.710757,91.188326,89.835966,91.904543,657056.00
05/31/2016,100.050003,100.239998,99.339996,99.980003,94.264458,509600,-,85.671870,91.128376,89.579985,91.381268,641690.00
05/27/2016,99.379997,100.489998,99.379997,100.080002,94.358727,765500,-,85.641828,91.068956,89.407210,90.989991,637754.00
05/26/2016,99.190002,99.769997,98.410004,99.410004,93.727036,748900,-,85.622309,91.003551,89.189656,90.162185,628484.00
05/25/2016,98.349998,99.230003,98.150002,98.919998,93.265045,1000800,-,85.615778,90.941836,89.069376,89.419232,623920.00
05/24/2016,95.529999,97.660004,95.529999,97.519997,91.945091,785500,-,85.612629,90.876502,89.029499,88.821476,609898.00
05/23/2016,95.320000,96.239998,95.209999,95.699997,90.229126,387200,-,85.604665,90.845021,88.923775,88.428314,601764.00
05/20/2016,95.150002,95.580002,94.949997,95.480003,90.021706,571700,-,85.602440,90.862022,88.890805,88.172807,607142.00
05/19/2016,93.500000,93.870003,92.800003,93.309998,87.975754,573700,-,85.611827,90.849442,88.856094,87.875815,618168.00
05/18/2016,94.180000,95.550003,94.080002,94.519997,89.116585,349400,-,85.622872,90.843679,88.921351,87.837160,610074.00
05/17/2016,95.180000,95.550003,94.169998,94.300003,88.909157,710300,-,85.634501,90.809135,88.957985,87.767389,615470.00
05/16/2016,94.160004,96.389999,93.779999,95.830002,90.351685,1553600,-,85.651967,90.820669,89.159661,87.778702,621572.00
05/13/2016,91.650002,92.379997,91.150002,91.300003,86.080666,770000,-,85.661847,90.790495,89.264986,87.824429,614136.00
05/12/2016,92.809998,92.940002,90.430000,91.529999,86.297508,1099600,-,85.692756,90.833628,89.598770,88.217128,609976.00
05/11/2016,91.809998,93.250000,91.769997,92.580002,87.287483,897100,-,85.722861,90.847080,89.959914,88.719521,597150.00
05/10/2016,92.519997,93.510002,92.459999,93.349998,88.013474,367700,-,85.745919,90.849118,90.349826,89.237521,591074.00
05/09/2016,93.260002,93.620003,92.540001,92.989998,87.674057,456800,-,85.764881,90.785018,90.647533,89.419237,590914.00
05/06/2016,92.379997,92.730003,91.820000,92.330002,87.051781,336300,-,85.801381,90.723979,90.934259,89.608804,587364.00
05/05/2016,92.779999,93.919998,92.699997,92.900002,87.589203,464400,-,85.835913,90.658614,91.270733,89.836373,586954.00
05/04/2016,93.599998,93.839996,93.220001,93.779999,88.418877,1430900,-,85.868038,90.569269,91.554247,90.005543,593812.00
05/03/2016,95.129997,95.190002,94.129997,94.419998,89.022285,604700,-,85.896481,90.451591,91.843331,90.148581,595726.00
05/02/2016,96.699997,97.570000,96.540001,97.459999,90.808960,461300,-,85.919810,90.309546,92.028636,90.540620,599848.00
04/29/2016,98.339996,98.550003,96.050003,96.599998,90.007652,786700,-,85.933321,90.133444,92.222907,90.705543,615714.00
04/28/2016,98.300003,99.580002,97.750000,98.010002,91.321434,902200,-,85.980281,89.934420,92.407861,90.980412,613430.00
04/27/2016,97.730003,99.419998,97.690002,99.239998,92.467491,600200,-,86.003855,89.715830,92.518740,91.200307,611628.00
04/26/2016,96.449997,96.980003,96.290001,96.410004,89.830627,348200,-,86.022769,89.431458,92.607724,91.462131,614790.00
04/25/2016,96.300003,96.519997,95.930000,96.129997,89.569725,367000,-,86.052073,89.163672,92.776371,91.875830,630692.00
04/22/2016,95.730003,96.470001,95.320000,95.870003,89.327477,275500,-,86.068332,88.896817,92.838800,92.259714,645350.00
04/21/2016,97.239998,97.239998,95.510002,95.820000,89.280899,626600,-,86.074249,88.633503,92.888183,92.705093,688102.00
04/20/2016,99.010002,99.559998,95.129997,96.430000,89.849258,2104400,-,86.094468,88.431311,92.976234,93.102950,699618.00
04/19/2016,100.239998,100.739998,99.349998,99.750000,92.942680,833800,-,86.120045,88.243655,93.060558,93.538081,683152.00
04/18/2016,98.860001,100.029999,98.790001,99.230003,92.458183,342600,-,86.142640,88.031401,92.970644,93.516651,684336.00
04/15/2016,99.870003,100.519997,99.309998,99.550003,92.756348,540400,-,86.172549,87.886793,92.912409,93.740272,690820.00
04/14/2016,100.790001,100.800003,99.769997,100.370003,93.520386,547800,-,86.193886,87.727090,92.829016,93.835310,697798.00
04/13/2016,101.589996,102.199997,101.279999,102.050003,95.085724,363100,-,86.213407,87.506077,92.685059,93.837173,701646.00
04/12/2016,100.669998,101.230003,99.699997,100.849998,93.967621,295100,-,86.244760,87.323266,92.430691,93.753316,704952.00
04/11/2016,100.849998,101.559998,100.139999,100.250000,93.408562,188400,-,86.288599,87.155364,92.250862,93.676913,722502.00
04/08/2016,100.879997,101.360001,100.379997,100.650002,93.781265,424200,-,86.333883,86.960813,92.134393,93.417886,755658.00
04/07/2016,100.750000,100.949997,99.949997,100.089996,93.259476,452200,-,86.382148,86.756945,91.914965,93.071273,765318.00
04/06/2016,99.370003,101.169998,99.290001,101.099998,94.200562,753000,-,86.437215,86.572457,91.636370,92.849517,769764.00
04/05/2016,99.580002,100.120003,99.279999,99.519997,92.728386,1059400,-,86.473134,86.360390,91.295813,92.583035,772336.00
04/04/2016,102.139999,102.599998,101.559998,101.629997,94.694389,861500,-,86.516973,86.189692,91.133687,92.424637,785162.00
04/01/2016,99.400002,100.629997,99.300003,100.570000,93.706726,367600,-,86.545811,85.923769,90.841115,92.084546,793014.00
03/31/2016,101.480003,101.919998,100.339996,100.389999,93.539017,637900,-,86.586063,85.638465,90.567645,91.822723,876446.00
03/30/2016,101.169998,101.879997,100.570000,101.150002,94.247162,460400,-,86.623286,85.264458,90.239199,91.532946,893436.00
03/29/2016,98.339996,100.180000,98.169998,100.029999,93.203583,409000,-,86.654780,84.823178,89.896312,91.108065,915234.00
03/28/2016,97.370003,97.650002,96.690002,97.470001,90.818291,182600,-,86.701228,84.503958,89.476556,90.824812,935908.00
03/24/2016,96.160004,96.930000,95.980003,96.930000,90.315140,292900,-,86.754897,84.178589,89.166747,90.850900,951170.00
03/23/2016,98.599998,98.650002,97.669998,97.709999,91.041916,892300,-,86.807634,83.912480,88.840166,90.758656,962828.00
03/22/2016,97.029999,98.540001,96.980003,98.239998,91.535744,757100,-,86.854641,83.625498,88.444168,90.423224,967340.00
03/21/2016,97.459999,97.970001,97.230003,97.820000,91.144402,567400,-,86.905236,83.290811,87.994129,90.008591,970186.00
03/18/2016,97.779999,98.669998,97.650002,97.980003,91.293480,312800,-,86.964728,83.005135,87.532910,89.842737,975062.00
03/17/2016,96.720001,97.970001,96.559998,97.760002,91.088493,302000,-,87.028740,82.755983,87.068429,89.597684,1015284.00
03/16/2016,96.000000,97.430000,95.709999,97.279999,90.641251,520700,-,87.085996,82.544661,86.516829,89.312566,1025506.00
03/15/2016,96.519997,96.919998,96.290001,96.589996,89.998352,299700,-,87.152850,82.358683,86.004363,88.945453,1060598.00
03/14/2016,97.470001,97.879997,96.610001,96.989998,90.371048,378800,-,87.226039,82.212956,85.416890,88.684559,1063280.00
03/11/2016,97.290001,97.769997,96.800003,97.750000,91.079178,656100,-,87.304353,82.107667,84.720402,88.128300,1061336.00
03/10/2016,96.430000,97.820000,95.120003,95.940002,89.392700,1123000,-,87.373210,81.999024,83.977792,87.482594,1060864.00
03/09/2016,94.089996,94.459999,93.870003,94.110001,87.687592,169000,-,87.433914,81.917589,83.316245,86.921676,1045378.00
03/08/2016,94.610001,94.980003,93.720001,93.790001,87.389412,619200,-,87.512508,81.867833,82.890432,86.465113,1043890.00
03/07/2016,94.339996,96.230003,94.309998,96.040001,89.485863,1015400,-,87.595155,81.821804,82.544285,85.979668,1039874.00
03/04/2016,94.839996,95.519997,94.680000,95.349998,88.842949,1181800,-,87.667832,81.716703,82.186491,85.223083,1053388.00
03/03/2016,92.820000,94.709999,92.760002,94.699997,88.237320,562000,-,87.741767,81.602656,82.005731,84.539175,1050714.00
03/02/2016,92.540001,93.349998,92.089996,93.339996,86.970116,458300,-,87.817798,81.466992,81.832425,83.721091,1049486.00
03/01/2016,92.959999,93.940002,92.629997,93.790001,87.389412,593300,-,87.900305,81.366177,81.607407,83.063273,1053578.00
02/29/2016,91.330002,92.190002,91.019997,91.019997,84.808456,359700,-,87.978526,81.283623,81.535196,82.149221,1054260.00
02/26/2016,91.099998,91.209999,90.639999,90.820000,84.622116,279300,-,88.060334,81.242999,81.573398,81.312504,1057182.00
02/25/2016,89.419998,89.970001,88.959999,89.919998,83.783524,315800,-,88.143307,81.161749,81.526343,80.472990,1064578.00
02/24/2016,87.870003,89.379997,87.720001,89.209999,83.121964,807300,-,88.230427,81.112552,81.516559,79.710815,1067996.00
02/23/2016,87.419998,89.269997,87.290001,88.580002,82.534958,1526600,-,88.316754,81.111435,81.562217,79.315752,1061300.00
02/22/2016,87.830002,88.470001,87.660004,87.919998,81.920013,810800,-,88.398935,81.135474,81.615327,79.108903,1051592.00
02/19/2016,87.120003,88.550003,86.750000,88.010002,82.003868,1254600,-,88.482234,81.183925,81.729002,79.149899,1048006.00
02/18/2016,86.519997,86.750000,85.830002,85.919998,80.056488,672500,-,88.563436,81.245608,81.698719,79.472287,1040532.00
02/17/2016,85.010002,86.419998,84.949997,86.279999,80.391930,812100,-,88.665790,81.358910,81.667972,79.943758,1045080.00
02/16/2016,83.059998,84.230003,82.720001,83.980003,78.248894,758300,-,88.768702,81.446309,81.390310,80.151540,1045926.00
02/12/2016,80.980003,82.089996,80.239998,82.040001,76.441284,1143300,-,88.876134,81.601726,81.087023,80.921170,1040476.00
02/11/2016,82.440002,82.440002,80.879997,81.809998,76.226982,1099900,-,88.995399,81.810439,81.127089,81.834292,1027528.00
02/10/2016,84.410004,84.730003,81.650002,81.739998,76.161766,2413100,-,89.125751,82.013748,81.043231,82.579695,1012900.00
02/09/2016,84.809998,86.360001,84.690002,84.970001,79.171333,1202400,-,89.256057,82.214076,81.085625,83.322304,968644.00
02/08/2016,84.959999,86.889999,84.629997,86.360001,80.466469,1281100,-,89.359436,82.325887,80.961701,83.808681,953092.00
02/05/2016,89.919998,89.919998,88.050003,88.360001,82.329979,893000,-,89.459688,82.399869,80.678448,84.121752,947964.00
02/04/2016,90.500000,92.180000,90.419998,91.470001,85.227745,666800,-,89.546554,82.435462,80.404978,84.308104,939640.00
02/03/2016,90.330002,91.220001,88.809998,90.980003,84.771202,889300,-,89.572413,82.434903,80.085386,83.925152,962902.00
02/02/2016,90.290001,90.379997,88.419998,88.510002,82.469749,740200,-,89.592833,82.477764,79.872945,83.392186,1012886.00
02/01/2016,91.019997,92.739998,90.820000,92.239998,85.945190,528400,-,89.617454,82.564230,79.816573,82.629079,1041704.00
01/29/2016,89.139999,91.930000,89.040001,91.839996,85.572502,1172600,-,89.627564,82.559386,79.654914,81.252876,1078742.00
01/28/2016,89.949997,90.320000,88.930000,89.809998,83.681015,1846200,-,89.644255,82.567771,79.631620,80.419885,1126932.00
01/27/2016,89.849998,91.150002,89.410004,89.709999,83.587852,907200,-,89.688113,82.597402,79.729921,79.506767,1121774.00
01/26/2016,89.610001,90.459999,89.160004,90.190002,84.035110,674500,-,89.731697,82.654425,79.816574,78.848947,1119396.00
01/25/2016,90.279999,90.629997,89.419998,89.720001,83.597176,881600,-,89.774016,82.724493,79.874809,78.114721,1134758.00
01/22/2016,91.220001,91.720001,90.070000,90.360001,84.193497,1700700,-,89.821854,82.795307,79.949350,77.235143,1163240.00
01/21/2016,86.750000,88.080002,85.580002,87.360001,81.398224,1254100,-,89.863150,82.895191,79.951213,76.501852,1138832.00
01/20/2016,81.589996,86.269997,80.970001,85.260002,79.441544,4539200,-,89.919347,83.062348,80.038333,76.245620,1128474.00
01/19/2016,79.790001,80.860001,79.309998,80.320000,74.838676,1487400,-,89.985604,83.247768,80.138963,76.353704,1053538.00
01/15/2016,78.620003,79.449997,77.169998,77.470001,72.183167,1550300,-,90.077235,83.531953,80.493496,77.004068,1032386.00
01/14/2016,82.290001,83.489998,81.070000,82.900002,77.242592,1442700,-,90.180293,83.860677,81.047425,78.056953,1012144.00
01/13/2016,82.709999,83.099998,79.870003,80.010002,74.549828,945700,-,90.261245,84.069577,81.324156,78.843356,993852.00
01/12/2016,83.349998,83.949997,81.669998,82.650002,77.009659,875800,-,90.365325,84.307733,81.624647,79.953075,984234.00
01/11/2016,82.980003,83.260002,81.599998,82.309998,76.692848,1117900,-,90.451279,84.483090,81.840348,80.784201,977070.00
01/08/2016,81.769997,82.120003,80.129997,80.279999,74.801399,899400,-,90.525963,84.688635,82.159010,81.634897,967084.00
01/07/2016,82.440002,84.150002,82.239998,82.489998,76.860580,811200,-,90.635767,84.898653,82.605787,82.663556,959990.00
01/06/2016,83.900002,85.220001,83.739998,84.610001,78.835907,2323900,-,90.761909,85.081277,82.979886,83.400575,956056.00
01/05/2016,86.180000,87.089996,85.660004,86.419998,80.522385,813100,-,90.879701,85.249552,83.292490,83.831046,941280.00
01/04/2016,87.290001,87.419998,85.910004,87.300003,81.342316,2275300,-,90.986471,85.359500,83.552450,83.924222,957914.00
12/31/2015,89.989998,90.150002,88.769997,88.769997,82.712013,433800,-,91.075177,85.410001,83.723428,83.982923,931286.00
12/30/2015,92.120003,92.250000,91.320000,91.339996,85.106621,281600,-,91.155555,85.414659,83.888815,84.037897,944770.00
12/29/2015,91.510002,92.209999,91.449997,91.919998,85.647018,632500,-,91.223728,85.366954,83.977332,83.804956,949194.00
12/28/2015,91.669998,91.760002,90.849998,91.570000,85.320923,348700,-,91.294009,85.306017,84.014603,83.296219,954398.00
12/24/2015,90.900002,91.830002,90.900002,91.440002,85.199806,94600,-,91.355146,85.248807,84.057464,82.896496,992026.00
12/23/2015,91.040001,91.610001,90.889999,91.320000,85.087990,418400,-,91.413744,85.171098,84.035568,82.683123,1052498.00
12/22/2015,89.839996,90.639999,89.279999,90.400002,84.230774,1691100,-,91.481594,85.096371,83.989446,82.548017,1065080.00
12/21/2015,89.480003,89.870003,88.449997,89.230003,83.140617,1048100,-,91.551280,85.086308,83.983389,82.559197,1046104.00
12/18/2015,87.290001,87.940002,86.989998,87.419998,81.454140,500600,-,91.634647,85.116870,84.086349,82.753934,1035994.00
12/17/2015,89.709999,89.779999,87.930000,87.930000,81.929329,662900,-,91.723627,85.190665,84.359353,83.180678,1045462.00
12/16/2015,88.540001,89.570000,87.730003,89.360001,83.261749,627400,-,91.819616,85.230358,84.602541,83.463933,1049680.00
12/15/2015,88.410004,89.459999,88.250000,88.839996,82.777214,505800,-,91.905060,85.243216,84.724602,83.739732,1051776.00
12/14/2015,87.339996,87.440002,85.680000,86.459999,80.559647,649100,-,91.992834,85.253465,84.885330,84.149707,1060680.00
12/11/2015,87.900002,88.279999,87.150002,87.279999,81.323692,486700,-,92.098354,85.289804,85.115475,84.732987,1066714.00
12/10/2015,89.699997,90.260002,88.930000,89.150002,83.066078,472500,-,92.189650,85.265392,85.371241,85.218433,1083444.00
12/09/2015,89.970001,91.019997,89.290001,89.870003,83.736931,1041200,-,92.273298,85.243589,85.594863,85.388013,1123322.00
12/08/2015,90.129997,90.830002,89.639999,90.519997,84.342575,631500,-,92.358492,85.156749,85.764909,85.430875,1129526.00
12/07/2015,92.250000,92.269997,91.139999,91.320000,85.087990,880900,-,92.448890,85.018104,86.007165,85.407581,1149660.00
12/04/2015,91.370003,92.260002,91.070000,92.000000,85.721573,899900,-,92.509527,84.906852,86.240570,85.418763,1156772.00
12/03/2015,92.980003,93.080002,90.349998,90.970001,84.761879,854400,-,92.565747,84.761499,86.390117,85.538029,1185108.00
12/02/2015,93.349998,93.440002,92.019997,92.320000,86.019745,485800,-,92.625610,84.629376,86.604421,85.741150,1201226.00
12/01/2015,93.129997,93.510002,92.730003,93.239998,86.876961,495900,-,92.675069,84.524273,86.734401,85.709471,1225764.00
11/30/2015,92.779999,92.889999,92.160004,92.720001,86.392448,368500,-,92.716819,84.452715,86.774932,85.620953,1243418.00
11/27/2015,92.300003,92.550003,92.059998,92.489998,86.178146,200300,-,92.767974,84.402213,86.778193,85.497962,1265010.00
11/25/2015,90.550003,91.470001,90.459999,90.970001,84.761879,424800,-,92.818167,84.407803,86.758160,85.524049,1273586.00
11/24/2015,88.660004,90.610001,88.629997,90.330002,84.165550,1024700,-,92.872573,84.458863,86.868572,85.801713,1279134.00
11/23/2015,90.129997,91.160004,89.959999,90.269997,84.109642,476800,-,92.923858,84.514769,86.925409,86.098943,1274820.00
11/20/2015,92.820000,92.980003,91.150002,91.440002,85.199806,1829900,-,92.959469,84.527068,87.019516,86.606749,1277054.00
11/19/2015,92.930000,93.900002,92.510002,93.279999,86.914230,3388500,-,92.999525,84.531540,87.122009,87.062377,1251832.00
11/18/2015,92.370003,93.250000,92.099998,93.150002,86.793091,2181100,-,93.041690,84.511601,87.077285,87.242206,1201000.00
11/17/2015,92.209999,92.750000,91.820000,91.980003,85.702957,2380300,-,93.078635,84.472840,86.930999,87.467693,1178002.00
11/16/2015,90.599998,92.480003,90.410004,92.290001,85.991783,3582100,-,93.130510,84.508246,86.793098,87.759331,1150264.00
11/13/2015,91.510002,92.300003,90.680000,91.400002,85.162537,1588300,-,93.177056,84.491102,86.629576,87.928912,1094124.00
11/12/2015,93.589996,93.849998,92.529999,92.769997,86.439018,788300,-,93.231864,84.514955,86.501459,88.058424,1087162.00
11/11/2015,94.370003,94.830002,93.410004,93.949997,87.538513,1442600,-,93.290462,84.475076,86.302529,87.992271,1099700.00
11/10/2015,93.989998,94.010002,93.150002,93.519997,87.137848,2305700,-,93.336627,84.385814,85.991322,87.935431,1092770.00
11/09/2015,96.580002,96.629997,95.169998,95.720001,89.187706,480300,-,93.392610,84.339226,85.702011,87.751875,1070122.00
11/06/2015,95.470001,96.400002,94.760002,96.330002,89.756088,736200,-,93.442921,84.269531,85.429007,87.432283,1083518.00
11/05/2015,96.349998,96.620003,94.599998,95.209999,88.712517,792400,-,93.481096,84.187164,85.174637,87.181641,1110028.00
11/04/2015,95.370003,95.809998,94.779999,95.570000,89.047958,429800,-,93.535078,84.060259,84.996206,86.912363,1136410.00
11/03/2015,94.010002,95.449997,93.660004,95.110001,88.619339,538200,-,93.582712,83.900742,84.739506,86.394305,1168364.00
11/02/2015,94.279999,94.589996,93.540001,94.110001,87.687592,528100,-,93.619635,83.717931,84.503772,85.826865,1237936.00
10/30/2015,92.360001,93.360001,92.089996,92.790001,86.457657,464800,-,93.657656,83.565123,84.283877,85.330240,1276452.00
10/29/2015,92.260002,92.570000,91.680000,92.059998,85.777489,517600,-,93.696833,83.465426,84.079824,84.944494,1306200.00
10/28/2015,93.550003,94.089996,92.260002,93.339996,86.970116,618600,-,93.744728,83.444181,83.796104,84.612787,1328340.00
10/27/2015,92.529999,92.750000,91.269997,91.550003,85.302292,544700,-,93.788232,83.435050,83.546394,84.047212,1367472.00
10/26/2015,92.500000,92.900002,92.110001,92.290001,85.991783,614500,-,93.840076,83.465239,83.251027,83.652146,1407968.00
10/23/2015,94.239998,94.410004,93.239998,93.639999,87.249664,1585100,-,93.882183,83.472693,82.821954,83.425730,1443676.00
10/22/2015,92.029999,92.910004,91.889999,92.320000,86.019745,1644800,-,93.924104,83.492819,82.435741,83.167633,1429890.00
10/21/2015,90.870003,91.239998,89.959999,90.010002,83.867378,943900,-,93.962373,83.581522,82.057448,83.080048,1419070.00
10/20/2015,88.080002,90.470001,87.540001,89.019997,82.944939,1108000,-,94.008767,83.752593,81.771865,83.084707,1412948.00
10/19/2015,88.610001,88.989998,88.029999,88.779999,82.721336,502800,-,94.073969,83.946398,81.662850,83.180679,1406336.00
10/16/2015,88.220001,89.070000,87.750000,88.650002,82.600197,892700,-,94.156982,84.099019,81.691734,83.237514,1406308.00
10/15/2015,87.830002,89.290001,87.150002,88.500000,82.460419,2230100,-,94.242589,84.242696,81.755093,83.215154,1416882.00
10/14/2015,85.010002,87.750000,84.610001,87.269997,81.314369,3118200,-,94.330606,84.431470,81.954955,82.979420,1393322.00
10/13/2015,88.589996,88.870003,87.120003,87.309998,81.351631,1047500,-,94.429809,84.608876,82.254980,83.045576,1346688.00
10/12/2015,90.230003,90.360001,89.620003,89.860001,83.727623,742300,-,94.528457,84.810695,82.535440,82.849908,1342096.00
10/09/2015,90.709999,91.099998,90.279999,90.870003,84.668694,542600,-,94.616796,84.984188,82.585289,82.218178,1341538.00
10/08/2015,91.269997,91.449997,89.879997,91.379997,85.143898,974000,-,94.698072,85.137368,82.623025,81.703848,1354096.00
10/07/2015,91.000000,91.610001,88.849998,90.059998,83.913963,873800,-,94.778775,85.279740,82.661693,81.034847,1345976.00
10/06/2015,89.970001,90.800003,89.290001,90.050003,83.904655,732200,-,94.853235,85.447829,82.708747,80.459023,1359674.00
10/05/2015,88.690002,90.059998,88.529999,89.389999,83.289688,951000,-,94.933615,85.607719,82.887178,80.145021,1361922.00
10/02/2015,85.889999,88.709999,85.449997,88.410004,82.376595,950800,-,95.005879,85.778044,82.979422,80.145954,1382796.00
10/01/2015,86.239998,86.599998,84.449997,85.970001,80.103088,1323200,-,95.078640,86.029991,83.178352,80.295033,1381722.00
09/30/2015,86.970001,88.070000,86.629997,87.980003,81.975922,2466400,-,95.156016,86.307095,83.395452,80.930489,1393146.00
09/29/2015,82.900002,85.529999,82.620003,85.209999,79.394951,1351400,-,95.236375,86.547861,83.450425,81.464385,1374324.00
09/28/2015,83.260002,83.849998,82.430000,83.080002,77.410324,1638200,-,95.334263,86.842110,83.721101,82.220972,1369542.00
09/25/2015,87.010002,87.099998,84.750000,85.349998,79.525398,1236500,-,95.442028,87.167665,84.135732,82.952399,1392428.00
09/24/2015,82.879997,84.930000,82.099998,84.199997,78.453888,2316700,-,95.543425,87.447378,84.441349,83.542202,1450008.00
09/23/2015,85.690002,85.820000,83.709999,83.879997,78.155724,1660300,-,95.650180,87.866296,84.637017,84.288538,1449648.00
09/22/2015,88.400002,88.470001,85.889999,86.680000,80.764633,1712700,-,95.764668,88.223904,84.782837,84.958470,1441206.00
09/21/2015,90.610001,91.059998,88.669998,89.400002,83.299019,1378600,-,95.857233,88.533620,84.718546,85.629335,1424132.00
09/18/2015,89.870003,91.190002,89.480003,90.010002,83.867378,1448100,-,95.939069,88.781467,84.555954,85.812891,1442000.00
09/17/2015,92.169998,94.389999,91.910004,92.790001,86.457657,629100,-,96.008768,88.960551,84.436224,86.061671,1446710.00
09/16/2015,93.650002,93.910004,92.709999,93.709999,87.314880,702200,-,96.063805,89.041613,84.349105,85.860415,1449816.00
09/15/2015,92.480003,93.669998,92.160004,93.330002,86.960823,809000,-,96.115897,89.161810,84.309039,85.436465,1461506.00
09/14/2015,91.489998,91.629997,90.470001,90.930000,84.724594,588500,-,96.161020,89.321886,84.301584,85.221229,1459732.00
09/11/2015,91.610001,91.879997,90.959999,91.680000,85.423424,568800,-,96.214550,89.576628,84.383579,85.319065,1466818.00
09/10/2015,91.769997,92.949997,90.709999,92.209999,85.917252,846900,-,96.266203,89.836960,84.525206,85.340495,1481550.00
09/09/2015,93.919998,94.500000,90.809998,91.070000,84.855042,1031200,-,96.325284,90.059091,84.752088,84.985497,1479698.00
09/08/2015,93.720001,94.470001,92.910004,93.879997,87.473282,993400,-,96.390738,90.310479,85.130381,84.607203,1479946.00
09/04/2015,90.449997,91.849998,90.279999,91.370003,85.134575,775100,-,96.441391,90.588142,85.388478,83.807756,1477466.00
09/03/2015,93.389999,93.940002,92.250000,92.680000,86.355186,1240200,-,96.495969,90.940160,85.649369,83.299018,1469876.00
09/02/2015,91.040001,91.040001,89.209999,90.629997,84.445091,1415200,-,96.537924,91.262361,85.820812,82.810777,1453170.00
09/01/2015,89.760002,90.580002,88.559998,89.160004,83.075386,1096100,-,96.587810,91.642145,86.193513,82.837795,1434462.00
08/31/2015,91.360001,92.080002,90.720001,91.019997,84.808456,1173300,-,96.643714,92.066094,86.548978,83.181613,1426720.00
08/28/2015,92.489998,93.129997,91.430000,91.980003,85.702957,1150100,-,96.690535,92.397613,86.880683,83.381940,1412852.00
08/27/2015,91.169998,91.930000,90.470001,91.910004,85.637726,2061700,-,96.735058,92.713478,87.215648,83.448093,1417600.00
08/26/2015,89.269997,89.300003,86.250000,88.400002,82.367264,2111500,-,96.778334,93.009963,87.550148,83.709917,1387518.00
08/25/2015,91.150002,91.269997,86.360001,87.010002,81.072105,2027500,-,96.827836,93.397760,88.044910,84.518680,1356056.00
08/24/2015,84.440002,85.300003,82.070000,85.300003,79.478813,4016800,-,96.893293,93.795992,88.607225,85.653560,1332342.00
08/21/2015,88.480003,89.419998,85.790001,85.910004,80.047195,2453900,-,96.958717,94.217333,89.228241,86.969199,1263678.00
08/20/2015,89.519997,89.589996,87.000000,87.440002,81.472778,1952200,-,97.016074,94.666253,89.816179,87.999721,1232054.00
08/19/2015,91.120003,91.750000,90.110001,90.919998,84.715271,1624600,-,97.069031,95.067839,90.491236,88.830846,1202950.00
08/18/2015,94.010002,94.029999,92.620003,92.849998,86.513565,2575200,-,97.106377,95.390786,90.953388,89.549231,1187340.00
08/17/2015,91.730003,93.300003,91.480003,93.169998,86.811722,2569500,-,97.124559,95.669381,91.328420,89.916343,1151898.00
08/14/2015,92.250000,93.139999,91.099998,92.690002,86.364487,2399900,-,97.136811,95.966239,91.693203,90.379426,1120450.00
08/13/2015,96.129997,96.360001,94.639999,94.720001,88.255966,895800,-,97.158188,96.299808,92.059384,90.983204,1099896.00
08/12/2015,96.370003,97.400002,94.959999,97.080002,90.454895,1103800,-,97.159843,96.616605,92.322139,91.390380,1102566.00
08/11/2015,100.070000,100.080002,98.599998,99.190002,92.420906,637800,-,97.147128,96.858303,92.769382,91.571140,1095206.00
08/10/2015,97.349998,99.750000,97.349998,99.419998,92.635208,777400,-,97.119543,97.090124,92.950143,91.560891,1099574.00
08/07/2015,96.050003,96.989998,95.669998,96.970001,90.352409,501400,-,97.082516,97.330144,93.130904,91.487282,1094878.00
08/06/2015,98.029999,98.110001,96.239998,96.360001,89.784035,1421400,-,97.063377,97.643773,93.397852,91.632636,1096612.00
08/05/2015,98.470001,99.209999,98.360001,98.629997,91.899117,1052100,-,97.042225,97.945104,93.549729,92.151626,1079954.00
08/04/2015,98.180000,98.370003,96.400002,96.790001,90.184685,786500,-,97.010498,98.137791,93.480313,92.357545,1069740.00
08/03/2015,99.339996,99.379997,97.309998,98.139999,91.442551,817900,-,96.979158,98.402224,93.637314,92.740498,1059074.00
07/31/2015,100.269997,100.510002,98.910004,99.169998,92.402267,714400,-,96.946523,98.651748,93.813417,93.006981,1050034.00
07/30/2015,97.870003,99.410004,97.680000,99.089996,92.327728,1170500,-,96.913204,98.884128,94.066389,93.135564,1046378.00
07/29/2015,98.940002,99.330002,98.120003,99.019997,92.262497,568000,-,96.869623,99.110173,94.372005,93.253898,1032498.00
07/28/2015,97.739998,99.809998,97.220001,99.080002,92.318413,1558700,-,96.824750,99.333795,94.610070,93.967624,1032232.00
07/27/2015,99.489998,99.940002,98.330002,98.629997,91.899117,844600,-,96.799341,99.556857,94.865371,94.339396,1016960.00
07/24/2015,100.879997,101.059998,97.449997,98.529999,91.805954,1994700,-,96.785278,99.779547,95.338237,94.774526,1014650.00
07/23/2015,101.180000,102.300003,100.970001,101.930000,94.973930,897100,-,96.764882,99.966830,95.884713,95.163068,984134.00
07/22/2015,100.059998,101.089996,99.570000,100.839996,93.958305,1894400,-,96.742889,100.091685,96.259278,94.947832,975864.00
07/21/2015,101.000000,101.959999,100.419998,100.900002,94.014214,1525300,-,96.723708,100.236667,96.733078,94.603082,947172.00
07/20/2015,102.050003,102.379997,100.760002,101.000000,94.107384,1112300,-,96.701843,100.364131,97.246009,94.534131,935704.00
07/17/2015,101.000000,101.089996,99.410004,100.550003,93.688103,2782500,-,96.679143,100.461406,97.609859,94.619853,935550.00
07/16/2015,104.150002,104.239998,99.269997,100.360001,93.511063,4115500,-,96.667648,100.559241,98.000265,94.997214,906010.00
07/15/2015,106.089996,108.169998,105.750000,106.680000,99.399757,2298700,-,96.661107,100.653907,98.347810,95.490112,856436.00
07/14/2015,103.260002,103.849998,102.449997,103.070000,96.036133,1238200,-,96.626788,100.676455,98.465677,95.252515,824000.00
07/13/2015,103.790001,103.889999,102.949997,103.300003,96.250420,859000,-,96.605218,100.775221,98.713058,95.391346,811984.00
07/10/2015,103.980003,104.139999,101.639999,102.699997,95.691376,2272000,-,96.587292,100.844917,98.927828,95.901949,834594.00
07/09/2015,101.750000,102.120003,99.199997,99.620003,92.821564,1683600,-,96.564764,100.936974,99.267919,96.606357,832366.00
07/08/2015,98.099998,98.540001,96.779999,97.139999,90.510803,784400,-,96.558665,101.126493,99.704446,97.570725,820218.00
07/07/2015,99.269997,100.639999,97.309998,100.160004,93.324707,1286700,-,96.572351,101.360737,100.222037,98.863074,886042.00
07/06/2015,101.089996,103.110001,100.949997,101.919998,94.964607,720300,-,96.577978,101.491183,100.577968,99.957887,895270.00
07/02/2015,105.320000,105.330002,103.709999,104.599998,97.461708,942800,-,96.567592,101.602229,100.912468,100.599866,908004.00
07/01/2015,107.739998,107.900002,105.260002,105.650002,98.440048,1305400,-,96.548373,101.647057,101.191529,101.003316,986134.00
06/30/2015,105.709999,105.790001,103.220001,104.129997,97.023788,754300,-,96.517881,101.486248,101.474318,101.205508,1007960.00
06/29/2015,105.820000,106.580002,104.029999,104.559998,97.424438,1043600,-,96.490170,101.322875,101.750117,101.678838,1015456.00
06/26/2015,110.650002,111.139999,108.190002,108.779999,101.356445,869400,-,96.458606,101.122265,102.079493,102.034769,1028008.00
06/25/2015,110.839996,111.089996,109.900002,110.260002,102.735458,395600,-,96.402666,100.854483,102.243482,101.953707,1056492.00
06/24/2015,110.550003,111.000000,109.790001,109.970001,102.465248,404900,-,96.338490,100.577987,102.408403,101.929481,1131162.00
06/23/2015,111.940002,112.129997,110.970001,111.010002,103.434288,479800,-,96.276404,100.377735,102.527668,101.838168,1145810.00
06/22/2015,111.970001,113.000000,111.300003,111.910004,104.272842,709000,-,96.211046,100.155143,102.432628,101.581000,1156968.00
06/19/2015,108.959999,109.150002,108.370003,108.809998,101.384392,479900,-,96.142974,99.919663,102.389302,101.198048,1159714.00
06/18/2015,107.150002,110.260002,107.099998,108.930000,101.496208,1387500,-,96.089345,99.755270,102.516021,101.225070,1182310.00
06/17/2015,107.970001,108.430000,107.260002,107.820000,100.461975,557600,-,96.045560,99.574399,102.642274,101.379742,1167168.00
06/16/2015,108.279999,109.550003,107.730003,109.209999,101.757088,538400,-,95.987711,99.417912,102.800673,101.743127,1179252.00
06/15/2015,106.480003,108.540001,106.190002,108.379997,100.983749,841800,-,95.922554,99.236632,102.884998,101.821396,1186812.00
06/12/2015,107.650002,108.639999,106.959999,107.910004,100.545822,583600,-,95.860154,99.080252,103.009387,102.124216,1179950.00
06/11/2015,111.000000,111.800003,109.470001,110.000000,102.493195,872700,-,95.799158,98.925232,103.133777,102.533257,1181110.00
06/10/2015,108.930000,110.070000,108.349998,108.989998,101.552116,497000,-,95.725604,98.744027,103.067622,102.887325,1188138.00
06/09/2015,108.519997,108.680000,107.250000,108.250000,100.862610,844100,-,95.650142,98.620300,103.050851,103.217168,1198010.00
06/08/2015,108.169998,108.599998,107.129997,107.800003,100.443329,803100,-,95.580950,98.487059,103.068089,103.284256,1206332.00
06/05/2015,109.599998,110.010002,108.750000,109.099998,101.654610,997100,-,95.506270,98.310784,103.065294,103.580555,1276876.00
06/04/2015,112.070000,113.680000,110.370003,110.589996,103.042931,1372200,-,95.428493,98.212936,102.931121,103.806972,1291598.00
06/03/2015,112.250000,112.919998,111.440002,111.720001,104.095818,1029300,-,95.342665,98.193860,102.707965,103.904806,1276726.00
06/02/2015,111.370003,111.410004,110.050003,110.050003,102.539780,735800,-,95.246671,98.159829,102.415393,103.858218,1267392.00
06/01/2015,112.190002,112.349998,110.410004,111.629997,104.011948,856200,-,95.155174,98.146562,102.314763,103.948599,1267632.00
05/29/2015,113.269997,113.879997,111.500000,112.300003,104.636238,542600,-,95.057241,98.047992,102.162888,103.894559,1263332.00
05/28/2015,113.690002,114.139999,112.500000,113.800003,106.033875,588100,-,94.956556,97.931019,101.917835,103.734296,1286546.00
05/27/2015,109.610001,112.910004,109.519997,112.529999,104.850540,588500,-,94.854571,97.785167,101.630853,103.247919,1288672.00
05/26/2015,110.379997,110.519997,108.400002,108.970001,101.533493,541400,-,94.753000,97.682218,101.503202,102.884534,1285304.00
05/22/2015,110.989998,111.370003,110.449997,110.980003,103.406319,253200,-,94.669401,97.602515,101.537677,102.851922,1303058.00
05/21/2015,111.330002,111.820000,111.050003,111.529999,103.918777,365900,-,94.578334,97.472777,101.359711,102.550032,1328590.00
05/20/2015,111.449997,112.279999,111.150002,111.639999,104.021271,531600,-,94.478740,97.367563,101.189619,102.055270,1332294.00
05/19/2015,110.970001,111.739998,110.580002,111.220001,103.629944,476500,-,94.379743,97.250496,100.973710,101.511125,1334182.00
05/18/2015,109.959999,111.250000,109.610001,111.019997,103.443588,554700,-,94.288391,97.174179,100.312192,100.972568,1334772.00
05/15/2015,111.089996,111.489998,110.599998,111.050003,103.471542,795100,-,94.206570,97.090306,99.582771,100.680927,1336728.00
05/14/2015,109.900002,111.059998,109.400002,110.580002,103.033615,729100,-,94.129142,97.043421,98.778892,100.431216,1328876.00
05/13/2015,108.889999,109.309998,107.900002,108.580002,101.170097,468900,-,93.999062,96.989759,98.025578,100.101373,1325026.00
05/12/2015,108.349998,108.930000,107.870003,108.629997,101.216690,483600,-,93.883849,96.972996,97.412605,100.013787,1328674.00
05/11/2015,107.519997,108.879997,107.470001,108.620003,101.207375,459800,-,93.770668,96.981936,96.974403,100.121870,1331012.00
05/08/2015,107.269997,108.309998,107.139999,107.739998,100.387421,951900,-,93.665580,96.949446,96.529268,100.223431,1335552.00
05/07/2015,105.730003,106.570000,105.309998,106.220001,98.971153,1104600,-,93.566025,96.937610,96.134841,100.169390,1328680.00
05/06/2015,107.190002,107.330002,105.559998,105.800003,98.579826,1305500,-,93.474291,96.973705,95.844520,100.323969,1329634.00
05/05/2015,107.330002,107.330002,105.019997,105.440002,98.244370,1636800,-,93.385809,97.050549,95.538161,100.436295,1346600.00
05/04/2015,109.470001,109.470001,107.760002,107.889999,100.527184,676900,-,93.291513,97.029969,95.257824,99.651817,1322908.00
05/01/2015,107.500000,108.550003,107.410004,108.370003,100.974434,637400,-,93.187514,96.958739,94.866119,98.484614,1321020.00
04/30/2015,108.019997,108.680000,106.440002,107.040001,99.735184,1989500,-,93.091359,96.873940,94.475634,97.126567,1313780.00
04/29/2015,108.790001,109.190002,107.089996,107.639999,100.294235,2160600,-,93.011758,96.797465,94.128616,95.949783,1280228.00
04/28/2015,109.750000,110.040001,108.870003,109.790001,102.297523,1076200,-,92.929963,96.696121,93.785551,94.811423,1246890.00
04/27/2015,109.570000,110.910004,109.250000,109.709999,102.222984,4075600,-,92.841203,96.582641,93.438964,93.826936,1232548.00
04/24/2015,108.059998,108.199997,106.599998,107.160004,99.847008,1748100,-,92.759567,96.462513,93.037842,92.835105,1159906.00
04/23/2015,108.839996,108.959999,107.459999,108.690002,100.516937,1357000,-,92.692678,96.378438,92.626971,92.100291,1139250.00
04/22/2015,109.820000,111.199997,106.379997,107.809998,99.703094,4849300,-,92.627710,96.256548,92.439235,91.365072,1125698.00
04/21/2015,98.169998,98.739998,97.089996,97.750000,90.399582,2396700,-,92.573655,96.087124,92.558536,90.640028,1044688.00
04/20/2015,94.989998,96.239998,94.940002,96.080002,88.855156,1129100,-,92.564130,96.143353,93.158271,90.863831,1016050.00
04/17/2015,94.750000,95.110001,93.949997,94.500000,87.393967,1671200,-,92.554234,96.273195,93.809334,91.247623,1004866.00
04/16/2015,94.830002,96.129997,94.160004,95.120003,87.967339,2293600,-,92.555020,96.408957,94.393810,91.824701,987240.00
04/15/2015,100.059998,100.080002,95.889999,96.139999,88.910645,4129100,-,92.546466,96.571167,94.934820,92.307449,955704.00
04/14/2015,100.860001,100.970001,99.570000,99.970001,92.452652,1137300,-,92.528941,96.698976,95.426354,92.759679,896680.00
04/13/2015,100.389999,100.989998,99.589996,99.809998,92.304672,1037700,-,92.493059,96.772405,95.788876,93.050993,895410.00
04/10/2015,99.730003,100.580002,99.589996,100.019997,92.498871,846300,-,92.460829,96.889485,96.051058,93.240579,887308.00
04/09/2015,100.309998,100.860001,99.489998,100.739998,93.164742,1609700,-,92.424808,96.974937,96.272087,93.153650,885456.00
04/08/2015,99.800003,100.180000,99.199997,99.970001,92.452652,630400,-,92.388741,97.078330,96.546753,93.513399,871500.00
04/07/2015,100.930000,101.860001,100.120003,100.169998,92.637611,1161800,-,92.364835,97.214276,96.832517,94.477045,878796.00
04/06/2015,100.919998,101.199997,100.000000,100.230003,92.693085,916400,-,92.333900,97.309346,97.191340,95.452712,875052.00
04/02/2015,101.610001,102.010002,100.480003,100.739998,93.164742,498700,-,92.301763,97.445662,97.519183,96.371044,868512.00
04/01/2015,101.120003,101.120003,99.550003,100.339996,92.794815,641600,-,92.257927,97.553864,97.917311,96.962918,889920.00
03/31/2015,101.470001,102.220001,100.970001,101.029999,93.432953,1224100,-,92.212889,97.618045,98.295095,97.562192,896028.00
03/30/2015,101.570000,103.430000,101.570000,103.120003,95.365784,990600,-,92.159020,97.655222,98.640046,98.093028,884220.00
03/27/2015,99.989998,102.120003,99.949997,101.860001,94.200539,1260200,-,92.095254,97.633766,98.954941,98.526759,890068.00
03/26/2015,101.010002,101.010002,98.419998,99.080002,91.629578,4330300,-,92.039905,97.656886,99.224058,98.861537,876720.00
03/25/2015,109.699997,109.739998,104.449997,104.629997,96.762230,1733200,-,91.993665,97.737714,99.632359,99.390524,806298.00
03/24/2015,111.220001,111.400002,110.209999,110.389999,102.089111,628600,-,91.921900,97.715888,99.833042,99.580108,793944.00
03/23/2015,110.349998,111.199997,109.930000,110.720001,102.394287,562600,-,91.823316,97.562370,99.849688,99.187989,790184.00
03/20/2015,109.379997,110.680000,108.720001,110.160004,101.876404,747800,-,91.716686,97.427164,99.590743,98.929968,788564.00
03/19/2015,106.459999,107.470001,106.320000,107.139999,99.083481,641200,-,91.607929,97.263104,99.345207,98.667323,790710.00
03/18/2015,105.980003,107.349998,104.400002,106.820000,98.787552,1703300,-,91.510593,97.144359,99.227757,98.871705,799512.00
03/17/2015,106.620003,107.250000,106.300003,106.769997,98.741318,694400,-,91.413813,97.088316,99.083950,99.027998,779020.00
03/16/2015,106.860001,108.000000,106.559998,107.809998,99.703094,420100,-,91.317217,97.099969,98.908237,99.187063,773012.00
03/13/2015,105.099998,105.739998,104.680000,105.480003,97.548317,1429100,-,91.212760,97.100339,98.754258,99.383123,772388.00
03/12/2015,106.620003,106.660004,104.220001,104.800003,96.919441,1529800,-,91.117413,97.150648,98.687672,99.586579,751546.00
03/11/2015,106.720001,107.980003,106.309998,106.680000,98.658073,551100,-,91.026921,97.235360,98.623861,99.874194,724758.00
03/10/2015,106.989998,107.199997,105.959999,106.150002,98.167923,626000,-,90.919829,97.283820,98.412081,100.085976,717674.00
03/09/2015,107.449997,108.190002,107.070000,107.930000,99.814079,506000,-,90.814262,97.348372,98.065281,100.511387,706488.00
03/06/2015,108.260002,108.379997,106.680000,107.320000,99.249947,652500,-,90.698939,97.370567,97.735126,100.251517,712302.00
03/05/2015,109.209999,109.800003,108.720001,109.349998,101.127304,402500,-,90.577513,97.411259,97.539993,100.023091,714682.00
03/04/2015,108.230003,108.870003,107.320000,108.510002,100.350479,536600,-,90.447346,97.364833,97.192730,99.583809,721330.00
03/03/2015,109.879997,109.959999,108.059998,108.489998,100.331970,651300,-,90.320463,97.357435,96.979099,99.139903,721542.00
03/02/2015,109.260002,110.269997,108.989998,109.930000,101.663696,600500,-,90.191869,97.305646,96.727554,98.629412,718588.00
02/27/2015,107.529999,108.430000,106.750000,107.680000,99.582878,686800,-,90.058050,97.210946,96.450575,98.125394,721622.00
02/26/2015,107.599998,108.669998,107.510002,107.910004,99.795593,608300,-,89.935745,97.130858,96.379365,97.788766,720544.00
02/25/2015,109.690002,109.940002,108.419998,108.970001,100.775887,1152300,-,89.816676,97.095900,96.228159,97.373528,718018.00
02/24/2015,108.529999,110.849998,107.879997,110.750000,102.422035,2153800,-,89.684198,97.059832,96.106084,96.738187,702364.00
02/23/2015,105.629997,105.709999,105.010002,105.120003,97.215385,452200,-,89.546171,96.990657,95.947480,95.619174,672180.00
02/20/2015,102.599998,105.059998,102.599998,104.849998,96.965683,582500,-,89.432143,97.042446,95.956265,95.218735,675126.00
02/19/2015,103.809998,105.169998,103.709999,104.599998,96.734482,275400,-,89.316773,97.099229,96.083426,95.056895,679006.00
02/18/2015,103.589996,104.070000,103.260002,103.709999,95.911423,311900,-,89.204179,97.185606,96.175444,94.801650,686052.00
02/17/2015,102.510002,103.330002,101.970001,102.970001,95.227058,493700,-,89.098612,97.252932,96.180067,94.818295,691944.00
02/13/2015,104.529999,104.650002,103.830002,104.480003,96.623512,359100,-,88.998641,97.341712,96.183303,94.825696,700212.00
02/12/2015,103.820000,104.099998,103.089996,104.040001,96.216599,443500,-,88.891872,97.365388,96.066778,94.775756,702964.00
02/11/2015,102.949997,103.790001,102.669998,103.419998,95.643219,715300,-,88.790514,97.390357,96.023774,94.969964,707298.00
02/10/2015,101.300003,102.370003,101.070000,102.099998,94.422470,679400,-,88.693039,97.432159,96.025161,95.082789,699886.00
02/09/2015,98.870003,99.860001,98.570000,98.650002,91.231911,798800,-,88.598617,97.463417,96.087585,95.473982,695714.00
02/06/2015,101.529999,102.250000,100.440002,100.790001,93.210991,964800,-,88.527800,97.547389,96.246651,96.275786,695038.00
02/05/2015,102.559998,103.260002,101.629997,103.099998,95.347282,569900,-,88.437153,97.598253,96.367801,96.693796,701388.00
02/04/2015,102.570000,102.910004,101.650002,101.839996,94.182037,789900,-,88.334360,97.645973,96.284106,97.109956,712664.00
02/03/2015,103.300003,103.930000,102.820000,103.889999,96.077873,716800,-,88.237255,97.721252,96.232317,97.549237,708550.00
02/02/2015,102.980003,103.209999,101.480003,103.050003,95.301064,1177900,-,88.130672,97.751770,96.227692,97.541838,714550.00
01/30/2015,105.949997,106.260002,103.809998,103.940002,96.124115,1073800,-,88.030627,97.766752,96.428836,97.540911,703986.00
01/29/2015,106.269997,106.449997,104.940002,106.139999,98.158676,632600,-,87.939790,97.739193,96.608710,97.357800,694032.00
01/28/2015,106.980003,107.110001,104.580002,104.639999,96.771469,753700,-,87.845327,97.664469,96.703965,97.077584,686950.00
01/27/2015,106.930000,107.339996,106.120003,106.330002,98.334404,911900,-,87.761279,97.614159,96.923145,96.967533,683356.00
01/26/2015,107.000000,107.349998,106.360001,107.320000,99.249947,995200,-,87.681137,97.530927,97.060478,96.701189,676762.00
01/23/2015,106.489998,106.629997,105.279999,105.309998,97.391090,974600,-,87.607908,97.438077,97.167756,96.217516,673522.00
01/22/2015,106.760002,107.949997,106.400002,107.599998,99.508888,589400,-,87.530971,97.376115,97.344394,96.041805,668456.00
01/21/2015,105.059998,107.029999,104.250000,106.589996,98.574844,1569100,-,87.445323,97.231291,97.433175,95.458256,667160.00
01/20/2015,103.110001,104.099998,102.779999,103.809998,96.003883,947000,-,87.368236,97.143065,97.444735,94.915396,646420.00
01/16/2015,101.779999,103.120003,101.230003,103.040001,95.291794,633700,-,87.310184,97.074259,97.643569,94.913547,635930.00
01/15/2015,101.489998,102.830002,101.269997,101.959999,94.292999,1283000,-,87.260455,96.998795,97.766106,95.316762,634294.00
01/14/2015,102.949997,103.849998,102.269997,103.110001,95.356522,592800,-,87.217367,96.954220,97.897890,95.859621,616892.00
01/13/2015,104.099998,105.320000,102.860001,103.449997,95.670959,809200,-,87.168000,96.890778,97.908988,96.330347,618810.00
01/12/2015,104.449997,104.540001,102.599998,103.449997,95.670959,1115500,-,87.110057,96.780357,98.027825,96.878757,612962.00
01/09/2015,103.239998,103.239998,100.970001,102.089996,94.413223,440600,-,87.052754,96.652179,98.192902,97.419768,601986.00
01/08/2015,101.940002,104.250000,101.849998,103.410004,95.633980,481600,-,87.003159,96.576715,98.420405,98.117995,611938.00
01/07/2015,100.480003,101.410004,100.209999,101.290001,93.673393,855100,-,86.946087,96.435775,98.628948,98.646983,612158.00
01/06/2015,102.610001,102.699997,100.540001,100.720001,93.146248,1081300,-,86.894835,96.320544,98.935520,99.408095,611480.00
01/05/2015,105.820000,106.089996,103.650002,103.790001,95.985390,678700,-,86.852079,96.195695,99.330874,99.974075,602458.00
01/02/2015,107.669998,108.410004,106.580002,107.400002,99.323944,394000,-,86.795539,95.980586,99.495489,100.373592,604138.00
12/31/2014,108.029999,109.320000,107.720001,107.830002,99.721596,388900,-,86.715485,95.724600,99.512597,100.215450,609954.00
12/30/2014,108.730003,108.860001,107.970001,108.199997,100.063774,387000,-,86.636785,95.441240,99.416881,99.936159,611044.00
12/29/2014,109.169998,109.589996,109.059998,109.379997,101.155060,190400,-,86.551384,95.151037,99.286946,99.487629,623576.00
12/26/2014,109.849998,109.910004,109.180000,109.300003,101.081070,196900,-,86.455261,94.806270,99.115857,99.176894,643080.00
12/24/2014,109.250000,109.760002,108.860001,109.639999,101.395500,66700,-,86.361111,94.482959,98.861073,98.966037,665114.00
12/23/2014,108.839996,109.599998,108.750000,109.129997,100.923851,796700,-,86.270470,94.169820,98.562823,98.722814,695772.00
12/22/2014,107.440002,109.930000,107.440002,109.519997,101.284515,771500,-,86.179257,93.823573,98.304341,98.610913,708644.00
12/19/2014,106.440002,107.190002,106.080002,106.839996,98.806046,734900,-,86.087981,93.463640,98.126780,98.462946,723704.00
12/18/2014,106.120003,108.120003,106.059998,108.110001,99.980560,547200,-,86.011157,93.232254,98.083776,98.687673,730682.00
12/17/2014,104.080002,105.980003,103.830002,105.690002,97.742531,503600,-,85.930292,93.014370,97.964938,98.617386,745520.00
12/16/2014,103.629997,106.379997,103.599998,104.809998,96.928680,752200,-,85.853018,92.814057,97.880318,98.809743,756276.00
12/15/2014,106.510002,106.730003,103.260002,103.349998,95.578476,632900,-,85.777569,92.686989,97.771192,98.897603,751798.00
12/12/2014,108.059998,108.139999,106.000000,106.019997,98.047707,482000,-,85.693398,92.577862,97.713391,99.086263,749928.00
12/11/2014,107.150002,108.180000,106.889999,107.019997,98.972504,369600,-,85.597521,92.409733,97.523807,99.054821,756740.00
12/10/2014,108.410004,108.500000,106.709999,107.010002,98.963272,644600,-,85.496470,92.221628,97.283821,98.756110,767662.00
12/09/2014,107.660004,108.540001,106.690002,107.919998,99.804840,599500,-,85.395008,92.070145,97.066029,98.402833,769440.00
12/08/2014,108.959999,109.559998,107.349998,107.919998,99.804840,776500,-,85.292589,91.918107,96.790437,97.997769,762448.00
12/05/2014,108.190002,109.510002,108.029999,109.269997,101.053322,627700,-,85.202577,91.772728,96.413579,97.790614,751186.00
12/04/2014,108.230003,108.360001,107.040001,107.349998,99.277687,606500,-,85.104353,91.586103,96.069090,97.479879,767148.00
12/03/2014,106.250000,108.830002,105.889999,107.769997,99.666107,907100,-,85.014870,91.453856,95.733386,97.312490,769590.00
12/02/2014,106.110001,106.190002,105.040001,105.760002,97.807274,496700,-,84.920332,91.284247,95.326010,96.950893,771924.00
12/01/2014,106.169998,106.309998,105.220001,105.389999,97.465080,660200,-,84.841864,91.160138,95.038858,96.644781,782742.00
11/28/2014,105.510002,105.930000,105.330002,105.680000,97.733284,344700,-,84.762818,91.075796,94.774826,96.340520,784676.00
11/26/2014,103.070000,103.919998,102.930000,103.790001,95.985390,470800,-,84.679180,91.010135,94.395656,95.992793,795530.00
11/25/2014,103.220001,103.900002,103.070000,103.190002,95.430504,765000,-,84.601810,90.948173,94.059491,95.811532,814478.00
11/24/2014,103.449997,103.669998,102.639999,103.540001,95.754204,1282300,-,84.534905,90.911921,93.819967,95.729225,831686.00
11/21/2014,106.000000,106.199997,104.849998,105.680000,97.733284,1133700,-,84.456905,90.843671,93.461604,95.583105,826226.00
11/20/2014,104.529999,106.080002,104.330002,105.910004,97.945976,584200,-,84.369101,90.718637,92.970533,95.036544,832274.00
11/19/2014,106.849998,106.949997,105.080002,105.540001,97.603798,1016800,-,84.276938,90.581951,92.418425,94.658300,847908.00
11/18/2014,102.839996,104.220001,102.839996,103.860001,96.050140,649700,-,84.178794,90.433243,91.799732,94.154282,845642.00
11/17/2014,102.150002,102.699997,101.870003,102.449997,94.746147,576100,-,84.083519,90.310243,91.323456,93.701127,841710.00
11/14/2014,101.269997,102.330002,101.010002,102.099998,94.422470,278500,-,83.996917,90.216284,90.863829,93.432935,846452.00
11/13/2014,101.860001,102.730003,101.400002,101.919998,94.256012,574000,-,83.912253,90.135086,90.420387,93.209132,852036.00
11/12/2014,102.110001,102.570000,101.589996,101.830002,94.172783,582200,-,83.831168,90.063136,89.903421,92.798520,882974.00
11/11/2014,101.419998,102.480003,101.230003,102.300003,94.607437,833200,-,83.752423,89.992851,89.440557,92.307449,902058.00
11/10/2014,100.690002,102.000000,100.519997,101.959999,94.292999,721300,-,83.675121,89.955489,88.997113,91.910709,947084.00
11/07/2014,100.120003,100.120003,99.019997,99.769997,92.267677,524600,-,83.604793,89.847472,88.463039,91.340104,948532.00
11/06/2014,100.650002,101.980003,100.620003,101.820000,94.163536,532100,-,83.544454,89.776632,88.014047,90.904521,953472.00
11/05/2014,99.800003,100.389999,99.129997,100.089996,92.563614,422500,-,83.478299,89.663436,87.667708,90.178551,949202.00
11/04/2014,99.269997,99.449997,98.320000,98.959999,91.518593,551900,-,83.433420,89.579094,87.493845,89.445182,948146.00
11/03/2014,99.559998,99.849998,99.040001,99.550003,92.064232,412900,-,83.374813,89.504370,87.304260,88.945786,946126.00
10/31/2014,99.230003,99.919998,98.720001,99.680000,92.184441,688700,-,83.300887,89.392284,87.229813,88.294724,960662.00
10/30/2014,96.930000,97.889999,96.199997,97.480003,90.149887,516800,-,83.230115,89.289076,87.126698,87.631641,955646.00
10/29/2014,97.820000,98.070000,96.290001,96.519997,89.262077,566700,-,83.188835,89.196226,87.101266,87.008323,954740.00
10/28/2014,97.580002,98.290001,96.870003,98.010002,90.640030,938200,-,83.160006,89.132969,87.116525,86.573665,954018.00
10/27/2014,94.519997,95.989998,94.279999,95.790001,88.586952,492600,-,83.120487,89.037714,87.153979,86.083517,948584.00
10/24/2014,94.230003,95.580002,94.099998,95.059998,87.911850,821200,-,83.094484,88.963915,87.334779,85.585975,955516.00
10/23/2014,93.620003,94.510002,93.440002,93.970001,86.903831,630200,-,83.067599,88.890486,87.565981,85.123573,952744.00
10/22/2014,93.300003,93.809998,92.099998,92.160004,85.229927,762700,-,83.043419,88.840916,87.806892,85.156866,952846.00
10/21/2014,91.930000,93.779999,91.820000,93.559998,86.524628,684800,-,83.026510,88.826304,88.178663,85.542509,947958.00
10/20/2014,90.949997,92.620003,90.930000,92.510002,85.553612,443400,-,83.006607,88.808548,88.411715,85.662734,941988.00
10/17/2014,93.339996,93.459999,92.220001,92.510002,85.553612,1013600,-,83.000212,88.788203,88.714125,86.164902,950960.00
10/16/2014,88.639999,91.910004,88.550003,90.739998,83.916710,1165600,-,82.995281,88.773406,89.098844,86.621754,942218.00
10/15/2014,90.809998,92.510002,88.699997,91.820000,84.915497,1298600,-,83.004670,88.798930,89.625520,87.194209,931480.00
10/14/2014,91.250000,94.250000,91.199997,92.709999,85.738556,1599600,-,83.007875,88.780619,90.024110,87.659384,925840.00
10/13/2014,90.919998,92.430000,90.360001,90.410004,83.611526,1440300,-,83.009848,88.750285,90.418077,88.224441,917930.00
10/10/2014,93.110001,93.190002,90.019997,90.059998,83.287834,1524500,-,83.019710,88.785243,90.854585,89.083583,917032.00
10/09/2014,95.040001,95.550003,94.160004,94.330002,87.236755,1083800,-,83.027436,88.861077,91.264273,90.008388,936952.00
10/08/2014,94.410004,96.389999,94.129997,96.330002,89.086357,1289100,-,83.013541,88.876058,91.458019,90.456918,1055124.00
10/07/2014,96.639999,96.889999,94.860001,94.860001,87.726883,1041400,-,82.986918,88.634685,91.512120,90.814817,1053146.00
10/06/2014,98.290001,98.540001,97.260002,97.940002,90.575287,528300,-,82.964162,88.442695,91.620785,91.160695,1054060.00
10/03/2014,97.629997,98.110001,97.279999,97.449997,90.122139,539400,-,82.922312,88.202802,91.594429,91.263349,1065102.00
10/02/2014,97.379997,97.480003,95.580002,96.930000,89.641251,822600,-,82.874166,88.004154,91.606451,91.575934,1069662.00
10/01/2014,98.730003,98.730003,96.769997,96.849998,89.567253,915700,-,82.829844,87.820857,91.657315,92.056831,1071448.00
09/30/2014,99.059998,99.830002,98.570000,98.820000,91.389122,733500,-,82.785343,87.642000,91.711879,92.388837,1071658.00
09/29/2014,98.910004,100.199997,98.699997,99.699997,92.202950,249900,-,82.737546,87.431884,91.779389,92.611714,1087790.00
09/26/2014,99.580002,100.169998,99.250000,100.059998,92.535881,213400,-,82.693601,87.175529,91.613848,92.625586,1113104.00
09/25/2014,99.580002,99.680000,98.730003,99.180000,91.722054,1425800,-,82.647716,86.919358,91.423339,92.520158,1140296.00
09/24/2014,98.150002,100.269997,98.040001,100.199997,92.665352,728600,-,82.609379,86.719785,91.262423,92.459121,1154396.00
09/23/2014,98.989998,99.330002,98.349998,98.599998,91.185661,1023800,-,82.564724,86.542778,91.046481,92.209424,1171392.00
09/22/2014,100.550003,100.599998,99.050003,99.050003,91.601830,1037600,-,82.526048,86.397769,90.876318,92.080875,1170654.00
09/19/2014,101.050003,102.040001,100.599998,100.830002,93.247986,756900,-,82.486848,86.256644,90.619222,91.925508,1176364.00
09/18/2014,101.269997,102.430000,101.269997,102.129997,94.450218,887400,-,82.449947,86.109600,90.308025,91.636969,1177926.00
09/17/2014,100.769997,101.180000,100.279999,100.440002,92.887314,1418200,-,82.406851,85.949979,89.860883,91.257800,1179958.00
09/16/2014,99.400002,101.709999,99.360001,101.230003,93.617897,1625400,-,82.369922,85.842701,89.521480,91.034921,1162070.00
09/15/2014,99.889999,100.300003,99.349998,99.849998,92.341667,1009300,-,82.330301,85.748186,89.134449,90.947063,1149004.00
09/12/2014,99.300003,99.760002,98.769997,98.919998,91.481598,1436100,-,82.293262,85.671243,88.762216,90.602111,1133470.00
09/11/2014,97.730003,98.629997,97.540001,98.519997,91.111687,1365900,-,82.257410,85.579132,88.400155,90.326520,1113744.00
09/10/2014,97.110001,97.639999,96.650002,97.500000,90.168381,903500,-,82.221759,85.507922,88.065839,90.065724,1094570.00
09/09/2014,97.559998,97.750000,96.739998,97.209999,89.900177,453100,-,82.182584,85.429684,87.782386,89.883539,1082604.00
09/08/2014,97.660004,98.010002,96.970001,97.370003,90.048157,813200,-,82.137471,85.339793,87.569219,89.671761,1082688.00
09/05/2014,97.879997,98.050003,97.400002,97.709999,90.362595,557700,-,82.095235,85.244353,87.293628,89.312936,1077952.00
09/04/2014,98.459999,99.639999,95.809998,98.029999,90.658524,2120900,-,82.050236,85.154277,87.016185,88.979081,1073860.00
09/03/2014,99.650002,99.699997,97.860001,98.029999,90.658524,1536400,-,82.008656,85.047000,86.742905,88.463966,1040002.00
09/02/2014,96.080002,101.279999,96.080002,100.279999,92.739326,3084500,-,81.962361,84.952855,86.409976,88.008039,1030282.00
08/29/2014,95.629997,96.730003,94.980003,96.120003,88.892143,793700,-,81.900076,84.851497,85.984104,87.321835,989472.00
08/28/2014,95.269997,96.230003,95.000000,95.940002,88.725685,771600,-,81.853639,84.802667,85.807467,86.922321,992058.00
08/27/2014,95.389999,95.910004,95.080002,95.699997,88.503731,318600,-,81.810049,84.753468,85.725159,86.473791,998902.00
08/26/2014,95.349998,96.160004,95.320000,95.529999,88.346527,369700,-,81.767524,84.671345,85.699265,86.065953,1007424.00
08/25/2014,94.510002,95.550003,94.389999,94.919998,87.782394,450900,-,81.725463,84.580159,85.132822,85.681234,1025024.00
08/22/2014,93.110001,93.980003,93.029999,93.489998,86.459908,1139700,-,81.701057,84.477691,84.650073,85.466677,1037252.00
08/21/2014,93.330002,94.290001,93.209999,94.099998,87.024048,437900,-,81.683171,84.400748,84.256107,85.274319,1042476.00
08/20/2014,92.699997,92.839996,92.190002,92.459999,85.507378,471500,-,81.668187,84.322879,83.914392,85.053290,1047626.00
08/19/2014,93.110001,93.519997,92.970001,93.099998,86.099251,530600,-,81.664816,84.260362,83.662844,85.021844,1049414.00
08/18/2014,92.370003,92.879997,91.989998,92.860001,85.877281,666500,-,81.667870,84.186563,83.389102,84.811913,1049706.00
08/15/2014,92.000000,92.440002,90.599998,91.800003,84.897003,839200,-,81.671759,84.116463,83.139405,84.646373,1059764.00
08/14/2014,91.260002,91.389999,90.900002,91.089996,84.240387,682600,-,81.678536,84.039889,82.863813,84.692613,1074006.00
08/13/2014,90.989998,91.699997,90.660004,91.290001,84.425354,635300,-,81.689190,83.957582,82.638161,84.976528,1075322.00
08/12/2014,91.410004,92.160004,91.019997,91.370003,84.499336,518300,-,81.698829,83.861402,82.504064,85.332576,1084712.00
08/11/2014,92.180000,92.790001,91.989998,92.599998,85.636826,386300,-,81.707090,83.760043,82.469847,84.584409,1086370.00
08/08/2014,90.570000,91.550003,90.180000,91.410004,84.536331,892000,-,81.706139,83.635750,82.384767,83.833469,1091388.00
08/07/2014,93.150002,93.309998,91.379997,91.709999,84.813751,576500,-,81.714306,83.521259,82.385229,83.237895,1078336.00
08/06/2014,91.320000,92.320000,91.230003,92.120003,85.192924,628700,-,81.716646,83.394561,82.439330,82.775494,1073704.00
08/05/2014,90.940002,92.000000,90.180000,90.830002,83.999931,1016600,-,81.715717,83.267124,82.503143,82.303844,1078488.00
08/04/2014,91.839996,92.029999,90.779999,91.070000,84.221886,1204100,-,81.725331,83.131917,82.679317,81.966291,1067568.00
08/01/2014,93.949997,94.410004,92.010002,92.300003,85.359406,1395400,-,81.739053,82.988573,82.912830,81.632437,1057002.00
07/31/2014,94.820000,95.580002,93.360001,94.160004,87.079536,2520500,-,81.747867,82.816374,83.069584,81.035014,1042198.00
07/30/2014,92.300003,96.669998,91.820000,95.139999,87.985832,6992400,-,81.756870,82.574075,83.059412,80.299795,997198.00
07/29/2014,83.410004,83.720001,83.260002,83.279999,77.017670,1190200,-,81.765050,82.316240,83.037679,79.675552,863796.00
07/28/2014,83.980003,84.769997,83.540001,84.480003,78.127426,1087100,-,81.827293,82.275364,83.499619,80.355285,846802.00
07/25/2014,85.870003,85.870003,84.580002,84.970001,78.580589,1080400,-,81.876570,82.205079,83.863529,80.936064,846682.00
07/24/2014,86.260002,86.919998,86.160004,86.709999,80.189743,767400,-,81.929715,82.131464,84.198309,81.532562,834816.00
07/23/2014,87.669998,87.699997,86.680000,87.019997,80.476418,911900,-,81.984109,82.030106,84.481761,82.103166,827342.00
07/22/2014,87.879997,88.099998,86.959999,87.180000,80.624405,926200,-,82.043937,81.940215,84.722673,82.702441,821486.00
07/21/2014,87.470001,87.860001,87.040001,87.459999,80.883347,1540100,-,82.101148,81.813332,84.989017,83.392344,813652.00
07/18/2014,85.419998,86.220001,85.309998,85.839996,79.385170,1515600,-,82.157567,81.691998,85.328420,84.193224,803006.00
07/17/2014,86.860001,87.400002,85.809998,86.209999,79.727348,1573000,-,82.222622,81.592489,85.681694,85.104155,792490.00
07/16/2014,87.580002,88.480003,87.000000,88.389999,81.743408,2130800,-,82.276123,81.475778,86.008612,85.819028,781692.00
07/15/2014,91.050003,91.220001,90.419998,90.629997,83.814995,1578400,-,82.318125,81.325220,86.141322,86.399806,748916.00
07/14/2014,91.309998,91.540001,90.589996,90.760002,83.935219,986900,-,82.346197,81.144883,86.139934,86.643953,741066.00
07/11/2014,91.400002,91.830002,90.860001,91.419998,84.545570,1323100,-,82.374310,80.970835,86.076122,86.790994,737580.00
07/10/2014,92.389999,93.440002,92.199997,92.879997,85.895782,835000,-,82.397677,80.785319,85.979480,86.864055,725704.00
07/09/2014,93.690002,93.849998,93.019997,93.500000,86.469170,989000,-,82.407151,80.586301,85.841223,86.860355,728512.00
07/08/2014,95.000000,95.169998,94.029999,94.639999,87.523430,523800,-,82.421037,80.379885,85.636841,86.742905,725052.00
07/07/2014,95.919998,96.239998,95.720001,96.120003,88.892143,972100,-,82.421273,80.140176,85.381134,86.585690,748182.00
07/03/2014,95.129997,95.690002,95.089996,95.690002,88.494484,232600,-,82.410592,79.903703,85.055141,86.463616,755788.00
07/02/2014,93.529999,93.959999,93.360001,93.940002,86.876083,449800,-,82.393475,79.635446,84.683833,86.259234,780518.00
07/01/2014,94.099998,94.870003,94.089996,94.669998,87.551186,407200,-,82.383947,79.393697,84.346279,86.198196,787924.00
06/30/2014,92.519997,93.419998,92.489998,93.269997,86.256462,305200,-,82.371684,79.137896,83.949538,85.882838,796914.00
06/27/2014,91.309998,92.459999,91.309998,92.349998,85.405632,457300,-,82.364659,78.907989,83.608285,85.635915,826618.00
06/26/2014,92.230003,92.349998,91.199997,92.209999,85.276176,576400,-,82.347054,78.705721,83.309111,85.361250,930456.00
06/25/2014,92.320000,92.930000,92.279999,92.839996,85.858788,353100,-,82.334401,78.559331,82.985892,85.094906,958996.00
06/24/2014,92.949997,93.449997,92.129997,92.230003,85.294662,428000,-,82.314576,78.427477,82.616895,84.822090,980236.00
06/23/2014,92.500000,93.230003,92.250000,92.940002,85.951279,1050400,-,82.294505,78.320822,82.293214,84.530778,1013870.00
06/20/2014,94.379997,94.910004,94.120003,94.800003,87.671410,1044000,-,82.275546,78.247915,81.857631,84.176579,1022974.00
06/19/2014,93.739998,93.980003,92.839996,93.480003,86.450661,923000,-,82.247391,78.186570,81.326793,83.646666,1019380.00
06/18/2014,92.570000,93.500000,92.430000,93.279999,86.265709,1113800,-,82.219800,78.097632,80.841734,83.108431,1024798.00
06/17/2014,91.029999,91.489998,90.959999,91.260002,84.397606,744700,-,82.187045,78.019901,80.276678,82.494362,1017590.00
06/16/2014,90.110001,90.809998,89.959999,90.599998,83.787224,1249700,-,82.167567,77.995098,79.811502,82.016238,1016004.00
06/13/2014,89.970001,90.029999,89.089996,89.379997,82.658981,1062300,-,82.152790,78.007225,79.370833,81.580656,1001952.00
06/12/2014,89.779999,90.000000,89.110001,89.330002,82.612740,1400900,-,82.142006,78.060962,78.968542,81.256973,989550.00
06/11/2014,89.860001,90.120003,89.410004,89.889999,83.130630,695400,-,82.143585,78.122216,78.582899,80.876878,978784.00
06/10/2014,89.180000,89.320000,88.910004,89.080002,82.381538,560900,-,82.143765,78.169267,78.182458,80.411700,977388.00
06/09/2014,88.540001,89.570000,88.519997,89.110001,82.409286,545200,-,82.147553,78.203281,77.862476,80.055650,972986.00
06/06/2014,88.750000,89.099998,88.480003,89.070000,82.372284,1169400,-,82.148547,78.239305,77.456024,79.538684,972966.00
06/05/2014,87.790001,87.870003,87.019997,87.660004,81.068314,1551300,-,82.150092,78.281745,77.078241,79.006921,963082.00
06/04/2014,86.400002,86.769997,86.360001,86.639999,80.125015,748400,-,82.160355,78.344770,76.745312,78.575037,955380.00
06/03/2014,85.949997,86.820000,85.940002,86.089996,79.616364,1104800,-,82.178173,78.410730,76.433652,78.058994,957450.00
06/02/2014,86.610001,86.650002,85.570000,85.889999,79.431404,601200,-,82.196977,78.510303,76.163610,77.606766,956284.00
05/30/2014,86.300003,86.320000,85.419998,85.879997,79.422150,637200,-,82.225542,78.615223,75.931947,77.161011,961636.00
05/29/2014,85.199997,85.300003,84.709999,85.220001,78.811790,239400,-,82.249895,78.693043,75.722479,76.680112,960296.00
05/28/2014,85.040001,85.250000,84.650002,84.860001,78.478859,344900,-,82.274279,78.796438,75.545378,76.288920,965900.00
05/27/2014,84.320000,85.559998,84.290001,85.230003,78.821037,867900,-,82.300694,78.886531,75.418680,75.953216,982842.00
05/23/2014,82.910004,83.849998,82.790001,83.519997,77.239624,470600,-,82.327229,78.948721,75.285046,75.669301,1014234.00
05/22/2014,83.040001,83.599998,82.879997,83.320000,77.054649,675800,-,82.359931,79.048948,75.199963,75.373364,1035682.00
05/21/2014,81.580002,83.059998,81.559998,82.989998,76.749474,655200,-,82.396122,79.173202,75.200657,75.149562,1043104.00
05/20/2014,81.400002,81.620003,80.879997,81.059998,74.964592,270500,-,82.433656,79.291840,75.117265,74.915587,1051934.00
05/19/2014,80.889999,81.570000,80.809998,81.199997,75.094078,322300,-,82.479702,79.453133,75.108466,74.808311,1076532.00
05/16/2014,80.589996,81.150002,80.410004,81.070000,74.973854,340500,-,82.521713,79.620078,75.091819,74.720454,1095434.00
05/15/2014,80.510002,80.940002,80.120003,80.680000,74.613167,1081100,-,82.558648,79.796752,75.081183,74.702882,1115580.00
05/14/2014,81.360001,81.470001,80.949997,80.989998,74.899864,487100,-,82.598027,79.950241,75.115136,74.764845,1112486.00
05/13/2014,81.709999,81.720001,81.000000,81.230003,75.121819,393700,-,82.632997,80.089023,75.267977,74.801837,1171764.00
05/12/2014,81.589996,82.239998,81.370003,82.160004,75.981888,619100,-,82.665667,80.161469,75.475188,74.884144,1250000.00
05/09/2014,80.940002,80.940002,80.110001,80.320000,74.280258,534500,-,82.696280,80.219278,75.674190,74.900790,1268308.00
05/08/2014,80.599998,81.720001,80.410004,80.900002,74.816628,1007800,-,82.729633,80.308922,76.075473,75.026562,1288560.00
05/07/2014,80.910004,81.260002,80.169998,80.459999,74.409721,989800,-,82.761036,80.386006,76.564850,75.251752,1296566.00
05/06/2014,80.260002,80.540001,79.660004,79.900002,73.891830,1033100,-,82.794841,80.484232,76.944552,75.318942,1303762.00
05/05/2014,80.070000,80.709999,79.900002,80.250000,74.215515,492000,-,82.833065,80.642442,77.368919,75.408620,1292916.00
05/02/2014,80.849998,81.550003,80.680000,80.879997,74.798134,1185900,-,82.869809,80.786304,77.816017,75.463183,1295176.00
05/01/2014,81.250000,81.699997,80.800003,81.349998,75.232796,812600,-,82.903136,80.917964,78.295789,75.459483,1299406.00
04/30/2014,82.139999,82.650002,81.279999,81.389999,75.269783,729300,-,82.928659,81.028478,78.801440,75.465426,1321132.00
04/29/2014,82.510002,82.800003,82.089996,82.120003,75.944885,975400,-,82.950243,81.165356,79.321724,75.734116,1368084.00
04/28/2014,82.180000,82.669998,81.430000,82.339996,76.148354,816000,-,82.969504,81.279575,79.798638,76.066232,1372100.00
04/25/2014,83.250000,83.260002,81.419998,81.680000,75.537979,1680300,-,82.988617,81.376722,80.195333,76.447589,1392258.00
04/24/2014,83.620003,84.449997,83.260002,84.169998,77.068527,1352400,-,82.994805,81.476189,80.628956,77.124384,1382752.00
04/23/2014,81.500000,82.970001,81.449997,82.000000,75.081619,1469100,-,82.985466,81.575809,81.000244,77.877947,1363204.00
04/22/2014,81.849998,82.269997,81.589996,81.680000,74.788612,820100,-,82.983314,81.677261,81.457143,78.570161,1339802.00
04/21/2014,81.809998,82.309998,81.040001,81.650002,74.761139,856700,-,82.985237,81.784939,81.888863,79.329218,1338628.00
04/17/2014,81.820000,82.379997,81.349998,81.650002,74.761139,1790400,-,82.976218,81.879981,82.380556,80.168851,1332862.00
04/16/2014,80.309998,82.349998,79.940002,82.230003,75.292221,5649200,-,82.962163,81.944259,82.876369,81.132095,1314142.00
04/15/2014,86.089996,86.580002,84.730003,85.139999,77.956688,2003400,-,82.944629,81.978320,83.277415,82.137455,1222648.00
04/14/2014,86.580002,87.300003,85.949997,86.570000,79.266045,1415100,-,82.917022,81.967698,83.578658,82.909332,1205318.00
04/11/2014,87.760002,88.430000,86.739998,87.330002,79.961922,2109700,-,82.878017,81.932172,83.764531,83.531043,1193582.00
04/10/2014,92.610001,92.629997,89.580002,89.889999,82.305931,1505600,-,82.829946,81.893716,83.862962,83.943076,1183782.00
04/09/2014,91.139999,92.489998,90.660004,92.400002,84.604156,864300,-,82.765211,81.816070,83.860215,84.133528,1178780.00
04/08/2014,89.910004,90.699997,89.250000,89.559998,82.003761,1193900,-,82.683308,81.706927,83.793375,84.122541,1188852.00
04/07/2014,91.129997,91.199997,89.820000,89.970001,82.379181,753400,-,82.623151,81.671401,83.827254,84.344125,1203608.00
04/04/2014,92.389999,92.709999,90.500000,90.820000,83.157471,665400,-,82.564093,81.627817,83.859759,84.448508,1235568.00
04/03/2014,92.889999,93.099998,92.050003,92.169998,84.393578,547100,-,82.514924,81.583318,83.873950,84.592261,1268666.00
04/02/2014,92.739998,93.370003,92.449997,93.209999,85.345818,442200,-,82.460810,81.567202,83.844649,84.620644,1328548.00
04/01/2014,93.480003,93.779999,93.059998,93.570000,85.675453,862600,-,82.396991,81.456228,83.691739,84.417374,1398110.00
03/31/2014,92.900002,93.550003,92.620003,93.360001,85.483162,625600,-,82.333812,81.288301,83.499915,84.247984,1443466.00
03/28/2014,92.099998,92.459999,91.550003,91.830002,84.082253,340800,-,82.273472,81.139237,83.162963,83.998019,1486448.00
03/27/2014,92.660004,92.919998,91.830002,91.970001,84.210449,544200,-,82.213270,81.095470,82.902467,83.782848,1510068.00
03/26/2014,93.220001,93.349998,92.250000,92.279999,84.494286,675200,-,82.155768,81.081186,82.630066,83.586902,1521676.00
03/25/2014,91.589996,92.260002,90.760002,91.980003,84.219597,1166200,-,82.102616,81.046026,82.338896,83.464209,1531334.00
03/24/2014,92.339996,92.540001,90.720001,91.110001,83.423012,851900,-,82.050471,81.029361,82.093965,83.310383,1523206.00
03/21/2014,93.790001,93.830002,92.199997,92.389999,84.595001,1046500,-,81.997593,81.011598,82.012931,83.271010,1522648.00
03/20/2014,90.300003,92.540001,90.250000,92.480003,84.677406,868800,-,81.931164,80.961055,81.853612,83.155640,1517418.00
03/19/2014,91.739998,92.279999,90.449997,90.989998,83.313126,570200,-,81.873113,80.904469,81.688799,83.068655,1516846.00
03/18/2014,90.599998,91.739998,90.540001,91.720001,83.981544,519600,-,81.830582,80.889087,81.561068,82.966104,1520344.00
03/17/2014,90.430000,90.919998,90.400002,90.629997,82.983513,1192000,-,81.782740,80.894947,81.467673,82.751846,1531634.00
03/14/2014,89.099998,90.239998,89.099998,89.480003,81.930542,2437500,-,81.750602,80.926627,81.401290,82.327908,1520736.00
03/13/2014,91.410004,91.580002,89.449997,89.830002,82.250992,1543000,-,81.721668,81.003905,81.355050,82.022086,1476792.00
03/12/2014,90.120003,90.959999,89.879997,90.940002,83.267357,1046900,-,81.695343,81.070014,81.268066,81.673231,1459214.00
03/11/2014,90.220001,91.180000,89.820000,90.300003,82.681335,1096700,-,81.651210,81.127332,81.207175,81.213583,1456776.00
03/10/2014,90.720001,90.980003,90.050003,90.680000,83.029282,1500400,-,81.604330,81.185384,81.080819,80.877547,1440312.00
03/07/2014,91.290001,91.349998,90.660004,91.129997,83.441299,1267400,-,81.555801,81.221460,80.937980,80.754853,1413020.00
03/06/2014,90.330002,91.790001,90.309998,91.529999,83.807556,1347800,-,81.507914,81.241786,80.741577,80.551585,1397582.00
03/05/2014,89.279999,89.879997,89.190002,89.870003,82.287621,926400,-,81.455082,81.240871,80.449950,80.308943,1385272.00
03/04/2014,88.669998,89.430000,88.290001,89.379997,81.838966,3451000,-,81.405180,81.258634,80.185332,80.156033,1381164.00
03/03/2014,85.010002,86.169998,84.820000,86.000000,78.744125,4305500,-,81.351753,81.265959,79.964665,80.183501,1329626.00
02/28/2014,87.040001,87.269997,85.650002,86.139999,78.872322,1534500,-,81.317555,81.300937,79.901945,80.474672,1255664.00
02/27/2014,86.260002,86.379997,85.019997,86.019997,78.762444,1547100,-,81.278595,81.339027,79.860284,80.688013,1250936.00
02/26/2014,86.690002,87.089996,85.459999,85.919998,78.670876,1408100,-,81.239818,81.377117,79.843344,80.862901,1240730.00
02/25/2014,88.330002,88.440002,86.570000,86.629997,79.320984,1349600,-,81.204978,81.440296,79.867151,81.200768,1251960.00
02/24/2014,89.389999,90.220001,89.330002,89.339996,81.802338,490800,-,81.158235,81.522153,79.912475,81.284090,1241378.00
02/21/2014,89.629997,89.690002,88.550003,88.910004,81.408615,605000,-,81.100001,81.553285,79.832357,81.121107,1245018.00
02/20/2014,88.930000,89.059998,88.099998,88.879997,81.381142,1397400,-,81.045613,81.606208,79.808551,80.931570,1250338.00
02/19/2014,89.459999,89.500000,88.169998,88.199997,80.758514,1898900,-,80.987653,81.653272,79.918885,80.590957,1233216.00
02/18/2014,89.949997,89.980003,89.040001,89.680000,82.113647,3076900,-,80.938667,81.707111,79.870814,80.214632,1210384.00
02/14/2014,89.019997,89.209999,88.599998,89.180000,81.655838,1176200,-,80.875580,81.740074,79.629088,79.745830,1166286.00
02/13/2014,87.650002,88.610001,87.529999,88.470001,81.005737,1823900,-,80.806176,81.824312,79.447794,79.329218,1154084.00
02/12/2014,88.669998,88.900002,87.860001,87.930000,80.511314,1205000,-,80.741624,81.920819,79.492202,79.032555,1125228.00
02/11/2014,87.930000,89.610001,87.919998,89.610001,82.049545,375000,-,80.680414,82.020622,79.641449,78.823788,1109608.00
02/10/2014,87.419998,87.660004,87.050003,87.540001,80.154205,299000,-,80.607667,82.093506,79.675785,78.533535,1114140.00
02/07/2014,86.680000,87.610001,86.389999,87.559998,80.172508,761400,-,80.546063,82.189098,79.837394,78.540861,1129672.00
02/06/2014,86.230003,87.059998,86.190002,86.839996,79.513245,568400,-,80.478700,82.271871,79.955510,78.543608,1129660.00
02/05/2014,84.769997,85.489998,84.190002,85.160004,77.975014,854400,-,80.409825,82.361237,80.083241,78.685533,1142998.00
02/04/2014,84.330002,84.820000,83.919998,84.089996,76.995270,1074500,-,80.343019,82.448405,80.276896,79.246813,1153624.00
02/03/2014,85.459999,85.739998,83.930000,84.559998,77.425621,1136900,-,80.284512,82.526050,80.554332,79.526996,1150366.00
01/31/2014,83.800003,85.139999,83.760002,84.629997,77.489723,828300,-,80.221223,82.609556,80.896778,79.512346,1159098.00
01/30/2014,87.209999,87.349998,85.029999,85.230003,78.039108,1619700,-,80.148862,82.687018,81.250668,79.566369,1161930.00
01/29/2014,85.599998,86.720001,85.349998,85.650002,78.423645,1255500,-,80.066044,82.773087,81.638436,79.951848,1154654.00
01/28/2014,87.879997,88.099998,86.349998,86.440002,79.147011,1367900,-,79.975362,82.832603,81.995075,80.459109,1191760.00
01/27/2014,88.440002,88.510002,87.050003,87.620003,80.227463,1931700,-,79.893036,82.855311,82.344389,80.818036,1208432.00
01/24/2014,90.040001,90.089996,87.480003,87.589996,80.199982,2351400,-,79.806260,82.842858,82.612210,81.133926,1209110.00
01/23/2014,90.169998,90.169998,87.279999,88.389999,80.932495,2320300,-,79.716629,82.839012,82.843865,81.367411,1192256.00
01/22/2014,91.430000,92.290001,90.150002,91.290001,83.587814,3541200,-,79.616215,82.820333,83.020123,81.480948,1166108.00
01/21/2014,85.300003,87.279999,84.879997,87.150002,79.797096,3920300,-,79.502343,82.747266,83.028822,81.306978,1125328.00
01/17/2014,83.690002,84.480003,83.279999,84.400002,77.279121,3130400,-,79.405883,82.809345,83.197755,81.581668,1064618.00
01/16/2014,86.570000,86.669998,84.839996,85.220001,78.029953,2774700,-,79.319155,82.921418,83.444060,82.281210,1017860.00
01/15/2014,90.290001,90.750000,89.099998,89.440002,81.893898,1521800,-,79.229399,83.041365,83.567212,82.934968,982692.00
01/14/2014,90.199997,91.410004,90.129997,91.190002,83.496254,1124600,-,79.123044,83.100149,83.511358,83.325024,967502.00
01/13/2014,90.080002,90.769997,90.050003,90.360001,82.736282,1158100,-,79.009766,83.164426,83.369894,83.531042,954466.00
01/10/2014,90.279999,91.070000,90.080002,91.070000,83.386368,759800,-,78.904415,83.242803,83.324570,83.870741,945276.00
01/09/2014,90.760002,90.760002,89.660004,90.139999,82.534828,824000,-,78.787968,83.300122,83.325945,84.090494,950160.00
01/08/2014,89.279999,89.730003,88.959999,89.629997,82.067863,785000,-,78.678952,83.376852,83.367149,84.320319,944410.00
01/07/2014,88.970001,89.599998,88.809998,89.389999,81.848114,840200,-,78.580072,83.462555,83.466495,84.559297,940708.00
01/06/2014,91.059998,91.089996,89.989998,90.150002,82.543999,745100,-,78.480658,83.548624,83.560805,84.750665,936354.00
01/03/2014,92.360001,92.570000,91.910004,92.040001,84.274544,1084100,-,78.381846,83.606675,83.606129,84.813843,949448.00
01/02/2014,92.620003,92.820000,92.019997,92.360001,84.567528,647100,-,78.277782,83.644582,83.580492,84.606910,963260.00
12/31/2013,93.419998,93.970001,93.330002,93.699997,85.794464,240300,-,78.170667,83.658866,83.645502,84.199456,978206.00
12/30/2013,94.260002,94.290001,93.430000,93.440002,85.556427,664100,-,78.058096,83.643118,83.647334,83.697692,1026676.00
12/27/2013,94.779999,94.830002,93.900002,94.070000,86.133278,925000,-,77.951478,83.650443,83.644586,83.208746,1045378.00
12/26/2013,92.900002,93.669998,92.570000,93.470001,85.583893,273500,-,77.846420,83.667106,83.622610,82.778400,1071766.00
12/24/2013,91.970001,92.849998,91.970001,92.650002,84.833076,135800,-,77.734539,83.697871,83.590105,82.561395,1104288.00
12/23/2013,92.570000,92.660004,91.680000,92.239998,84.457649,495500,-,77.625370,83.778813,83.564009,82.413979,1123686.00
12/20/2013,91.449997,91.779999,91.239998,91.480003,83.761795,732300,-,77.520437,83.882096,83.540203,82.373693,1130130.00
12/19/2013,90.430000,91.080002,89.940002,90.839996,83.175774,721000,-,77.417848,83.996183,83.468784,82.370945,1136692.00
12/18/2013,88.980003,89.980003,88.540001,89.779999,82.205215,874100,-,77.323224,84.092324,83.353872,82.398415,1147402.00
12/17/2013,88.370003,88.440002,87.760002,87.910004,80.492989,607400,-,77.238894,84.232415,83.323656,82.554073,1149198.00
12/16/2013,88.720001,89.330002,87.970001,88.220001,80.776825,1298100,-,77.164214,84.443926,83.367149,83.091547,1158462.00
12/13/2013,89.339996,89.400002,87.820000,88.099998,80.666969,1036800,-,77.082310,84.677228,83.445435,83.596975,1147082.00
12/12/2013,90.540001,90.650002,89.269997,89.370003,81.829811,1969600,-,77.003812,84.905220,83.482059,84.080425,1158430.00
12/11/2013,91.879997,91.980003,91.010002,91.099998,83.413849,820500,-,76.916553,85.111969,83.404688,84.466821,1127386.00
12/10/2013,91.809998,92.040001,90.900002,91.040001,83.358917,672800,-,76.825046,85.291615,83.214236,84.618815,1121730.00
12/09/2013,92.410004,92.849998,91.660004,91.800003,84.054787,871000,-,76.732726,85.432988,83.046675,84.714038,1121748.00
12/06/2013,90.949997,92.070000,90.820000,91.449997,83.734314,541300,-,76.628673,85.554767,82.843864,84.706714,1119072.00
12/05/2013,91.940002,92.209999,90.879997,91.139999,83.450478,757300,-,76.534929,85.668671,82.653870,84.566622,1117076.00
12/04/2013,92.139999,93.029999,90.949997,91.480003,83.761795,872000,-,76.437933,85.790816,82.626400,84.309329,1112970.00
12/03/2013,93.610001,94.230003,93.389999,93.779999,85.867729,566100,-,76.346319,85.899958,82.582449,84.093240,1110264.00
12/02/2013,93.589996,94.080002,93.419998,93.739998,85.831100,381100,-,76.252384,85.938415,82.490427,83.642750,1108066.00
11/29/2013,94.010002,94.089996,93.279999,93.379997,85.501472,424000,-,76.152646,86.006720,82.440526,83.293895,1119484.00
11/27/2013,93.650002,93.839996,93.199997,93.589996,85.693764,601600,-,76.064578,86.048107,82.500957,82.883694,1123318.00
11/26/2013,92.529999,92.989998,91.930000,92.760002,84.933792,1075600,-,75.972873,86.069349,82.549028,82.342556,1125584.00
11/25/2013,92.139999,92.489998,91.629997,92.080002,84.311150,760800,-,75.888143,86.072096,82.614952,81.809658,1117764.00
11/22/2013,90.760002,91.839996,90.589996,91.720001,83.981544,1235300,-,75.806299,86.085281,82.717962,81.379313,1109644.00
11/21/2013,89.400002,90.180000,89.300003,89.919998,82.333397,1385700,-,75.725513,86.107623,82.836535,80.981013,1096246.00
11/20/2013,89.430000,89.690002,88.290001,88.330002,80.877548,911600,-,75.655281,86.157982,83.027444,80.741119,1093256.00
11/19/2013,89.930000,90.050003,88.529999,89.120003,81.600899,1573500,-,75.595503,86.178126,83.255894,80.943472,1085524.00
11/18/2013,89.440002,89.830002,88.709999,88.860001,81.362831,969900,-,75.534420,86.201017,83.484344,81.071658,1066050.00
11/15/2013,89.040001,89.930000,88.400002,89.930000,82.342552,1255900,-,75.474211,86.211638,83.680289,81.338105,1058592.00
11/14/2013,88.599998,89.080002,87.879997,88.900002,81.399460,3110800,-,75.417175,86.190396,83.813514,81.587157,1051934.00
11/13/2013,86.669998,87.820000,86.589996,87.680000,80.282387,2201500,-,75.350706,86.205595,84.039674,82.118221,1015880.00
11/12/2013,86.680000,87.150002,86.110001,86.940002,79.604813,1965600,-,75.290411,86.240755,84.373878,82.755499,1002576.00
11/11/2013,87.660004,88.059998,87.220001,87.379997,80.007698,1508700,-,75.233731,86.267309,84.749744,83.420247,987618.00
11/08/2013,86.660004,87.809998,86.339996,87.370003,79.998550,1012900,-,75.175944,86.261449,85.193367,84.056610,986798.00
11/07/2013,88.870003,89.209999,87.260002,87.300003,79.934448,1502200,-,75.111718,86.271521,85.674530,84.692057,990620.00
11/06/2013,90.589996,91.120003,90.199997,90.540001,82.901077,884800,-,75.034887,86.289467,86.151115,85.313769,984200.00
11/05/2013,90.059998,91.050003,89.769997,90.519997,82.882759,792500,-,74.934380,86.241488,86.405203,85.568316,983196.00
11/04/2013,92.180000,92.410004,91.570000,91.769997,84.027306,1016300,-,74.837049,86.242404,86.721553,85.897031,979784.00
11/01/2013,93.959999,94.360001,92.389999,92.650002,84.833076,762300,-,74.730593,86.225191,87.073614,86.022474,976446.00
10/31/2013,94.709999,95.050003,94.059998,94.699997,86.710098,472800,-,74.616391,86.191312,87.454057,86.039870,976676.00
10/30/2013,94.720001,94.910004,93.419998,94.639999,86.655167,698600,-,74.472259,86.109272,87.721879,85.961127,976244.00
10/29/2013,94.610001,94.919998,93.949997,94.199997,86.252289,1004000,-,74.325047,86.029796,87.997483,85.992257,971896.00
10/28/2013,93.959999,94.620003,93.830002,94.330002,86.371330,536500,-,74.185835,85.967167,88.304677,86.079240,957558.00
10/25/2013,94.449997,94.470001,93.440002,94.309998,86.353020,599900,-,74.050653,85.913511,88.507489,86.330123,961646.00
10/24/2013,94.320000,94.580002,93.809998,94.089996,86.151566,622500,-,73.912162,85.853995,88.697024,86.657003,966306.00
10/23/2013,94.540001,94.540001,93.050003,93.320000,85.446548,1399800,-,73.769373,85.833851,88.860923,86.988461,966898.00
10/22/2013,94.110001,94.550003,93.779999,94.110001,86.169907,1774700,-,73.628475,85.810777,89.066481,87.242090,951812.00
10/21/2013,92.050003,93.559998,92.050003,93.139999,85.281738,1394400,-,73.486320,85.761150,89.218931,87.546076,922928.00
10/18/2013,92.379997,92.930000,91.220001,92.839996,85.007034,2663800,-,73.353366,85.730751,89.344372,88.124754,915140.00
10/17/2013,92.790001,93.949997,92.589996,93.839996,85.922668,1599200,-,73.224825,85.713170,89.556340,88.868244,872120.00
10/16/2013,94.980003,96.360001,93.959999,94.980003,86.966469,2244400,-,73.098054,85.670319,89.638747,89.482632,847122.00
10/15/2013,97.309998,97.500000,94.910004,95.150002,87.122124,1899600,-,72.955226,85.616846,89.628217,90.002710,827404.00
10/14/2013,97.099998,97.389999,96.589996,97.070000,88.880157,1105700,-,72.805905,85.559528,89.525668,90.530114,800108.00
10/11/2013,97.550003,98.050003,97.430000,97.879997,89.621819,817700,-,72.649790,85.465401,89.330180,90.684856,796466.00
10/10/2013,96.709999,97.820000,96.550003,97.709999,89.466148,1060400,-,72.487518,85.342890,89.104020,90.737045,808088.00
10/09/2013,95.949997,96.550003,94.099998,96.089996,87.982834,1256500,-,72.327112,85.200784,88.873282,90.733384,796696.00
10/08/2013,99.959999,100.110001,97.279999,97.430000,89.209770,963900,-,72.174894,85.090909,88.568377,90.890871,787442.00
10/07/2013,98.930000,99.839996,98.889999,99.459999,91.068512,1070600,-,72.022164,84.944591,88.245160,90.891786,782114.00
10/04/2013,100.089996,101.029999,99.970001,100.959999,92.441940,729100,-,71.857738,84.756338,87.786430,90.563991,777116.00
10/03/2013,101.730003,101.849998,99.870003,100.550003,92.066544,1604200,-,71.685899,84.549589,87.228354,90.244436,783342.00
10/02/2013,99.720001,100.800003,99.029999,100.660004,92.167252,417400,-,71.513988,84.327274,86.732998,89.794862,772882.00
10/01/2013,99.379997,100.949997,99.309998,100.910004,92.396164,537700,-,71.341755,84.105875,86.226655,89.253725,790668.00
09/30/2013,98.699997,99.500000,98.459999,98.760002,90.427574,673700,-,71.164114,83.881363,85.653471,88.521221,797254.00
09/27/2013,97.800003,98.480003,97.339996,98.449997,90.143715,737200,-,70.999219,83.703547,85.117828,87.975505,807434.00
09/26/2013,97.300003,97.739998,96.959999,97.669998,89.429535,441500,-,70.838192,83.531958,84.635749,87.470995,834754.00
09/25/2013,97.550003,98.370003,97.169998,97.809998,89.557709,552000,-,70.679556,83.372639,84.205861,87.013180,863740.00
09/24/2013,96.949997,97.989998,96.519997,97.440002,89.218918,736700,-,70.519736,83.188231,83.753083,86.245883,884372.00
09/23/2013,97.230003,97.419998,95.800003,95.879997,87.790558,456200,-,70.357301,82.995583,83.438565,85.598534,894354.00
09/20/2013,96.949997,97.860001,96.769997,97.470001,89.246391,952000,-,70.200376,82.835714,83.207367,85.008868,903404.00
09/19/2013,96.370003,96.389999,95.139999,95.639999,87.570801,615700,-,70.032679,82.650207,82.902006,84.212272,909376.00
09/18/2013,93.220001,94.930000,92.699997,94.750000,86.755882,714900,-,69.878304,82.434302,82.653871,83.671134,913544.00
09/17/2013,92.220001,92.980003,92.019997,92.910004,85.071129,684600,-,69.728275,82.203197,82.450143,83.199585,923678.00
09/16/2013,93.599998,93.639999,92.769997,92.800003,84.970413,354800,-,69.586171,81.994800,82.352629,82.785722,938038.00
09/13/2013,92.419998,92.980003,91.849998,92.940002,85.098610,565400,-,69.376184,81.798855,82.288535,82.260150,952806.00
09/12/2013,91.879997,94.010002,91.589996,92.669998,84.851387,1236200,-,69.163380,81.556030,82.202465,81.800504,950030.00
09/11/2013,89.320000,89.570000,88.889999,89.430000,81.884743,525000,-,68.948984,81.298006,82.217115,81.398542,935376.00
09/10/2013,89.720001,90.459999,89.599998,90.370003,82.745430,599800,-,68.748188,81.096018,82.337520,81.260282,950186.00
09/09/2013,89.070000,90.029999,88.589996,89.440002,81.893898,597000,-,68.534022,80.889818,82.384676,81.278595,969840.00
09/06/2013,89.910004,90.160004,88.750000,88.769997,81.280426,923000,-,68.326218,80.681238,82.478070,81.405866,969348.00
09/05/2013,89.349998,89.970001,88.989998,89.730003,82.159424,1308100,-,68.120719,80.462586,82.620450,81.591740,963976.00
09/04/2013,87.849998,89.959999,87.680000,89.599998,82.040390,1536300,-,67.909048,80.206576,82.701483,81.636607,959112.00
09/03/2013,87.989998,88.550003,87.629997,88.389999,80.932495,1217700,-,67.693004,79.930240,82.814106,81.700702,948872.00
08/30/2013,87.690002,87.989998,86.830002,87.059998,79.714699,1467700,-,67.488266,79.711038,82.980292,81.919536,940578.00
08/29/2013,87.169998,88.540001,87.129997,87.919998,80.502144,1204000,-,67.288420,79.528095,83.203247,82.316920,928834.00
08/28/2013,87.260002,88.669998,86.959999,88.279999,80.831772,1181200,-,67.086232,79.384524,83.352953,82.604427,920440.00
08/27/2013,89.050003,89.309998,87.480003,87.919998,80.502144,834600,-,66.882904,79.239305,83.429408,83.035688,908166.00
08/26/2013,91.129997,91.320000,90.480003,90.570000,82.928558,621900,-,66.679302,79.080901,83.528754,83.414758,919232.00
08/23/2013,91.320000,91.440002,90.730003,90.830002,83.166611,849400,-,66.467122,78.883125,83.477021,83.490756,920332.00
08/22/2013,91.410004,92.169998,89.709999,90.800003,83.139168,773800,-,66.259808,78.688096,83.401482,83.550275,932056.00
08/21/2013,90.800003,90.949997,89.820000,90.220001,82.608093,451200,-,66.049258,78.466147,83.349748,83.649159,928562.00
08/20/2013,90.599998,91.169998,90.190002,90.300003,82.681335,481200,-,65.840385,78.268188,83.266884,83.766359,948454.00
08/19/2013,91.589996,91.730003,90.570000,90.779999,83.120834,287100,-,65.631109,78.091838,83.187682,83.927510,954468.00
08/16/2013,91.120003,91.750000,90.910004,91.400002,83.688538,740900,-,65.414885,77.905233,83.090168,84.041048,975870.00
08/15/2013,91.379997,92.000000,90.849998,91.059998,83.377213,832900,-,65.193538,77.688411,82.982581,84.089575,1058604.00
08/14/2013,92.860001,93.500000,92.709999,92.989998,85.144386,652100,-,64.973675,77.447051,82.891933,84.101479,1113554.00
08/13/2013,91.269997,92.269997,91.040001,92.059998,84.292847,645500,-,64.743344,77.205508,82.707891,83.823128,1182226.00
08/12/2013,90.849998,91.599998,90.809998,91.400002,83.688538,330500,-,64.513536,77.015790,82.510116,83.642749,1350886.00
08/09/2013,91.209999,91.730003,91.129997,91.480003,83.761795,1005000,-,64.288417,76.830283,82.305014,83.463285,1528666.00
08/08/2013,91.870003,92.169998,91.410004,91.879997,84.128014,512800,-,64.058835,76.686163,82.106779,83.252689,1526350.00
08/07/2013,91.230003,91.589996,90.699997,91.500000,83.780090,349300,-,63.824375,76.526478,81.898932,83.050337,1541140.00
08/06/2013,92.019997,92.320000,91.529999,92.059998,84.292847,1258500,-,63.587085,76.390598,81.548705,82.767410,1571672.00
08/05/2013,91.150002,92.029999,90.910004,92.019997,84.256210,534800,-,63.359960,76.193555,81.094094,82.447854,1586808.00
08/02/2013,90.870003,91.989998,90.459999,91.930000,84.173813,923600,-,63.130190,75.974536,80.613847,82.139288,1606022.00
08/01/2013,90.589996,91.349998,89.830002,91.190002,83.496254,1398800,-,62.901485,75.757532,80.163815,81.875586,1631396.00
07/31/2013,89.500000,90.629997,89.379997,89.949997,82.360870,490800,-,62.676348,75.564884,79.636870,81.682387,1624870.00
07/30/2013,90.099998,90.430000,89.610001,90.089996,82.489059,793800,-,62.458303,75.382490,79.116335,81.592655,1637496.00
07/29/2013,89.839996,90.239998,88.620003,89.440002,81.893898,697500,-,62.242809,75.178854,78.581150,81.377483,1636384.00
07/26/2013,88.900002,89.279999,88.559998,89.180000,81.655838,820700,-,62.032828,74.964047,78.108228,81.146744,1641464.00
07/25/2013,89.110001,89.680000,88.860001,89.669998,82.104492,1040400,-,61.828027,74.769018,77.598680,80.960870,1663614.00
07/24/2013,88.900002,89.269997,88.290001,88.410004,80.950813,1081200,-,61.619315,74.548534,77.010846,80.747527,1656312.00
07/23/2013,87.820000,89.000000,87.769997,88.570000,81.097290,1306700,-,61.413832,74.349659,76.431253,80.330000,1669872.00
07/22/2013,88.540001,88.959999,88.190002,88.650002,81.170547,867000,-,61.203990,74.161772,75.787566,79.740334,1673194.00
07/19/2013,88.419998,89.160004,88.029999,89.050003,81.536797,1182700,-,60.991752,73.937809,75.227658,79.088406,1680594.00
07/18/2013,88.360001,89.430000,87.699997,89.080002,81.564262,2103200,-,60.778734,73.710184,74.679197,78.452045,1686118.00
07/17/2013,90.760002,90.830002,87.860001,88.970001,81.463554,1890800,-,60.567573,73.489518,74.267163,77.591354,1657548.00
07/16/2013,87.330002,88.050003,86.879997,87.739998,80.337334,1583600,-,60.351222,73.256032,73.872527,76.640015,1637498.00
07/15/2013,87.930000,88.000000,86.070000,86.919998,79.586510,1235800,-,60.143222,73.068511,73.484757,75.784817,1642044.00
07/12/2013,87.760002,87.790001,86.580002,87.150002,79.797096,908700,-,59.935278,72.866706,73.157419,75.069712,1644786.00
07/11/2013,86.510002,87.400002,86.199997,87.339996,79.971069,1250600,-,59.731901,72.626262,72.838322,74.236490,1658004.00
07/10/2013,82.610001,84.029999,82.580002,83.849998,76.775543,824100,-,59.529830,72.388748,72.441856,73.274165,1650764.00
07/09/2013,81.370003,82.230003,81.040001,82.129997,75.200623,1221600,-,59.343810,72.218624,72.238585,72.532506,1649506.00
07/08/2013,83.230003,83.250000,81.349998,81.529999,74.651276,1402600,-,59.172336,72.064615,72.171745,71.834798,1658814.00
07/05/2013,81.220001,82.360001,80.699997,82.099998,75.173180,1093200,-,59.007018,71.928260,72.128711,71.366911,1658268.00
07/03/2013,78.430000,79.959999,78.239998,79.680000,72.957352,426600,-,58.838330,71.758791,72.012426,70.906348,1659868.00
07/02/2013,78.379997,79.129997,78.150002,78.580002,71.950165,503500,-,58.677202,71.614411,71.930018,70.942973,1684546.00
07/01/2013,79.709999,79.860001,78.180000,78.400002,71.785355,1265500,-,58.519153,71.467682,71.985872,71.105038,1695570.00
06/28/2013,79.089996,79.839996,78.300003,79.110001,72.435463,1582500,-,58.361709,71.337854,72.136950,71.184697,1718144.00
06/27/2013,77.930000,78.419998,77.800003,78.050003,71.464874,572400,-,58.200508,71.184502,72.235837,71.245126,1748584.00
06/26/2013,76.839996,77.169998,76.279999,76.830002,70.347824,654400,-,58.049236,71.015553,72.490383,71.440155,1852720.00
06/25/2013,74.809998,76.080002,74.120003,75.750000,69.358948,1064900,-,57.907358,70.838106,72.780179,71.609546,1872062.00
06/24/2013,73.949997,75.029999,73.889999,74.510002,68.223549,1024300,-,57.763896,70.656675,73.161538,71.944665,1877552.00
06/21/2013,76.480003,76.959999,76.089996,76.419998,69.972397,803000,-,57.626329,70.545840,73.472395,72.508692,1884736.00
06/20/2013,78.430000,78.489998,76.669998,77.070000,70.567558,880500,-,57.482338,70.403838,73.639039,72.890511,1902230.00
06/19/2013,81.430000,81.830002,80.040001,80.080002,73.323601,784300,-,57.332000,70.237960,73.776841,73.118503,1921476.00
06/18/2013,79.820000,80.449997,79.550003,80.349998,73.570816,567500,-,57.172051,69.988482,73.803852,72.917063,1939570.00
06/17/2013,80.449997,80.529999,78.669998,79.269997,72.581940,1387900,-,57.008328,69.733334,73.787371,72.866705,1970714.00
06/14/2013,80.099998,80.500000,79.750000,79.769997,73.039757,676900,-,56.855823,69.491796,73.773637,73.089204,1972150.00
06/13/2013,78.540001,80.400002,78.389999,80.180000,73.415161,1435600,-,56.700122,69.229674,73.679327,73.226548,2002536.00
06/12/2013,80.040001,80.139999,78.580002,78.680000,72.041733,599100,-,56.542000,68.962945,73.603788,73.540611,2014112.00
06/11/2013,79.760002,80.230003,78.839996,79.410004,72.710136,1445800,-,56.395242,68.734570,73.555716,73.950813,2028292.00
06/10/2013,80.730003,81.099998,80.389999,80.669998,73.863823,781900,-,56.243836,68.497180,73.470563,74.378412,2027292.00
06/07/2013,79.760002,80.760002,79.510002,80.589996,73.790581,1357200,-,56.084704,68.253223,73.362519,74.436098,2059182.00
06/06/2013,79.239998,80.010002,78.290001,79.559998,72.847481,4877600,-,55.926301,67.979349,73.171610,74.387567,2109046.00
06/05/2013,79.870003,79.870003,77.529999,77.879997,71.309204,3580400,-,55.771416,67.737035,73.037013,74.435179,2051772.00
06/04/2013,81.180000,81.349998,79.750000,79.800003,73.067230,4085700,-,55.623534,67.556687,72.998100,74.690641,2004966.00
06/03/2013,82.540001,83.489998,81.559998,81.699997,74.806931,9078500,-,55.466318,67.334649,72.834202,74.708038,1977256.00
05/31/2013,83.830002,84.550003,81.209999,81.269997,74.413200,9219500,-,55.299315,67.094142,72.641919,74.458070,1819808.00
05/30/2013,83.940002,84.150002,83.330002,83.610001,76.555786,889200,-,55.136131,66.875114,72.396073,74.132105,1658890.00
05/29/2013,83.480003,83.879997,83.000000,83.160004,76.143753,1252300,-,54.962197,66.606886,71.957028,73.666965,1665516.00
05/28/2013,83.180000,84.580002,83.110001,84.080002,76.986130,1875900,-,54.790033,66.349620,71.554609,73.160620,1659688.00
05/24/2013,80.050003,81.690002,80.040001,81.300003,74.440681,2015300,-,54.614891,66.094552,71.118769,72.562714,1689670.00
05/23/2013,79.750000,80.510002,79.599998,80.059998,73.305275,1495500,-,54.446419,65.908171,70.771745,72.288940,1680888.00
05/22/2013,80.410004,81.150002,79.650002,80.080002,73.323601,2192300,-,54.290660,65.706222,70.498156,71.955653,1684512.00
05/21/2013,80.629997,80.879997,80.239998,80.669998,73.863823,1072500,-,54.126613,65.499735,70.166963,71.638847,1674480.00
05/20/2013,79.599998,80.050003,79.480003,79.989998,73.241196,1122100,-,53.962295,65.291877,69.760690,71.305559,1675460.00
05/17/2013,77.940002,78.980003,77.879997,78.970001,72.307251,738200,-,53.804608,65.091936,69.329314,70.960367,1699458.00
05/16/2013,78.489998,78.849998,77.589996,77.709999,71.153557,951500,-,53.656269,64.930809,68.978649,70.825768,1712692.00
05/15/2013,77.580002,78.599998,77.580002,78.529999,71.904381,1928200,-,53.513952,64.814523,68.659366,70.660040,1725302.00
05/14/2013,77.540001,77.870003,77.260002,77.629997,71.080307,675300,-,53.361643,64.687575,68.215016,70.247091,1719624.00
05/13/2013,77.839996,78.040001,77.330002,77.550003,71.007072,1759200,-,53.204135,64.553889,67.734776,69.948597,1731848.00
05/10/2013,77.500000,78.410004,77.040001,78.309998,71.702942,1472800,-,53.047029,64.433096,67.198792,69.674823,1751306.00
05/09/2013,76.820000,77.440002,76.269997,76.419998,69.972397,1237000,-,52.889781,64.286595,66.747735,69.254549,1749008.00
05/08/2013,77.190002,77.470001,76.239998,76.620003,70.155540,1458900,-,52.741076,64.189397,66.392729,69.040659,1751400.00
05/07/2013,77.180000,77.180000,76.389999,77.029999,70.530945,674700,-,52.592471,64.084184,65.998635,68.695080,1754220.00
05/06/2013,76.760002,77.180000,76.169998,76.220001,69.789276,888300,-,52.437709,63.938448,65.514573,68.215820,1771172.00
05/03/2013,76.980003,77.860001,76.930000,77.500000,70.961266,1810900,-,52.275523,63.842373,65.065780,67.698262,1777760.00
05/02/2013,74.910004,76.209999,74.650002,75.900002,69.496277,1372900,-,52.105628,63.704175,64.542969,67.131529,1766296.00
05/01/2013,74.000000,74.500000,73.750000,74.019997,67.774887,1569600,-,51.943782,63.623030,64.064837,66.658691,1758956.00
04/30/2013,74.400002,74.650002,73.680000,74.370003,68.095367,888600,-,51.788006,63.609146,63.680031,66.182941,1748582.00
04/29/2013,74.320000,75.110001,74.120003,74.559998,68.269333,761200,-,51.633165,63.564909,63.306410,65.520956,1761890.00
04/26/2013,73.769997,74.080002,73.000000,73.720001,67.500198,1687000,-,51.482459,63.557280,62.934975,64.722760,1765458.00
04/25/2013,75.129997,75.809998,74.620003,74.790001,67.833496,1375300,-,51.320694,63.554332,62.643264,64.240922,1764604.00
04/24/2013,73.230003,73.879997,72.889999,73.540001,66.699753,1173200,-,51.160744,63.557416,62.256434,63.744799,1752526.00
04/23/2013,72.320000,73.040001,71.750000,72.480003,65.738350,1660500,-,51.015021,63.582267,61.958036,63.302191,1741974.00
04/22/2013,71.510002,71.660004,70.599998,71.239998,64.613693,1054700,-,50.877151,63.623989,61.785709,62.813326,1741022.00
04/19/2013,72.309998,72.639999,71.349998,71.989998,65.293938,2394200,-,50.743345,63.697454,61.653289,62.433298,1747856.00
04/18/2013,72.000000,72.099998,71.120003,71.410004,64.767899,3104500,-,50.603345,63.770013,61.527671,61.954409,1721768.00
04/17/2013,72.089996,72.089996,68.410004,69.480003,63.017387,5779200,-,50.456076,63.862343,61.462367,61.470983,1750254.00
04/16/2013,67.750000,68.269997,67.120003,67.779999,61.475513,1621500,-,50.318973,63.988415,61.468717,61.177120,1660716.00
04/15/2013,68.230003,68.459999,66.400002,66.470001,60.287373,1339400,-,50.186643,64.177612,61.558962,61.091863,1706182.00
04/12/2013,69.139999,69.349998,68.180000,69.110001,62.681816,1383500,-,50.061159,64.333976,61.756232,61.147189,1716286.00
04/11/2013,69.209999,70.199997,68.959999,69.320000,62.872272,1677700,-,49.928164,64.444810,61.878221,61.045606,1721784.00
04/10/2013,67.459999,69.239998,67.389999,68.660004,62.273666,1842800,-,49.797046,64.552741,61.895000,60.768069,1721548.00
04/09/2013,66.900002,67.510002,66.620003,67.089996,60.849697,1689000,-,49.668993,64.676273,61.931280,60.613881,1753780.00
04/08/2013,66.639999,67.059998,65.809998,67.050003,60.813416,2124700,-,49.549147,64.802344,62.062340,60.758092,1788860.00
04/05/2013,65.570000,66.790001,65.120003,66.709999,60.505047,1459700,-,49.428105,64.877442,62.183876,60.873280,1794096.00
04/04/2013,65.419998,66.110001,65.059998,66.080002,59.933640,2196200,-,49.306647,64.923336,62.371169,61.100933,1801398.00
04/03/2013,67.279999,67.470001,65.940002,66.239998,60.078758,2014400,-,49.184782,64.992992,62.641451,61.453752,1784856.00
04/02/2013,66.480003,67.550003,66.470001,66.839996,60.622948,1308100,-,49.064802,65.046142,62.915361,61.760314,1799732.00
04/01/2013,67.889999,68.449997,66.889999,67.080002,60.840633,1395800,-,48.939128,65.073533,63.104014,62.026062,1933646.00
03/28/2013,66.690002,68.180000,66.639999,67.989998,61.665981,2376400,-,48.807723,65.014397,63.310353,62.365274,1938032.00
03/27/2013,65.129997,66.320000,64.930000,66.260002,60.096901,3850400,-,48.673062,64.925331,63.445949,62.710836,1921730.00
03/26/2013,67.589996,67.820000,66.199997,66.959999,60.731789,2013900,-,48.544035,64.891591,63.696730,63.021932,1874262.00
03/25/2013,68.559998,69.370003,68.160004,68.680000,62.291805,1240100,-,48.412050,64.863656,63.904883,63.248679,1864344.00
03/22/2013,68.519997,68.730003,67.930000,68.320000,61.965294,2700200,-,48.264251,64.790916,63.952501,63.366587,1872508.00
03/21/2013,69.440002,70.029999,69.160004,69.220001,62.781586,1206100,-,48.113878,64.703483,64.103513,63.494473,1836086.00
03/20/2013,69.839996,70.180000,69.690002,69.970001,63.461823,1173600,-,47.958807,64.593193,64.167002,63.641405,1835612.00
03/19/2013,69.769997,70.239998,68.720001,69.620003,63.144382,1220500,-,47.807624,64.478731,64.265863,63.829150,1853462.00
03/18/2013,69.940002,70.599998,69.440002,69.769997,63.280422,960900,-,47.658209,64.389665,64.462678,64.070408,1892468.00
03/15/2013,71.879997,71.900002,69.919998,70.820000,64.232758,3375000,-,47.512212,64.310032,64.592831,64.181967,1907758.00
03/14/2013,70.879997,71.860001,70.879997,71.800003,65.121605,1576200,-,47.357864,64.236747,64.775588,64.255433,1876738.00
03/13/2013,69.820000,70.410004,69.309998,69.690002,63.207859,1676700,-,47.199868,64.102332,64.887147,64.181061,1879426.00
03/12/2013,70.400002,70.400002,69.230003,69.459999,62.999252,1690700,-,47.052022,63.983335,65.126139,64.371528,1861272.00
03/11/2013,69.360001,70.540001,69.260002,69.980003,63.470894,1121500,-,46.906561,63.876492,65.373293,64.561088,1850408.00
03/08/2013,70.279999,70.370003,69.419998,69.730003,63.244152,2322000,-,46.757037,63.750421,65.590969,64.538414,1844806.00
03/07/2013,71.970001,72.050003,70.750000,70.839996,64.250900,1399900,-,46.603569,63.633238,65.843110,64.712553,1805376.00
03/06/2013,73.150002,73.239998,71.940002,72.040001,65.339279,1582000,-,46.446120,63.499004,66.076659,64.692600,1819586.00
03/05/2013,71.580002,72.820000,71.459999,72.279999,65.556961,1644300,-,46.287399,63.365495,66.278916,64.702575,1810884.00
03/04/2013,71.260002,71.290001,70.160004,71.000000,64.396011,1286500,-,46.131760,63.218019,66.467116,64.854948,1834656.00
03/01/2013,70.320000,71.879997,69.900002,71.629997,64.967415,2732100,-,45.980802,63.091586,66.794084,65.003695,1856526.00
02/28/2013,71.260002,71.830002,70.970001,70.980003,64.377884,1357900,-,45.831592,62.945924,66.950993,65.295744,1842216.00
02/27/2013,70.669998,71.830002,70.650002,71.790001,65.112534,1356600,-,45.683081,62.812778,67.143273,65.593234,1889996.00
02/26/2013,70.639999,71.940002,70.430000,71.550003,64.894852,1599900,-,45.531405,62.647888,67.301088,65.880749,1908354.00
02/25/2013,72.750000,72.959999,69.669998,69.730003,63.244152,1522300,-,45.383392,62.498961,67.478858,66.185498,1915434.00
02/22/2013,70.839996,71.830002,70.500000,71.650002,64.985542,1217700,-,45.245555,62.392843,67.674313,66.643524,1906186.00
02/21/2013,70.919998,70.970001,70.360001,70.620003,64.051369,1237700,-,45.096871,62.247182,67.653452,66.973668,1913378.00
02/20/2013,74.010002,74.370003,72.139999,72.150002,65.439034,1005900,-,44.956992,62.118027,67.590870,67.460718,1923030.00
02/19/2013,73.830002,74.050003,73.300003,73.959999,67.080688,1050900,-,44.813003,61.943886,67.489742,67.855257,1943224.00
02/15/2013,73.860001,73.900002,72.510002,72.639999,65.883476,1554000,-,44.663453,61.730381,67.272519,68.079283,1965332.00
02/14/2013,73.610001,74.930000,73.430000,74.849998,67.887909,939600,-,44.518947,61.526853,67.077971,68.584473,2023518.00
02/13/2013,74.180000,74.980003,73.959999,74.260002,67.352783,1644300,-,44.362667,61.303009,66.577768,68.606242,2077432.00
02/12/2013,74.860001,75.449997,74.690002,74.959999,67.987686,771400,-,44.210639,61.090956,66.070763,68.693312,2103394.00
02/11/2013,74.879997,75.089996,74.489998,74.910004,67.942337,645600,-,44.048089,60.864209,65.591874,68.721427,2151134.00
02/08/2013,74.870003,75.440002,74.580002,74.779999,67.824417,1612900,-,43.881536,60.364823,65.161509,68.772219,2170646.00
02/07/2013,75.309998,75.389999,74.440002,75.290001,68.286980,1396400,-,43.715107,59.859091,64.703028,68.705101,2187188.00
02/06/2013,75.879997,76.599998,75.360001,75.989998,68.921867,1089800,-,43.551419,59.332794,64.168360,68.333237,2199196.00
02/05/2013,75.989998,77.099998,75.919998,76.500000,69.384422,4528800,-,43.386206,58.788867,63.585622,67.721022,2214920.00
02/04/2013,76.959999,77.660004,76.220001,76.430000,69.320953,1302300,-,43.215955,58.199425,63.003337,67.124228,2157796.00
02/01/2013,77.639999,78.300003,76.730003,78.209999,70.935379,3894800,-,43.046524,57.619665,62.471843,66.465755,2176416.00
01/31/2013,75.690002,75.900002,74.690002,75.089996,68.105591,1844600,-,42.868698,57.004571,61.890012,65.571468,2122248.00
01/30/2013,75.570000,75.980003,75.019997,75.220001,68.223488,1658400,-,42.702691,56.438964,61.513159,64.549294,2141586.00
01/29/2013,74.709999,75.309998,74.589996,75.269997,68.268837,1665900,-,42.536883,55.851127,61.022026,63.448213,2168258.00
01/28/2013,76.209999,76.440002,74.699997,75.470001,68.450256,3454400,-,42.364397,55.285447,60.471486,62.462321,2222642.00
01/25/2013,72.690002,74.239998,72.519997,74.040001,67.153236,3443000,-,42.191254,54.711352,59.931828,61.550798,2198656.00
01/24/2013,70.489998,71.300003,70.349998,71.190002,64.568336,2386500,-,42.027787,54.169580,59.432533,60.700955,2145496.00
01/23/2013,69.250000,69.459999,68.510002,69.239998,62.799721,1824800,-,41.876957,53.681536,59.073366,60.003483,2152202.00
01/22/2013,69.760002,70.040001,69.339996,69.919998,63.416477,1369100,-,41.735652,53.221177,58.810340,59.450222,2161030.00
01/18/2013,68.949997,69.320000,68.440002,69.169998,62.736233,2758200,-,41.597643,52.762698,58.572709,58.882447,2193130.00
01/17/2013,65.480003,69.620003,65.370003,68.349998,61.992500,8003800,-,41.465866,52.342049,58.345055,58.477931,2169976.00
01/16/2013,63.169998,63.990002,63.139999,63.820000,57.883854,1615100,-,41.335622,51.922783,58.149146,58.208556,2040488.00
01/15/2013,62.799999,63.279999,62.720001,63.080002,57.212681,1561300,-,41.224129,51.581775,58.139170,58.477023,2104552.00
01/14/2013,65.199997,65.269997,64.250000,64.400002,58.409912,1477000,-,41.113303,51.254044,58.164565,58.595839,2153192.00
01/11/2013,65.230003,65.760002,64.940002,65.419998,59.335033,1518000,-,40.996886,50.883367,58.087472,58.480650,2210400.00
01/10/2013,64.559998,64.690002,63.939999,64.669998,58.654800,1648300,-,40.875592,50.485049,57.993145,58.312857,2286876.00
01/09/2013,63.419998,63.799999,63.290001,63.500000,57.593620,879100,-,40.753542,50.100045,57.957319,58.164110,2385588.00
01/08/2013,63.400002,63.570000,62.799999,63.139999,57.267105,1182400,-,40.636904,49.729737,57.962760,58.143249,2510594.00
01/07/2013,63.349998,63.869999,63.090000,63.660000,57.738735,2066100,-,40.524194,49.351019,57.979086,58.170458,2592194.00
01/04/2013,64.639999,65.050003,64.349998,64.709999,58.691071,3170800,-,40.409448,48.969541,57.928748,58.262970,2703534.00
01/03/2013,65.989998,66.290001,65.059998,65.379997,59.298744,1725400,-,40.289295,48.552625,57.814468,58.212180,2853816.00
01/02/2013,65.980003,66.779999,65.779999,66.779999,60.568531,1824000,-,40.165028,48.111370,57.634885,58.089737,3167148.00
12/31/2012,63.169998,64.519997,63.090000,64.389999,58.400833,1710600,-,40.034807,47.626442,57.441244,57.801316,3611288.00
12/28/2012,63.389999,63.570000,62.950001,63.130001,57.258030,769000,-,39.912413,47.235784,57.358708,57.733292,3653790.00
12/27/2012,63.810001,63.869999,62.560001,63.570000,57.657101,1147500,-,39.796773,46.856667,57.328324,57.694294,3687876.00
12/26/2012,63.810001,63.860001,62.599998,63.029999,57.167332,841400,-,39.675159,46.472179,56.594120,57.673433,3752134.00
12/24/2012,63.580002,63.689999,63.150002,63.270000,57.385006,350500,-,39.556639,46.098213,55.862645,57.750527,3781850.00
12/21/2012,63.599998,63.720001,62.950001,63.439999,57.539200,2110400,-,39.435740,45.725550,55.092000,57.782272,3801110.00
12/20/2012,64.529999,64.970001,64.230003,64.680000,58.663857,1146900,-,39.311633,45.362568,54.301316,57.787714,3806928.00
12/19/2012,64.589996,64.720001,63.750000,64.150002,58.183163,2832900,-,39.178676,44.987247,53.363739,57.594526,3818876.00
12/18/2012,63.799999,64.089996,63.680000,64.029999,58.074322,2380000,-,39.049199,44.637496,52.471229,57.416756,3822650.00
12/17/2012,64.000000,64.000000,63.330002,63.599998,57.684315,2016600,-,38.920839,44.283249,51.576546,57.180033,3813970.00
12/14/2012,62.419998,63.790001,62.419998,63.639999,57.720600,3746900,-,38.795110,43.926649,50.683595,57.081172,3822646.00
12/13/2012,63.400002,63.470001,62.630001,62.700001,56.868042,2274500,-,38.669773,43.554817,49.739147,56.984124,3793348.00
12/12/2012,63.419998,63.790001,63.090000,63.340000,57.448498,1953900,-,38.556513,43.191913,48.894986,56.962355,3781884.00
12/11/2012,64.139999,64.370003,63.840000,63.880001,57.938271,1059900,-,38.434401,42.821606,48.009836,55.514806,3797870.00
12/10/2012,63.130001,63.830002,63.130001,63.619999,57.702454,1577300,-,38.310700,42.449483,47.116154,53.974762,3825280.00
12/07/2012,62.639999,63.520000,62.549999,63.500000,57.593620,1720300,-,38.187963,42.059302,46.239339,52.401728,3850150.00
12/06/2012,62.320000,62.720001,62.040001,62.549999,56.731979,2015600,-,38.064731,41.682176,45.348746,50.814918,3887816.00
12/05/2012,61.400002,62.270000,61.380001,62.189999,56.405464,2156300,-,37.946667,41.307488,44.536773,49.132951,3900628.00
12/04/2012,61.720001,61.939999,60.900002,61.419998,55.707088,4463300,-,37.831884,40.961814,43.801688,47.525702,3907330.00
12/03/2012,63.020000,63.209999,62.410000,62.509998,56.695705,3635300,-,37.720558,40.638811,43.067795,45.973059,3891194.00
11/30/2012,62.720001,63.080002,62.110001,62.570000,56.750114,2942400,-,37.599844,40.296325,42.274681,44.286017,3906330.00
11/29/2012,62.619999,63.400002,61.919998,62.459999,56.650356,3158400,-,37.479539,39.979442,41.478484,42.494170,3881230.00
11/28/2012,58.230000,59.259998,57.930000,59.250000,42.973007,1621200,-,37.357546,39.678189,40.639768,40.827618,3840672.00
11/27/2012,58.490002,59.150002,58.189999,58.650002,42.537834,2440000,-,37.304872,39.647437,40.462074,40.504866,3840798.00
11/26/2012,58.270000,58.299999,57.310001,57.869999,41.972115,1996800,-,37.255019,39.611318,40.305413,40.257545,3826348.00
11/23/2012,56.810001,58.049999,56.540001,57.529999,41.725513,1876000,-,37.207493,39.578680,40.160719,40.076949,3811710.00
11/21/2012,55.430000,55.549999,54.830002,55.029999,39.912312,1672600,-,37.160626,39.550104,39.991003,39.882573,3799250.00
11/20/2012,55.889999,56.029999,55.200001,55.610001,40.332973,2233300,-,37.122144,39.555761,39.928629,39.940596,3809096.00
11/19/2012,55.200001,55.689999,55.000000,55.400002,40.180664,1186400,-,37.083746,39.573313,39.804243,40.077674,3839600.00
11/16/2012,54.820000,55.020000,53.930000,54.910000,39.825279,2811500,-,37.042094,39.609142,39.657010,40.162531,3844256.00
11/15/2012,54.630001,54.820000,53.349998,53.540001,38.831642,2992000,-,37.001037,39.625969,39.481854,40.263345,3809378.00
11/14/2012,56.009998,56.080002,54.980000,55.130001,39.984837,4385100,-,36.960969,39.663538,39.483667,40.462798,3771162.00
11/13/2012,54.639999,55.470001,54.520000,54.799999,39.745491,2255100,-,36.914992,39.687328,39.399534,40.451919,3704918.00
11/12/2012,55.500000,55.580002,55.070000,55.240002,40.064621,785000,-,36.870785,39.702414,39.333896,40.419282,3697324.00
11/09/2012,54.730000,55.799999,54.669998,55.380001,40.166161,2721800,-,36.824480,39.727798,39.254115,40.353281,3705986.00
11/08/2012,55.860001,56.040001,54.849998,54.849998,39.781754,2266200,-,36.778672,39.740999,39.183400,40.244489,3720258.00
11/07/2012,55.770000,56.130001,55.340000,55.830002,40.492535,2974100,-,36.735681,39.786982,39.163818,40.099433,3697374.00
11/06/2012,56.779999,57.540001,56.709999,57.500000,41.703754,1600500,-,36.690320,39.815123,39.134081,39.916662,3659912.00
11/05/2012,55.759998,56.709999,55.700001,56.570000,41.029240,1529400,-,36.636644,39.816863,39.083674,39.530812,3644606.00
11/02/2012,57.110001,57.169998,56.169998,56.299999,40.833420,4818300,-,36.583509,39.850081,39.050311,39.151489,3634316.00
11/01/2012,55.459999,56.439999,55.230000,56.290001,40.826168,3993300,-,36.530673,39.881994,39.001355,38.700362,3569998.00
10/31/2012,55.669998,55.669998,54.560001,54.980000,39.876045,4337400,-,36.479199,39.906218,38.916496,38.504536,3507130.00
10/26/2012,54.490002,55.020000,54.110001,54.349998,39.419125,5341800,-,36.427779,39.950896,38.858836,38.347149,3434980.00
10/25/2012,54.450001,54.619999,53.880001,54.330002,39.404606,6583900,-,36.380294,39.999925,38.834539,38.248510,3348070.00
10/24/2012,54.389999,54.410000,53.480000,53.880001,39.078239,7129400,-,36.333239,40.046488,38.830913,38.154949,3240940.00
10/23/2012,52.500000,53.099998,52.189999,52.849998,38.331200,5262400,-,36.286669,40.097403,38.786671,38.122311,3127862.00
10/22/2012,53.779999,53.980000,53.040001,53.310001,38.664825,7633100,-,36.242831,40.158907,38.806979,38.228202,3036396.00
10/19/2012,51.880001,52.549999,51.740002,52.180000,37.845249,10684900,-,36.196142,40.221136,38.773616,38.351500,2896360.00
10/18/2012,50.369999,52.169998,50.369999,51.340000,37.236012,17392000,-,36.154518,40.299612,38.837441,38.636536,2705418.00
10/17/2012,52.520000,52.639999,48.730000,50.080002,36.322151,24031000,-,36.117554,40.389112,38.953487,38.949134,2397004.00
10/16/2012,53.950001,54.110001,53.459999,53.590000,38.867912,3835700,-,36.087274,40.501821,39.115951,39.302347,1953060.00
10/15/2012,52.459999,52.910000,51.889999,52.810001,38.302174,2473300,-,36.042723,40.539390,39.217853,39.328456,1954488.00
10/12/2012,53.340000,53.830002,52.869999,52.990002,38.432732,4360400,-,36.002650,40.616415,39.382129,39.370523,1961046.00
10/11/2012,53.299999,53.939999,52.840000,53.040001,38.468998,2327200,-,35.959057,40.658046,39.532263,39.420568,1927296.00
10/10/2012,53.639999,53.970001,53.299999,53.430000,38.751862,1313500,-,35.915749,40.708671,39.645407,39.506876,1929452.00
10/09/2012,54.689999,54.720001,53.799999,54.310001,39.390106,2401300,-,35.870560,40.767709,39.724826,39.451030,1967500.00
10/08/2012,55.560001,55.599998,54.790001,55.009998,39.897800,1744300,-,35.821141,40.832694,39.770156,39.385756,1976862.00
10/05/2012,56.759998,56.919998,55.880001,56.110001,40.695618,3021600,-,35.767821,40.888541,39.785025,39.195732,1981244.00
10/04/2012,55.840000,55.860001,55.209999,55.650002,40.361984,1946000,-,35.712196,40.903482,39.810772,39.038346,1969892.00
10/03/2012,54.840000,55.099998,54.470001,54.950001,39.854286,2450400,-,35.650354,40.887816,39.891279,38.957840,1987674.00
10/02/2012,54.480000,54.910000,53.459999,53.950001,39.129005,2282000,-,35.592090,40.882449,39.931894,38.929554,2010348.00
10/01/2012,53.830002,54.500000,53.099998,53.389999,38.722839,1701300,-,35.537166,40.904933,40.010950,39.107249,2004630.00
09/28/2012,53.689999,54.020000,53.380001,53.680000,38.933178,2753200,-,35.483556,40.935104,40.133524,39.393736,2009520.00
09/27/2012,54.040001,54.430000,53.340000,54.230000,39.332085,2430400,-,35.429073,40.965131,40.211854,39.643959,2015218.00
09/26/2012,52.630001,52.880001,51.830002,52.660000,38.193398,2820800,-,35.376037,40.970063,40.311943,39.783939,2036346.00
09/25/2012,54.009998,54.400002,53.270000,53.410000,38.737362,3603600,-,35.334178,40.953236,40.443582,39.998622,2011900.00
09/24/2012,52.959999,53.220001,52.349998,52.389999,37.997570,2656200,-,35.287700,40.918132,40.610759,40.154557,1966702.00
09/21/2012,54.009998,54.320000,53.810001,53.939999,39.121758,2491400,-,35.248290,40.900725,40.805859,40.374317,1951836.00
09/20/2012,54.639999,54.880001,54.180000,54.540001,39.556919,3656500,-,35.201861,40.850681,40.939311,40.583198,1988660.00
09/19/2012,55.000000,55.410000,54.509998,54.560001,39.571430,4392100,-,35.152288,40.802087,41.095972,40.824717,1974544.00
09/18/2012,57.099998,57.099998,56.180000,56.400002,40.905949,1687400,-,35.100170,40.773220,41.238853,40.934235,2069884.00
09/17/2012,57.549999,57.709999,57.060001,57.340000,41.587708,1130500,-,35.036612,40.658045,41.295425,40.914652,2089220.00
09/14/2012,57.150002,58.169998,56.860001,57.130001,41.435410,1627500,-,34.970362,40.543161,41.321535,40.873312,2099112.00
09/13/2012,55.750000,56.410000,55.360001,56.160000,40.731884,1717500,-,34.896486,40.465555,41.343294,40.779750,2083910.00
09/12/2012,56.419998,56.520000,55.369999,55.619999,40.340233,1264900,-,34.827239,40.414205,41.393338,40.839948,2060168.00
09/11/2012,55.509998,56.110001,55.310001,55.560001,40.296711,1253000,-,34.755326,40.364451,41.457525,40.888541,2056206.00
09/10/2012,56.380001,56.439999,55.369999,55.419998,40.195171,2164900,-,34.685460,40.304397,41.513009,41.066961,2113012.00
09/07/2012,56.730000,57.040001,55.900002,56.820000,41.210564,3758500,-,34.617355,40.206774,41.592065,41.237402,2089538.00
09/06/2012,56.320000,58.040001,56.279999,57.869999,41.972115,1419200,-,34.547650,40.094501,41.619988,41.295425,2060770.00
09/05/2012,56.599998,56.930000,55.980000,56.070000,40.666603,1067600,-,34.474245,39.955246,41.606933,41.367227,2079398.00
09/04/2012,56.790001,56.860001,55.799999,56.130001,40.710121,1081200,-,34.408407,39.845728,41.671483,41.543471,2111398.00
08/31/2012,56.700001,56.950001,56.070000,56.770000,41.174305,1072900,-,34.346473,39.753182,41.673297,41.676197,2212622.00
08/30/2012,56.770000,56.779999,55.779999,55.840000,40.499790,1875400,-,34.285623,39.662667,41.722253,41.769759,2242724.00
08/29/2012,57.029999,57.349998,56.590000,56.990002,41.333862,1218100,-,34.227107,39.585932,41.722978,41.906837,2238676.00
08/28/2012,56.970001,56.970001,55.930000,56.290001,40.826168,3435400,-,34.169403,39.496867,41.706297,41.946729,2242658.00
08/27/2012,58.160000,58.169998,57.500000,58.020000,42.080906,1122000,-,34.110616,39.412444,41.750176,42.026510,2216780.00
08/24/2012,57.439999,58.060001,57.230000,57.770000,41.899582,1101000,-,34.043943,39.295094,41.778099,41.959058,2218980.00
08/23/2012,58.369999,58.619999,57.480000,57.619999,41.790794,835200,-,33.988500,39.168314,41.817627,41.946729,2231404.00
08/22/2012,58.200001,58.939999,58.110001,58.860001,42.690140,1014900,-,33.929156,39.054155,41.800220,41.944552,2264960.00
08/21/2012,58.849998,59.119999,58.070000,58.500000,42.429039,1602400,-,33.867538,38.910114,41.644647,41.846640,2274242.00
08/20/2012,57.810001,58.250000,57.610001,57.959999,42.037388,849900,-,33.806579,38.752727,41.502492,41.799496,2273802.00
08/17/2012,57.889999,58.070000,57.500000,58.060001,42.109921,729900,-,33.741415,38.606655,41.413283,41.670396,2297194.00
08/16/2012,57.110001,57.950001,56.919998,57.730000,41.870575,996300,-,33.676568,38.450284,41.319358,41.674747,2325218.00
08/15/2012,57.430000,57.880001,57.090000,57.540001,41.732773,1227400,-,33.617506,38.299570,41.247555,41.539119,2335804.00
08/14/2012,57.740002,57.880001,57.110001,57.389999,41.623981,1475500,-,33.564940,38.119555,41.139850,41.465865,2333044.00
08/13/2012,57.310001,57.419998,56.619999,57.090000,41.406391,689100,-,33.512667,37.924889,40.926254,41.473842,2334424.00
08/10/2012,57.180000,57.689999,57.009998,57.599998,41.776287,631300,-,33.452736,37.732109,40.705043,41.597140,2376418.00
08/09/2012,57.389999,57.900002,57.330002,57.590000,41.769028,1137800,-,33.390668,37.561087,40.472589,41.688525,2381854.00
08/08/2012,56.700001,57.660000,56.330002,57.509998,41.711014,1971300,-,33.329820,37.390936,40.215114,41.655888,2398166.00
08/07/2012,58.160000,58.230000,57.580002,57.849998,41.957603,1833800,-,33.266430,37.238336,39.985925,41.442655,2386254.00
08/06/2012,57.990002,58.150002,56.119999,56.180000,40.746384,3907100,-,33.197865,37.066444,39.794450,41.205488,2378060.00
08/03/2012,57.560001,58.560001,57.400002,58.119999,42.153431,2801200,-,33.135678,36.921968,39.514491,41.156170,2314334.00
08/02/2012,55.869999,56.590000,55.480000,55.860001,40.514297,2672900,-,33.069252,36.751672,39.198993,40.963969,2284056.00
08/01/2012,57.900002,57.939999,56.470001,56.529999,41.000229,2435000,-,33.008764,36.619525,39.051035,40.955991,2260524.00
07/31/2012,58.779999,59.139999,57.480000,57.500000,41.703754,3215900,-,32.948283,36.470842,38.909242,40.813836,2243430.00
07/30/2012,58.029999,59.200001,58.029999,58.790001,42.639370,2869400,-,32.883352,36.287781,38.716680,40.378667,2230408.00
07/27/2012,57.650002,59.099998,57.389999,58.860001,42.690140,1963400,-,32.809084,36.090214,38.449414,39.812946,2203326.00
07/26/2012,56.349998,57.290001,56.009998,57.139999,41.442657,2454000,-,32.725278,35.908313,38.080608,39.256654,2209554.00
07/25/2012,55.770000,55.779999,54.320000,54.570000,39.578682,2835100,-,32.650614,35.768043,37.788319,38.774341,2200176.00
07/24/2012,54.459999,54.930000,54.230000,54.580002,39.585938,3584100,-,32.582975,35.660557,37.559855,38.529194,2191044.00
07/23/2012,54.349998,55.889999,54.110001,55.500000,40.253197,1996100,-,32.512576,35.571347,37.340093,38.383412,2171714.00
07/20/2012,55.810001,56.169998,55.070000,55.470001,40.231430,1945800,-,32.436510,35.459798,37.131575,37.872813,2188778.00
07/19/2012,56.090000,56.119999,55.139999,55.750000,40.434509,3038100,-,32.361163,35.350716,36.952430,37.434017,2197872.00
07/18/2012,51.910000,54.820000,51.759998,54.570000,39.578682,3486800,-,32.279066,35.247871,36.763856,37.146080,2173628.00
07/17/2012,51.549999,51.720001,50.400002,51.500000,37.352062,1598500,-,32.204975,35.169831,36.628953,37.004649,2132038.00
07/16/2012,51.240002,51.279999,50.700001,50.990002,36.982166,1343700,-,32.147430,35.127764,36.591602,37.054694,2120038.00
07/13/2012,50.650002,51.299999,50.549999,51.189999,37.127216,1912900,-,32.091447,35.109632,36.553162,37.085881,2117452.00
07/12/2012,51.549999,51.549999,50.240002,50.490002,36.619526,4332600,-,32.038862,35.099913,36.474832,36.904562,2118668.00
07/11/2012,52.080002,52.200001,50.939999,51.189999,37.127216,2950700,-,31.985338,35.110938,36.447996,36.802297,2052300.00
07/10/2012,52.119999,53.299999,52.000000,52.570000,38.128117,9159100,-,31.925798,35.108037,36.366039,36.590515,2026714.00
07/09/2012,48.959999,49.040001,48.340000,48.459999,35.147202,2654200,-,31.859462,35.078111,36.187620,36.296775,1878118.00
07/06/2012,50.360001,50.580002,49.389999,49.419998,35.843472,1625100,-,31.811902,35.114113,36.166949,36.390337,1892292.00
07/05/2012,51.500000,52.060001,51.290001,51.779999,37.555138,867400,-,31.760430,35.106798,36.089344,36.470843,1896368.00
07/03/2012,51.990002,52.869999,51.860001,52.619999,38.164375,530400,-,31.701726,35.048331,35.928331,36.381633,1935276.00
07/02/2012,51.939999,52.270000,51.439999,52.189999,37.852509,1066800,-,31.642091,34.975816,35.656713,36.253258,1982290.00
06/29/2012,50.540001,51.720001,50.360001,51.419998,37.294041,4093300,-,31.583226,34.929753,35.358621,36.128510,2025176.00
06/28/2012,48.139999,48.740002,48.060001,48.689999,35.314022,991200,-,31.527656,34.901455,35.082288,36.020442,2011812.00
06/27/2012,49.029999,49.320000,48.680000,49.080002,35.596878,2320100,-,31.478939,34.901862,34.977847,36.045102,2092040.00
06/26/2012,48.700001,48.820000,47.509998,48.270000,35.009396,2350600,-,31.426298,34.898618,34.861077,36.093696,2109528.00
06/25/2012,49.450001,49.459999,48.430000,48.520000,35.190716,2667600,-,31.373477,34.905833,34.814659,36.141564,2111502.00
06/22/2012,50.130001,50.549999,49.709999,49.750000,36.082821,6142400,-,31.319964,34.900103,34.723273,36.078465,2101254.00
06/21/2012,52.270000,52.419998,50.349998,50.529999,36.648533,2578000,-,31.263711,34.879685,34.595261,35.943562,2064802.00
06/20/2012,50.910000,50.950001,50.020000,50.549999,36.663036,1673000,-,31.200364,34.822146,34.444765,35.707845,2059134.00
06/19/2012,50.509998,51.340000,50.450001,50.849998,36.880627,1417200,-,31.138630,34.765320,34.306961,35.475030,2052846.00
06/18/2012,49.849998,50.700001,49.580002,50.470001,36.605026,2141500,-,31.078316,34.716903,34.141234,35.060168,2040550.00
06/15/2012,49.360001,50.029999,49.310001,49.930000,36.213367,1232000,-,31.021710,34.672850,33.938518,34.588733,2024524.00
06/14/2012,49.389999,49.529999,48.540001,49.029999,35.560616,1722200,-,30.965916,34.639355,33.765900,34.144134,2062418.00
06/13/2012,49.549999,50.259998,49.130001,49.750000,36.082821,2513000,-,30.916432,34.644435,33.667624,33.910593,2063812.00
06/12/2012,47.680000,49.009998,47.520000,48.930000,35.488079,1479000,-,30.859641,34.650398,33.584942,33.628458,2051674.00
06/11/2012,48.560001,48.810001,47.570000,47.650002,34.559719,1580400,-,30.800555,34.659510,33.520755,33.487753,2061570.00
06/08/2012,47.020000,47.990002,47.000000,47.889999,34.733795,2019500,-,30.751488,34.680020,33.549041,33.368082,2065580.00
06/07/2012,48.299999,48.310001,47.209999,47.279999,34.291363,2131100,-,30.701944,34.686296,33.546140,33.246960,2059490.00
06/06/2012,45.630001,47.360001,45.619999,47.340000,34.334885,1525600,-,30.648627,34.702997,33.570438,33.181685,2046154.00
06/05/2012,44.639999,45.360001,44.599998,45.130001,32.732006,1089400,-,30.594841,34.717824,33.618306,33.138893,2044032.00
06/04/2012,44.209999,44.380001,43.830002,43.970001,31.890678,1544500,-,30.549643,34.748078,33.765539,33.222301,2040208.00
06/01/2012,44.529999,44.830002,43.740002,43.799999,31.767380,2788800,-,30.515570,34.795589,33.933443,33.288303,2046016.00
05/31/2012,45.970001,46.110001,45.509998,45.810001,33.225204,903100,-,30.482364,34.854741,34.148851,33.387667,2042160.00
05/30/2012,46.130001,46.279999,45.790001,45.860001,33.261471,1953400,-,30.444592,34.886027,34.319655,33.424656,2056778.00
05/29/2012,47.430000,47.630001,46.840000,46.990002,34.081032,1375700,-,30.405385,34.914007,34.515119,33.541426,2036764.00
05/25/2012,45.450001,46.200001,45.389999,46.000000,33.363007,1424100,-,30.359787,34.921295,34.660175,33.553757,2026526.00
05/24/2012,46.419998,46.700001,45.840000,46.220001,33.522572,720800,-,30.309462,34.944520,34.823618,33.730001,2030330.00
05/23/2012,46.209999,46.430000,45.380001,46.380001,33.638615,1287300,-,30.262104,34.952511,34.994853,33.845320,2040758.00
05/22/2012,46.790001,47.049999,46.430000,46.750000,33.906967,1496300,-,30.205312,34.962339,35.086808,33.959190,2045404.00
05/21/2012,45.549999,46.380001,45.250000,46.279999,33.566086,1580300,-,30.155565,34.950885,35.123049,34.097720,2034182.00
05/18/2012,45.610001,45.639999,44.849998,44.880001,32.550694,2564800,-,30.106770,34.948829,35.171676,34.308777,2032300.00
05/17/2012,46.029999,46.299999,45.160000,45.169998,32.761021,1515300,-,30.069325,34.961920,35.321611,34.578583,2011442.00
05/16/2012,47.270000,47.310001,46.279999,46.320000,33.595097,2274800,-,30.028713,34.961055,35.477517,34.910036,2018324.00
05/15/2012,47.090000,47.840000,47.020000,47.470001,34.429169,1985100,-,29.986763,34.930605,35.564479,35.214655,2057102.00
05/14/2012,47.020000,47.529999,46.689999,47.160000,34.204342,2378500,-,29.942399,34.887774,35.614755,35.488811,2054894.00
05/11/2012,47.650002,49.310001,47.650002,48.430000,35.125446,2617600,-,29.899445,34.851734,35.673046,35.766594,2048788.00
05/10/2012,47.880001,48.169998,47.400002,47.810001,34.675766,2849300,-,29.857334,34.799996,35.661985,35.917235,2035294.00
05/09/2012,47.500000,48.230000,47.299999,47.950001,34.777317,2400500,-,29.819335,34.759546,35.681293,36.144386,2039862.00
05/08/2012,48.330002,48.830002,47.759998,48.660000,35.292259,1825900,-,29.779539,34.748320,35.631005,36.214425,2061794.00
05/07/2012,49.080002,49.450001,48.759998,49.189999,35.676662,1407300,-,29.738457,34.702995,35.557479,36.148379,2068962.00
05/04/2012,49.130001,49.490002,48.380001,48.599998,35.248749,998500,-,29.692945,34.653423,35.496633,36.034574,2075846.00
05/03/2012,50.310001,50.529999,49.700001,49.740002,36.075554,1214400,-,29.644304,34.611549,35.454316,36.064639,2120482.00
05/02/2012,50.410000,50.740002,50.200001,50.520000,36.641281,1973700,-,29.591170,34.548982,35.377469,36.044998,2144706.00
05/01/2012,51.049999,51.610001,50.869999,51.250000,37.170738,1014200,-,29.530583,34.478540,35.336136,35.914303,2163268.00
04/30/2012,50.500000,51.360001,50.470001,50.990002,36.982166,1671400,-,29.467744,34.404105,35.296647,35.740698,2194128.00
04/27/2012,51.360001,51.470001,50.790001,51.099998,36.631855,1729300,-,29.404485,34.333298,35.244722,35.579499,2209294.00
04/26/2012,50.150002,51.759998,50.110001,51.540001,36.947277,3362900,-,29.345630,34.251719,35.192391,35.406735,2222920.00
04/25/2012,49.439999,49.540001,48.860001,49.490002,35.477707,1828900,-,29.285915,34.166555,35.097406,35.218199,2220150.00
04/24/2012,48.910000,49.000000,47.900002,48.310001,34.631802,2812800,-,29.240896,34.102037,35.079843,35.047585,2238204.00
04/23/2012,48.770000,48.810001,47.959999,48.180000,34.538612,2881100,-,29.201935,34.058165,35.102065,34.966579,2244750.00
04/20/2012,50.080002,50.570000,49.500000,49.590000,35.549393,3211100,-,29.167740,34.018737,35.087369,34.958693,2221962.00
04/19/2012,50.740002,51.349998,49.570000,50.049999,35.879147,3425100,-,29.122398,33.957087,35.023210,34.843993,2181660.00
04/18/2012,47.810001,49.560001,47.740002,49.290001,35.334332,5002600,-,29.078311,33.886547,34.965502,34.709940,2149900.00
04/17/2012,49.680000,50.169998,49.349998,49.430000,35.434692,3194500,-,29.037629,33.824179,34.938261,34.757970,2087588.00
04/16/2012,48.889999,49.619999,48.680000,49.340000,35.370171,2449300,-,28.992932,33.768551,34.899551,34.852596,2052404.00
04/13/2012,48.930000,48.970001,48.349998,48.689999,34.904217,2155200,-,28.947268,33.698154,34.853313,34.909945,2029448.00
04/12/2012,47.939999,49.580002,47.910000,48.910000,35.061920,4319800,-,28.902822,33.632346,34.834316,34.978047,2022240.00
04/11/2012,47.259998,47.720001,47.060001,47.110001,33.771561,2294600,-,28.857588,33.547469,34.777325,34.976613,1968840.00
04/10/2012,47.880001,48.240002,47.049999,47.180000,33.821743,1358600,-,28.814110,33.487826,34.795247,35.112101,1962306.00
04/09/2012,47.520000,48.320000,47.330002,48.070000,34.459751,802400,-,28.772460,33.429473,34.770873,35.237551,1982282.00
04/05/2012,47.930000,48.240002,47.849998,47.990002,34.402401,1340200,-,28.726688,33.356353,34.721051,35.216046,2007940.00
04/04/2012,48.860001,49.009998,47.700001,48.180000,34.538612,3126700,-,28.682242,33.288394,34.661193,35.202426,2022934.00
04/03/2012,50.580002,50.770000,49.740002,49.959999,35.814629,1791900,-,28.635252,33.221295,34.570150,35.221064,1997308.00
04/02/2012,50.259998,50.970001,50.040001,50.750000,36.380955,1906100,-,28.582992,33.133407,34.383048,35.118553,1997052.00
03/30/2012,50.090000,50.320000,49.490002,50.139999,35.943661,1973800,-,28.527865,33.025160,34.178382,34.946505,2026270.00
03/29/2012,48.810001,49.689999,48.669998,49.639999,35.585236,1780900,-,28.477721,32.914333,34.001317,34.796681,2026726.00
03/28/2012,49.599998,49.619999,48.480000,48.889999,35.047585,1715000,-,28.434995,32.807950,33.848982,34.690585,2123272.00
03/27/2012,49.060001,49.240002,48.830002,49.000000,35.126434,1464300,-,28.390621,32.717625,33.729266,34.578036,2135948.00
03/26/2012,48.509998,49.000000,48.400002,48.930000,35.076252,1419500,-,28.346068,32.606941,33.683745,34.478392,2146282.00
03/23/2012,47.529999,47.970001,47.439999,47.770000,34.244694,898200,-,28.306497,32.503856,33.581233,34.304194,2147836.00
03/22/2012,47.599998,48.000000,47.439999,47.799999,34.266205,1834900,-,28.270295,32.418835,33.528902,34.226056,2169562.00
03/21/2012,48.869999,49.090000,48.349998,48.439999,34.724995,2596000,-,28.237642,32.328797,33.473345,34.119959,2188122.00
03/20/2012,47.830002,48.730000,47.720001,48.529999,34.789513,1634000,-,28.199935,32.225568,33.384453,33.919236,2190082.00
03/19/2012,48.279999,48.689999,48.020000,48.349998,34.660480,952700,-,28.163052,32.116318,33.300938,33.647543,2210710.00
03/16/2012,48.119999,48.380001,47.939999,48.049999,34.445415,863800,-,28.127352,32.013519,33.240363,33.410260,2265116.00
03/15/2012,47.509998,48.200001,47.459999,48.160000,34.524273,1614300,-,28.092082,31.921473,33.190182,33.205952,2275764.00
03/14/2012,47.160000,47.730000,47.070000,47.320000,33.922100,1242200,-,28.059286,31.836310,33.091613,33.007380,2272618.00
03/13/2012,46.759998,47.669998,46.759998,47.610001,34.129997,1519600,-,28.026131,31.757024,33.029963,32.880495,2259070.00
03/12/2012,46.520000,46.709999,46.290001,46.500000,33.334270,935200,-,27.991076,31.680176,32.936054,32.889098,2247402.00
03/09/2012,46.389999,46.869999,46.220001,46.680000,33.463310,1486200,-,27.960788,31.607773,32.891250,32.858273,2268092.00
03/08/2012,45.959999,46.549999,45.689999,46.320000,33.205235,1521900,-,27.929390,31.534653,32.846446,32.831748,2249770.00
03/07/2012,44.980000,45.810001,44.919998,45.639999,32.717766,1859400,-,27.898672,31.464830,32.809527,32.826730,2232876.00
03/06/2012,44.099998,44.869999,44.080002,44.740002,32.072586,4213700,-,27.876879,31.400599,32.791247,32.849670,2225148.00
03/05/2012,45.150002,45.189999,44.590000,45.040001,32.287643,1874700,-,27.860535,31.343823,32.798416,32.954333,2188068.00
03/02/2012,45.389999,45.459999,45.020000,45.200001,32.402344,2073200,-,27.843724,31.289485,32.816696,33.070467,2210350.00
03/01/2012,45.470001,45.759998,45.270000,45.389999,32.538551,1942900,-,27.823759,31.201310,32.789097,33.174413,2196248.00
02/29/2012,46.959999,47.080002,45.459999,45.549999,32.653252,3077700,-,27.803974,31.114570,32.742859,33.175846,2195414.00
02/28/2012,46.599998,47.770000,46.580002,47.730000,34.216019,3497100,-,27.782791,31.024388,32.651100,33.179431,2167168.00
02/27/2012,45.570000,46.270000,45.470001,46.070000,33.026020,2184300,-,27.756983,30.900083,32.479769,32.983010,2142634.00
02/24/2012,46.459999,46.770000,46.220001,46.310001,33.198067,1751500,-,27.733542,30.800296,32.373673,32.924227,2141592.00
02/23/2012,46.470001,46.500000,45.869999,46.250000,33.155056,3230300,-,27.717054,30.710831,32.253956,32.861143,2135496.00
02/22/2012,46.099998,46.150002,45.709999,45.959999,32.947166,2425600,-,27.698989,30.644162,32.146427,32.792324,2119890.00
02/21/2012,46.869999,46.869999,45.990002,46.200001,33.119213,2901800,-,27.678809,30.574053,32.058252,32.732824,2180520.00
02/17/2012,47.169998,47.200001,46.299999,46.660000,33.448978,2557200,-,27.660601,30.513979,31.973303,32.642498,2170284.00
02/16/2012,45.529999,46.820000,45.500000,46.650002,33.441803,2429700,-,27.642572,30.441719,31.849285,32.562926,2217760.00
02/15/2012,45.799999,45.980000,45.340000,45.410000,32.552891,2410600,-,27.624399,30.365731,31.697309,32.403782,2274992.00
02/14/2012,45.220001,45.650002,45.000000,45.599998,32.689098,3224400,-,27.608700,30.297629,31.582969,32.309871,2313670.00
02/13/2012,45.189999,45.360001,44.619999,44.990002,32.251808,2731600,-,27.594936,30.207734,31.475081,32.122769,2323466.00
02/10/2012,45.680000,45.680000,45.060001,45.250000,32.438187,3140100,-,27.582104,30.129452,31.342102,31.976528,2350196.00
02/09/2012,45.509998,45.560001,45.119999,45.430000,32.567230,1741700,-,27.570347,30.013893,31.216293,31.823120,2317668.00
02/08/2012,45.230000,45.590000,44.919998,45.290001,32.466866,1196000,-,27.556763,29.900198,31.087615,31.646770,2308244.00
02/07/2012,45.049999,45.200001,44.750000,45.130001,32.352165,1837100,-,27.539418,29.770015,30.952486,31.500529,2299558.00
02/06/2012,45.310001,45.310001,44.669998,44.939999,32.215958,1887000,-,27.521869,29.649439,30.813055,31.383680,2298884.00
02/03/2012,45.009998,45.549999,44.840000,45.549999,32.653252,1435300,-,27.508219,29.536604,30.668607,31.304108,2296562.00
02/02/2012,44.439999,44.730000,44.200001,44.430000,31.850363,1301500,-,27.480393,29.428931,30.511972,31.135644,2312726.00
02/01/2012,44.169998,44.459999,44.049999,44.099998,31.613789,1794800,-,27.458136,29.337745,30.411610,30.990837,2307646.00
01/31/2012,43.330002,43.450001,42.720001,42.990002,30.818075,1649800,-,27.441697,29.255449,30.344226,30.856067,2312946.00
01/30/2012,43.060001,43.080002,42.619999,42.950001,30.789400,1967900,-,27.428245,29.205555,30.301213,30.827393,2313464.00
01/27/2012,43.189999,43.549999,42.720001,43.110001,30.904099,2357400,-,27.414478,29.169855,30.276123,30.707676,2303366.00
01/26/2012,43.430000,43.919998,42.790001,42.970001,30.803732,2085300,-,27.409970,29.127703,30.216623,30.609466,2308196.00
01/25/2012,43.099998,43.290001,42.680000,43.250000,31.004459,2089900,-,27.407697,29.107488,30.166801,30.528460,2317158.00
01/24/2012,43.450001,43.840000,43.250000,43.500000,31.183672,1845400,-,27.402510,29.068777,30.102283,30.404442,2327042.00
01/23/2012,43.580002,43.919998,43.430000,43.830002,31.420244,1779100,-,27.398125,29.020030,30.018410,30.242430,2340380.00
01/20/2012,42.430000,43.270000,42.310001,43.200001,30.968609,3367000,-,27.396166,29.007844,29.909088,30.033105,2361960.00
01/19/2012,42.540001,42.580002,42.049999,42.410000,30.402292,1996600,-,27.398480,28.986911,29.839194,29.888299,2321066.00
01/18/2012,43.509998,43.529999,41.209999,42.220001,30.266092,6608200,-,27.402742,28.986194,29.718760,29.832384,2311114.00
01/17/2012,42.680000,43.180000,42.250000,42.590000,30.531330,2348800,-,27.408110,28.985621,29.615532,29.832384,2230762.00
01/13/2012,41.349998,41.400002,40.700001,41.279999,29.592230,1981000,-,27.412858,28.955082,29.496173,29.775034,2227966.00
01/12/2012,41.790001,41.959999,41.349998,41.740002,29.921995,1497200,-,27.421772,28.946050,29.416601,29.844570,2297388.00
01/11/2012,41.580002,41.980000,41.320000,41.840000,29.993675,1984500,-,27.426066,28.948774,29.322333,29.823781,2364672.00
01/10/2012,41.570000,41.689999,41.279999,41.520000,29.764280,2762900,-,27.429576,28.973291,29.258891,29.805142,2426612.00
01/09/2012,41.200001,41.689999,41.119999,41.240002,29.563557,2694000,-,27.433031,29.001392,29.261758,29.800125,2472462.00
01/06/2012,40.860001,41.200001,40.570000,40.910000,29.326992,2665400,-,27.437561,28.998524,29.255665,29.794390,2453550.00
01/05/2012,40.869999,41.560001,40.660000,41.180000,29.520548,3673000,-,27.442318,28.999241,29.295092,29.785071,2458588.00
01/04/2012,41.700001,41.830002,41.320000,41.630001,29.843136,1396200,-,27.442464,29.000818,29.310863,29.790089,2422828.00
01/03/2012,42.970001,43.009998,42.049999,42.220001,30.266092,1457000,-,27.441952,28.984617,29.300827,29.605137,2448622.00
12/30/2011,41.970001,42.330002,41.790001,41.790001,29.957832,564800,-,27.435257,28.944186,29.244911,29.398680,2528120.00
12/29/2011,41.919998,42.310001,41.619999,42.250000,30.287592,936200,-,27.430564,28.911210,29.156737,29.217313,2556286.00
12/28/2011,41.799999,41.830002,41.380001,41.450001,29.714104,1969700,-,27.417890,28.882822,29.059243,28.988632,2607284.00
12/27/2011,41.779999,41.990002,41.570000,41.580002,29.807291,570100,-,27.413496,28.856871,28.906550,28.820885,2666004.00
12/23/2011,41.259998,41.599998,41.200001,41.450001,29.714104,677200,-,27.411430,28.838806,28.760310,28.712639,2741090.00
12/22/2011,40.779999,41.369999,40.740002,41.160000,29.506212,1473000,-,27.408698,28.818877,28.572491,28.723392,2798126.00
12/21/2011,40.540001,40.959999,40.180000,40.779999,29.233799,2359700,-,27.405591,28.784468,28.413346,28.716940,2963188.00
12/20/2011,40.480000,41.360001,40.459999,41.250000,29.570728,2988800,-,27.412477,28.718373,28.280367,28.805114,2984704.00
12/19/2011,39.630001,39.790001,39.000000,39.049999,27.993620,1368100,-,27.418880,28.657152,28.165310,28.831638,2977428.00
12/16/2011,39.310001,39.779999,39.189999,39.340000,28.201513,1901200,-,27.433841,28.618298,28.130184,28.996517,3025082.00
12/15/2011,40.270000,40.299999,38.930000,39.259998,28.144163,1665400,-,27.453847,28.564390,28.095057,29.091143,3023668.00
12/14/2011,39.240002,39.279999,38.799999,39.060001,28.000786,2270400,-,27.475201,28.502309,28.104018,29.096161,3084278.00
12/13/2011,39.820000,40.250000,38.930000,39.110001,28.036636,2132200,-,27.491541,28.445533,28.154199,29.129854,3106964.00
12/12/2011,40.630001,40.650002,39.799999,40.070000,28.724827,1446700,-,27.504483,28.365101,28.192192,28.992216,3110892.00
12/09/2011,40.740002,41.959999,40.610001,41.599998,29.821630,2450000,-,27.515081,28.285816,28.245599,28.807981,3139136.00
12/08/2011,41.450001,41.849998,40.950001,41.070000,29.441698,5457100,-,27.519947,28.206243,28.207964,28.421590,3123030.00
12/07/2011,41.430000,42.150002,41.189999,42.009998,30.115536,2390000,-,27.525298,28.133123,28.173195,28.109752,3062308.00
12/06/2011,40.980000,41.889999,40.900002,41.619999,29.835966,4931000,-,27.526466,28.063013,28.207964,27.755621,3060864.00
12/05/2011,41.160000,41.820000,41.040001,41.349998,29.642412,5291300,-,27.530836,27.984588,28.212265,27.498983,3019808.00
12/02/2011,39.880001,40.860001,39.869999,40.660000,29.147778,4344500,-,27.542045,27.896127,28.248467,27.263851,2980142.00
12/01/2011,39.139999,39.549999,39.060001,39.330002,28.194344,3714200,-,27.554844,27.810390,28.302949,27.098972,2958556.00
11/30/2011,38.360001,39.580002,38.240002,39.529999,28.337715,4068100,-,27.571631,27.759206,28.343452,27.111875,2961860.00
11/29/2011,37.320000,37.549999,37.020000,37.189999,26.660250,1513700,-,27.583669,27.703433,28.383596,27.178543,2934880.00
11/28/2011,37.560001,37.750000,37.240002,37.500000,26.882477,1270500,-,27.607172,27.686515,28.553494,27.392169,3005852.00
11/25/2011,36.200001,36.889999,36.189999,36.209999,25.957722,761700,-,27.626769,27.673612,28.770345,27.683218,3060166.00
11/23/2011,37.130001,37.139999,36.490002,36.720001,26.323322,1803400,-,27.648655,27.676049,29.030926,27.994338,3145440.00
11/22/2011,37.869999,38.150002,37.000000,37.070000,26.574224,1770900,-,27.669280,27.673182,29.185770,28.236639,3190914.00
11/21/2011,37.540001,38.330002,37.139999,38.040001,27.269588,2243500,-,27.689676,27.653109,29.325200,28.660307,3228808.00
11/18/2011,39.099998,39.110001,37.980000,38.070000,27.291092,1047500,-,27.708398,27.609094,29.441691,28.925547,3234870.00
11/17/2011,39.240002,39.299999,37.990002,38.360001,27.498981,2059800,-,27.725563,27.552174,29.528790,29.233083,3269752.00
11/16/2011,39.849998,40.209999,39.459999,39.509998,28.323374,1675700,-,27.740522,27.491958,29.566067,29.506926,3266332.00
11/15/2011,39.959999,40.810001,39.820000,40.459999,29.004400,1463000,-,27.752985,27.422135,29.565351,29.575029,3261806.00
11/14/2011,40.990002,41.060001,39.950001,40.169998,28.796513,2598900,-,27.763423,27.321630,29.558540,29.588649,3271066.00
11/11/2011,40.639999,41.910000,40.529999,41.560001,29.792959,2533400,-,27.768038,27.232022,29.539543,29.714818,3256858.00
11/10/2011,40.680000,40.880001,39.950001,40.549999,29.068924,2584100,-,27.767919,27.132521,29.495097,29.857473,3234532.00
11/09/2011,40.919998,41.080002,40.040001,40.099998,28.746330,2512300,-,27.774249,27.056820,29.477534,30.067515,3228438.00
11/08/2011,43.169998,43.230000,42.400002,42.980000,30.810905,2858100,-,27.778585,26.982983,29.429504,30.134901,3237594.00
11/07/2011,41.650002,41.959999,41.330002,41.740002,29.921995,1322300,-,27.769697,26.880041,29.185411,29.990094,3204988.00
11/04/2011,41.770000,42.560001,41.660000,42.360001,30.366447,1499000,-,27.760514,26.776095,29.014796,29.957834,3224106.00
11/03/2011,41.110001,42.509998,40.560001,42.180000,30.237411,2590600,-,27.746455,26.642185,28.799019,29.824497,3255698.00
11/02/2011,40.529999,40.919998,40.290001,40.459999,29.004400,2209000,-,27.731698,26.532361,28.562454,29.625208,3265970.00
11/01/2011,40.099998,41.220001,39.959999,40.650002,29.140606,5452100,-,27.718224,26.448774,28.364241,29.555672,3258960.00
10/31/2011,42.250000,42.549999,41.900002,41.930000,30.058201,4861400,-,27.714363,26.338520,28.165310,29.528431,3170530.00
10/28/2011,42.639999,43.590000,42.599998,43.549999,31.219513,5081500,-,27.708496,26.208911,27.863151,29.364268,3122286.00
10/27/2011,42.160000,43.880001,42.139999,43.480000,31.169340,5055400,-,27.684300,26.058369,27.540203,29.132721,3086896.00
10/26/2011,41.650002,41.770000,40.279999,41.040001,29.420189,1748400,-,27.661028,25.936501,27.273887,28.887553,3037680.00
10/25/2011,41.220001,41.580002,40.790001,40.959999,29.362837,2917300,-,27.643919,25.850621,27.092161,28.724107,3063738.00
10/24/2011,40.290001,41.340000,40.250000,41.290001,29.599400,1885000,-,27.624090,25.776784,26.954523,28.380728,3040476.00
10/21/2011,39.840000,40.599998,39.810001,40.500000,29.033073,2685900,-,27.604529,25.693197,26.770288,28.071758,3081938.00
10/20/2011,40.000000,40.009998,39.169998,39.400002,28.244524,5431900,-,27.587834,25.611761,26.579602,27.773542,3105086.00
10/19/2011,39.680000,40.270000,39.340000,39.490002,28.309042,1973100,-,27.576179,25.512834,26.410422,27.499699,3129420.00
10/18/2011,39.759998,40.400002,39.340000,40.270000,28.868195,3486100,-,27.566890,25.427670,26.276726,27.172809,3181016.00
10/17/2011,39.430000,39.950001,39.070000,39.639999,28.416573,4905700,-,27.559297,25.295910,26.110772,26.802189,3211468.00
10/14/2011,39.950001,40.330002,39.580002,40.320000,28.904041,4324400,-,27.552830,25.206732,25.980660,26.362033,3187328.00
10/13/2011,38.820000,40.279999,38.740002,40.060001,28.717653,3529000,-,27.544245,25.104794,25.847323,25.947685,3244548.00
10/12/2011,38.040001,39.939999,37.790001,38.759998,27.785730,9726100,-,27.535247,25.031673,25.715420,25.660222,3240304.00
10/11/2011,35.980000,36.419998,35.619999,36.169998,25.929045,3435500,-,27.531793,24.968732,25.635131,25.460216,3088810.00
10/10/2011,36.959999,37.610001,36.599998,36.980000,26.509705,2625000,-,27.538153,24.954252,25.617209,25.528318,3071740.00
10/07/2011,36.340000,36.880001,35.930000,36.340000,26.050911,3750800,-,27.539523,24.935183,25.545164,25.468818,3067052.00
10/06/2011,34.599998,35.610001,34.549999,35.580002,25.506100,1830500,-,27.544778,24.926437,25.464875,25.385662,3054018.00
10/05/2011,34.619999,35.220001,34.299999,34.930000,25.040134,4695900,-,27.551590,24.950380,25.413977,25.321144,3125408.00
10/04/2011,33.130001,35.119999,33.049999,35.099998,25.162003,3404700,-,27.560343,24.991098,25.403583,25.380644,3068594.00
10/03/2011,33.730000,34.639999,33.470001,33.500000,24.015011,2328600,-,27.569725,25.024218,25.344441,25.419354,3032850.00
09/30/2011,34.900002,35.330002,34.509998,34.540001,24.760557,2858900,-,27.581092,25.085438,25.359495,25.599287,3038096.00
09/29/2011,36.529999,36.599998,35.200001,36.049999,25.843021,1644700,-,27.587105,25.121711,25.362363,25.746961,3036966.00
09/28/2011,36.779999,36.910000,35.930000,35.970001,25.785671,2421000,-,27.589226,25.115260,25.334405,25.770618,3036558.00
09/27/2011,37.150002,37.779999,36.830002,37.119999,26.610069,2317800,-,27.592341,25.108521,25.297845,25.810046,3054572.00
09/26/2011,35.700001,36.220001,35.049999,36.150002,25.914707,2878200,-,27.591582,25.066799,25.250532,25.706100,3086718.00
09/23/2011,34.160000,35.320000,34.110001,35.180000,25.219347,3308000,-,27.595502,25.040562,25.191032,25.621510,3093594.00
09/22/2011,34.869999,35.330002,34.150002,34.680000,24.860918,3265200,-,27.593809,25.022784,25.113611,25.544088,3121986.00
09/21/2011,36.349998,37.549999,35.740002,35.759998,25.635132,3879400,-,27.592422,25.022784,25.107876,25.506811,3276916.00
09/20/2011,35.509998,36.240002,35.410000,35.639999,25.549109,2719100,-,27.588685,25.010167,25.067373,25.426522,3316008.00
09/19/2011,36.009998,36.529999,35.810001,36.009998,25.814342,5062300,-,27.586793,25.028662,24.971313,25.269528,3309340.00
09/16/2011,36.279999,36.810001,36.250000,36.599998,26.237297,3986200,-,27.581099,25.049165,24.859482,25.119703,3240268.00
09/15/2011,36.689999,36.939999,36.119999,36.380001,26.079588,5025400,-,27.571733,25.078413,24.732238,24.977764,3219952.00
09/14/2011,35.340000,36.950001,35.130001,36.520000,26.179949,4077100,-,27.556754,25.086442,24.682057,24.898192,3161864.00
09/13/2011,34.980000,35.860001,34.770000,35.669998,25.570612,3665600,-,27.543289,25.104077,24.629368,24.785644,3112808.00
09/12/2011,34.000000,35.000000,33.990002,34.970001,25.068802,2546600,-,27.537788,25.136622,24.634386,24.794964,3069014.00
09/09/2011,34.080002,34.389999,33.599998,34.099998,24.445131,2791600,-,27.533699,25.165154,24.651950,24.760555,3073436.00
09/08/2011,34.070000,34.849998,33.880001,34.160000,24.488146,1888800,-,27.530854,25.200997,24.677757,24.683134,3071032.00
09/07/2011,34.049999,34.830002,33.990002,34.639999,24.832243,1449400,-,27.531614,25.231536,24.618257,24.708941,3065004.00
09/06/2011,32.070000,33.619999,32.070000,33.450001,23.979170,1926000,-,27.530158,25.255192,24.579188,24.708224,3073592.00
09/02/2011,33.709999,34.310001,33.660000,33.919998,24.316097,1888500,-,27.526601,25.277128,24.494240,24.673098,3068392.00
09/01/2011,35.160000,35.330002,34.549999,34.619999,24.817904,1417100,-,27.517680,25.300641,24.476318,24.599260,3065898.00
08/31/2011,35.430000,35.709999,34.959999,35.270000,25.283869,2279400,-,27.506356,25.310391,24.425779,24.486712,3062054.00
08/30/2011,34.740002,35.500000,34.650002,34.950001,25.054468,2970100,-,27.493658,25.314979,24.414667,24.465923,3050434.00
08/29/2011,35.369999,35.880001,35.290001,35.799999,25.663811,1227800,-,27.482531,25.316699,24.393878,24.473092,3015038.00
08/26/2011,32.980000,34.590000,32.759998,34.490002,24.724709,2278200,-,27.468180,25.310678,24.370938,24.473809,3027010.00
08/25/2011,34.000000,34.279999,32.900002,33.020000,23.670921,3078600,-,27.461567,25.323294,24.412516,24.543345,3026958.00
08/24/2011,34.939999,35.169998,34.139999,34.520000,24.746218,3104200,-,27.462310,25.368170,24.509651,24.672381,3000582.00
08/23/2011,33.680000,34.660000,33.380001,34.630001,24.825075,1858500,-,27.456580,25.414050,24.607503,24.527574,2983578.00
08/22/2011,33.730000,33.730000,32.869999,32.959999,23.627905,1030600,-,27.453427,25.441004,24.720051,24.450152,2968430.00
08/19/2011,33.040001,34.099998,32.759998,32.889999,23.577724,2449200,-,27.458240,25.492761,24.879554,24.315382,3009090.00
08/18/2011,33.220001,33.349998,32.330002,33.049999,23.692425,3312000,-,27.460510,25.564448,25.054469,24.353375,2979236.00
08/17/2011,34.880001,35.560001,34.570000,34.980000,25.075972,2594600,-,27.461888,25.630686,25.198559,24.364845,2953142.00
08/16/2011,35.139999,35.880001,34.669998,35.049999,25.126156,3051300,-,27.454191,25.683878,25.220782,24.363411,2935422.00
08/15/2011,35.669998,35.950001,35.349998,35.810001,25.670982,1754200,-,27.445854,25.725026,25.236912,24.314664,2892394.00
08/12/2011,35.799999,35.959999,34.779999,35.459999,25.420073,3958100,-,27.435040,25.759866,25.179562,24.268067,2884042.00
08/11/2011,33.529999,35.259998,33.230000,34.820000,24.961279,3843300,-,27.426825,25.801874,25.138701,24.281687,2833628.00
08/10/2011,32.119999,33.680000,31.709999,32.500000,23.298149,6648600,-,27.418109,25.850477,25.107158,24.346922,2789164.00
08/09/2011,33.189999,33.590000,31.549999,33.549999,24.050858,4552900,-,27.418381,25.943813,25.185297,24.687433,2683042.00
08/08/2011,30.930000,32.139999,30.650000,31.080000,22.280201,5008700,-,27.412591,26.008618,25.232969,24.989950,2621424.00
08/05/2011,34.590000,34.669998,32.180000,33.419998,23.957661,3698700,-,27.414133,26.105395,25.442652,25.443726,2570738.00
08/04/2011,32.830002,33.570000,32.669998,33.209999,23.807119,7185400,-,27.409905,26.171777,25.586742,25.755563,2525296.00
08/03/2011,35.040001,35.230000,34.290001,34.959999,25.061636,3316800,-,27.404236,26.239306,25.781371,26.032274,2457412.00
08/02/2011,35.020000,35.400002,34.360001,34.369999,24.638683,2151400,-,27.395939,26.279307,25.852341,26.078153,2481076.00
08/01/2011,36.130001,36.299999,34.759998,35.160000,25.205008,2582000,-,27.388801,26.353718,25.973492,26.159160,2492164.00
07/29/2011,36.099998,36.220001,35.630001,35.650002,25.556276,2390600,-,27.377451,26.425691,26.073136,26.091058,2486370.00
07/28/2011,35.720001,36.330002,35.450001,35.730000,25.613625,3099100,-,27.363391,26.493077,26.120091,25.995715,2476228.00
07/27/2011,37.410000,37.419998,36.560001,37.250000,26.703260,5400000,-,27.343455,26.548992,26.151275,25.867395,2471162.00
07/26/2011,37.560001,38.099998,37.439999,37.770000,27.076031,1855200,-,27.315630,26.586556,26.116865,25.683161,2417688.00
07/25/2011,37.119999,37.669998,37.060001,37.410000,26.817963,1617500,-,27.284597,26.613367,26.063817,25.475987,2415716.00
07/22/2011,37.070000,37.919998,36.790001,37.770000,27.076031,2590900,-,27.254784,26.658099,25.976717,25.441577,2429366.00
07/21/2011,36.750000,37.090000,36.389999,37.070000,26.574224,2802400,-,27.224317,26.683333,25.897504,25.417921,2455548.00
07/20/2011,35.869999,35.869999,35.349998,35.599998,25.520433,1624300,-,27.198659,26.749858,25.834062,25.530469,2448590.00
07/19/2011,35.009998,35.669998,35.009998,35.500000,25.448748,3321700,-,27.176500,26.830291,25.833703,25.626528,2461048.00
07/18/2011,33.919998,34.230000,33.720001,34.209999,24.523989,3925100,-,27.155090,26.899540,25.818291,25.787823,2456456.00
07/15/2011,34.360001,34.389999,33.820000,34.320000,24.602846,3222000,-,27.137631,26.998611,25.860227,26.055214,2441954.00
07/14/2011,34.700001,35.000000,33.790001,33.939999,24.330429,4727600,-,27.122465,27.103417,25.897863,26.244467,2456682.00
07/13/2011,34.209999,35.450001,34.000000,34.680000,24.860918,11011700,-,27.106894,27.212954,25.977077,26.435154,2414130.00
07/12/2011,36.160000,36.320000,34.799999,34.880001,25.004293,5834000,-,27.085557,27.303996,26.086040,26.550569,2244584.00
07/11/2011,37.049999,37.529999,36.790001,36.930000,26.473862,2385700,-,27.064565,27.402637,26.144464,26.651647,2163298.00
07/08/2011,37.990002,38.090000,37.250000,37.439999,26.839464,1608700,-,27.032652,27.466868,26.131561,26.511858,2201584.00
07/07/2011,38.060001,38.790001,37.980000,38.639999,27.699705,2970400,-,27.000184,27.531816,26.147690,26.377087,2211464.00
07/06/2011,37.020000,37.200001,36.689999,36.939999,26.481030,2121000,-,26.965007,27.574828,26.112923,26.137654,2230056.00
07/05/2011,37.889999,38.060001,37.619999,37.750000,27.061697,1624300,-,26.935429,27.625166,26.175648,26.040878,2235296.00
07/01/2011,37.200001,37.990002,36.959999,37.939999,27.197899,1475900,-,26.901001,27.660779,26.181742,25.848758,2264004.00
06/30/2011,36.750000,37.180000,36.720001,36.959999,26.495373,2767700,-,26.865362,27.706542,26.192495,25.665240,2344314.00
06/29/2011,36.599998,36.900002,36.130001,36.599998,26.237297,2671400,-,26.832528,27.718392,26.243751,25.551258,2376166.00
06/28/2011,35.720001,36.419998,35.669998,36.290001,26.015070,1587400,-,26.801303,27.741629,26.301458,25.518999,2403700.00
06/27/2011,35.770000,36.430000,35.549999,36.290001,26.015070,1878800,-,26.768712,27.787845,26.398952,25.621511,2436004.00
06/24/2011,35.310001,35.450001,34.770000,34.980000,25.075972,1666000,-,26.732302,27.830100,26.462753,25.637282,2595438.00
06/23/2011,34.520000,35.570000,34.250000,35.560001,25.491760,1763800,-,26.700835,27.889297,26.564907,25.751264,2816518.00
06/22/2011,35.150002,35.709999,35.099998,35.299999,25.305376,1224900,-,26.665732,27.979512,26.654157,25.918294,2828166.00
06/21/2011,35.310001,35.770000,35.150002,35.590000,25.513269,1698400,-,26.631102,28.080388,26.748066,26.088191,2866316.00
06/20/2011,34.820000,35.180000,34.779999,35.070000,25.140497,1200300,-,26.598721,28.169465,26.825488,26.310419,2870576.00
06/17/2011,35.830002,35.830002,35.200001,35.380001,25.362720,1826400,-,26.566825,28.272790,26.986424,26.514725,2899774.00
06/16/2011,35.759998,35.830002,35.070000,35.369999,25.355553,2275600,-,26.531944,28.386101,27.158472,26.719749,2899292.00
06/15/2011,36.450001,36.849998,35.959999,36.150002,25.914707,1759800,-,26.492641,28.507621,27.336972,26.936243,2877218.00
06/14/2011,37.730000,37.980000,37.619999,37.720001,27.040190,2254000,-,26.453089,28.614420,27.461706,27.083917,2873882.00
06/13/2011,36.740002,36.930000,36.389999,36.509998,26.172777,1101100,-,26.410032,28.700408,27.538770,27.176393,2858200.00
06/10/2011,37.419998,37.490002,36.400002,36.570000,26.215794,3063600,-,26.372267,28.806574,27.650959,27.288224,2880700.00
06/09/2011,37.509998,38.250000,37.389999,37.889999,27.162054,956500,-,26.335844,28.909757,27.792899,27.378550,2860010.00
06/08/2011,38.099998,38.240002,37.410000,37.669998,27.004347,2007300,-,26.293769,28.982130,27.851682,27.390020,2867202.00
06/07/2011,38.650002,39.029999,38.450001,38.689999,27.735548,1708600,-,26.256480,29.055959,27.996489,27.407941,2847966.00
06/06/2011,38.230000,38.360001,37.919998,37.919998,27.183559,899900,-,26.217622,29.110354,28.086814,27.340556,2844480.00
06/03/2011,38.400002,38.560001,38.009998,38.240002,27.412962,1336600,-,26.184566,29.176071,28.173197,27.458123,2899588.00
06/02/2011,38.400002,38.660000,38.040001,38.389999,27.520489,1437400,-,26.149231,29.233380,28.276425,27.597195,2905940.00
06/01/2011,38.750000,39.049999,38.160000,38.209999,27.391453,1620100,-,26.113111,29.273965,28.392558,27.737700,2914708.00
05/31/2011,39.049999,39.090000,38.560001,39.009998,27.964947,1342500,-,26.076575,29.320951,28.513350,27.839496,2919182.00
05/27/2011,38.070000,38.310001,37.959999,38.070000,27.291092,1472000,-,26.036004,29.340196,28.585753,27.901146,2922624.00
05/26/2011,37.930000,38.009998,37.369999,37.830002,27.119047,2474400,-,26.000288,29.374758,28.718015,28.013694,2938858.00
05/25/2011,37.619999,38.209999,37.610001,38.049999,27.276758,1426600,-,25.966705,29.387434,28.846334,28.207248,2935618.00
05/24/2011,38.209999,38.259998,37.560001,37.919998,27.183559,3791200,-,25.940187,29.418604,28.986839,28.313344,2950860.00
05/23/2011,38.209999,38.470001,37.650002,37.750000,27.061697,4500000,-,25.918379,29.462815,29.120177,28.585036,2917024.00
05/20/2011,39.990002,40.000000,39.310001,39.560001,28.359224,2705800,-,25.896473,29.504936,29.216989,28.833072,2889578.00
05/19/2011,39.930000,40.320000,39.700001,40.180000,28.803680,2292300,-,25.869848,29.515447,29.241143,28.888271,2908014.00
05/18/2011,39.790001,40.549999,39.750000,40.349998,28.925547,1883500,-,25.842133,29.551591,29.275264,28.955656,2905878.00
05/17/2011,39.270000,39.650002,39.160000,39.630001,28.409405,2845800,-,25.814268,29.590109,29.183379,29.047415,2899500.00
05/16/2011,40.189999,40.650002,39.750000,39.869999,28.581453,2726300,-,25.789019,29.641638,29.132866,29.187203,2886138.00
05/13/2011,39.990002,40.049999,39.290001,39.639999,28.416573,1756600,-,25.759974,29.714062,29.120088,29.270359,2855532.00
05/12/2011,39.990002,40.810001,39.639999,40.529999,29.054583,2300000,-,25.731046,29.794029,29.105649,29.422335,2854410.00
05/11/2011,40.040001,40.200001,39.150002,39.529999,28.337715,3900000,-,25.699035,29.838314,29.054711,29.485419,2848410.00
05/10/2011,41.509998,41.860001,41.369999,41.709999,29.900486,2454500,-,25.670324,29.884061,29.137951,29.660335,2808910.00
05/09/2011,40.799999,41.340000,40.689999,41.209999,29.542051,2247200,-,25.634861,29.902938,29.160385,29.655317,2796328.00
05/06/2011,41.009998,41.270000,40.080002,40.330002,28.911213,3092100,-,25.600730,29.927994,29.181640,29.600906,2779544.00
05/05/2011,41.270000,41.500000,40.740002,41.119999,29.477533,3200000,-,25.568126,29.960007,29.251415,29.594016,2760622.00
05/04/2011,42.549999,42.580002,41.240002,41.630001,29.843136,3958400,-,25.529225,29.977440,29.328953,29.594871,2741382.00
05/03/2011,41.540001,41.750000,41.119999,41.580002,29.807291,2600000,-,25.489414,29.994776,29.408373,29.319344,2746632.00
05/02/2011,41.980000,41.990002,40.860001,41.029999,29.413012,2534400,-,25.451304,30.036316,29.480743,29.078529,2741290.00
04/29/2011,41.639999,41.830002,41.310001,41.759998,29.936331,1769700,-,25.413610,30.082205,29.577071,28.969816,2726354.00
04/28/2011,42.169998,42.349998,40.869999,41.410000,29.685423,4300000,-,25.375668,30.114515,29.654308,28.788963,2731504.00
04/27/2011,41.730000,42.080002,41.180000,41.970001,30.086874,2102700,-,25.340219,30.135713,29.738784,28.624004,2697864.00
04/26/2011,40.900002,41.730000,40.759998,41.639999,29.850304,3900000,-,25.300393,30.161191,29.773475,28.615568,2696042.00
04/25/2011,40.730000,41.250000,40.680000,40.990002,28.997948,2383000,-,25.258283,30.180223,29.815751,28.665453,2658744.00
04/21/2011,41.110001,41.150002,40.299999,40.770000,28.842312,3059700,-,25.220506,30.206965,29.888617,28.762373,2650760.00
04/20/2011,41.000000,41.740002,40.750000,41.680000,29.486084,5491400,-,25.182587,30.239083,29.969972,28.908813,2666600.00
04/19/2011,38.630001,38.750000,38.009998,38.290001,27.087862,4360300,-,25.139787,30.262428,30.009589,29.063035,2605294.00
04/18/2011,38.740002,39.130001,38.299999,38.730000,27.399137,4048100,-,25.105794,30.340954,30.132683,29.497403,2562578.00
04/15/2011,40.410000,40.419998,39.810001,40.040001,28.325886,3202600,-,25.068123,30.407453,30.249765,29.882957,2537912.00
04/14/2011,39.889999,40.169998,39.360001,39.759998,28.127800,9850500,-,25.025323,30.450749,30.279830,30.184326,2538204.00
04/13/2011,42.110001,42.209999,39.180000,39.630001,28.035831,12720000,-,24.981851,30.504514,30.324399,30.519652,2425040.00
04/12/2011,42.770000,42.880001,42.110001,42.410000,30.002512,2346200,-,24.939829,30.565637,30.310250,30.853564,2331186.00
04/11/2011,42.860001,43.150002,42.529999,42.900002,30.349157,3132400,-,24.893492,30.559977,30.251887,30.931383,2362792.00
04/08/2011,43.189999,43.189999,42.020000,42.360001,29.967146,1911400,-,24.846589,30.548375,30.204135,30.966048,2401432.00
04/07/2011,43.009998,43.250000,42.490002,42.840000,30.306715,2660200,-,24.800994,30.555733,30.164164,31.014861,2445896.00
04/06/2011,44.049999,44.160000,43.630001,43.860001,31.028307,1802300,-,24.755930,30.541867,30.093067,31.031131,2494638.00
04/05/2011,44.310001,44.790001,44.230000,44.430000,31.431536,1171900,-,24.706622,30.501967,30.072197,30.956142,2610466.00
04/04/2011,44.490002,44.549999,43.849998,44.180000,31.254683,1593000,-,24.658127,30.435044,30.043193,30.767964,2669934.00
04/01/2011,44.139999,44.560001,43.950001,44.299999,31.339573,1469900,-,24.611188,30.361046,30.029751,30.616572,2690042.00
03/31/2011,44.540001,44.720001,44.060001,44.500000,31.481064,2226100,-,24.564179,30.279973,30.072905,30.375335,2815038.00
03/30/2011,44.549999,44.680000,44.169998,44.349998,31.374949,2029100,-,24.514906,30.176545,30.119596,30.129146,2991190.00
03/29/2011,42.880001,43.650002,42.759998,43.509998,30.780703,1316100,-,24.467436,30.116413,30.114291,29.766937,3028346.00
03/28/2011,43.299999,43.720001,43.270000,43.389999,30.695807,1045500,-,24.419826,30.078494,30.106509,29.572390,3253250.00
03/25/2011,42.990002,43.669998,42.849998,43.049999,30.455276,1534300,-,24.370482,29.992186,30.113937,29.442222,3251806.00
03/24/2011,43.180000,43.580002,42.880001,43.070000,30.469418,3655300,-,24.321421,29.913378,30.130915,29.313468,3253836.00
03/23/2011,42.169998,42.990002,41.970001,42.799999,30.278416,1654200,-,24.267160,29.823957,30.133038,29.155002,3220734.00
03/22/2011,42.020000,42.099998,41.389999,41.770000,29.549751,1875800,-,24.214173,29.726331,30.136575,29.188252,3255424.00
03/21/2011,42.099998,42.130001,41.740002,42.040001,29.740765,1843800,-,24.162424,29.649078,30.194585,29.318421,3240952.00
03/18/2011,41.810001,41.820000,40.669998,40.889999,28.927202,1514600,-,24.112620,29.568147,30.301762,29.442931,3283668.00
03/17/2011,40.680000,41.290001,40.360001,41.020000,29.019173,2283700,-,24.073180,29.507873,30.440774,29.770475,3346480.00
03/16/2011,40.259998,40.759998,39.000000,39.230000,27.752859,2312400,-,24.031654,29.456513,30.567406,30.110047,3360320.00
03/15/2011,39.599998,40.930000,39.490002,40.759998,28.835238,2188700,-,23.992285,29.448449,30.717029,30.461645,3365824.00
03/14/2011,41.549999,41.860001,41.220001,41.549999,29.394119,2099400,-,23.948070,29.414208,30.843307,30.640627,3334526.00
03/11/2011,40.169998,41.480000,40.150002,41.230000,29.167738,3127700,-,23.903430,29.370064,30.913697,30.785652,3315812.00
03/10/2011,41.250000,41.270000,40.720001,40.830002,28.884760,3627600,-,23.855006,29.325071,30.972061,30.948363,3267760.00
03/09/2011,43.830002,43.840000,42.939999,43.270000,30.610918,2185500,-,23.808704,29.289275,31.050233,31.111074,3213004.00
03/08/2011,43.680000,44.360001,43.209999,43.610001,30.851442,1564600,-,23.754762,29.221077,31.052355,31.084898,3182378.00
03/07/2011,45.110001,45.279999,43.480000,43.799999,30.985859,2177700,-,23.702729,29.139722,31.060491,31.070749,3162862.00
03/04/2011,45.580002,45.630001,45.220001,45.520000,32.202648,1196000,-,23.647089,29.062045,31.047403,31.160594,3137118.00
03/03/2011,45.669998,45.919998,45.410000,45.820000,32.414886,1700500,-,23.588018,28.955363,30.961803,31.111073,3140144.00
03/02/2011,43.419998,44.450001,43.419998,44.200001,31.268837,2000000,-,23.526825,28.842880,30.881863,31.024765,3139540.00
03/01/2011,44.180000,44.250000,43.119999,43.290001,30.625063,1925000,-,23.477092,28.758270,30.873019,30.972414,3149718.00
02/28/2011,44.029999,44.310001,43.180000,43.599998,30.844370,1825400,-,23.429799,28.671538,30.827743,31.045988,3137960.00
02/25/2011,43.250000,43.700001,43.150002,43.529999,30.794844,1408000,-,23.383851,28.573911,30.773978,31.041743,3130466.00
02/24/2011,42.770000,43.349998,42.520000,43.130001,30.511875,2146000,-,23.342289,28.483359,30.750986,30.995760,3149468.00
02/23/2011,43.430000,43.580002,42.410000,42.900002,30.349157,2238000,-,23.298781,28.401296,30.706063,30.989392,3159222.00
02/22/2011,43.419998,44.549999,43.369999,43.410000,30.709951,4220900,-,23.258740,28.323478,30.640272,31.019813,3183022.00
02/18/2011,44.330002,45.360001,44.330002,45.070000,31.884304,2332900,-,23.209927,28.243254,30.509042,31.050233,3295476.00
02/17/2011,44.130001,44.919998,44.090000,44.820000,31.707445,1787600,-,23.158142,28.103181,30.292566,30.934213,3295600.00
02/16/2011,43.959999,44.610001,43.950001,44.599998,31.551805,2027200,-,23.110107,27.960703,30.071491,30.812533,3288188.00
02/15/2011,43.660000,43.849998,43.200001,43.459999,30.745327,2618000,-,23.066387,27.827421,29.809384,30.738960,3287684.00
02/14/2011,43.360001,44.349998,43.299999,44.330002,31.360800,2011600,-,23.030379,27.715929,29.690534,30.773624,3267156.00
02/11/2011,43.119999,43.619999,42.950001,43.540001,30.801916,2035100,-,22.989100,27.582222,29.566733,30.609498,3265362.00
02/10/2011,42.119999,43.029999,42.080002,42.880001,30.335014,1983800,-,22.952950,27.453469,29.345658,30.506213,3276612.00
02/09/2011,43.029999,43.459999,43.029999,43.040001,30.448202,3851700,-,22.918073,27.308444,29.154649,30.506213,3323902.00
02/08/2011,43.680000,43.680000,43.169998,43.330002,30.653360,2426100,-,22.884788,27.169219,28.932159,30.422735,3298624.00
02/07/2011,43.869999,44.310001,43.580002,43.840000,31.014156,2224500,-,22.857304,27.045559,28.669345,30.260731,3274782.00
02/04/2011,42.830002,43.689999,42.799999,43.430000,30.724102,2814800,-,22.828299,26.910296,28.402994,29.967851,3265246.00
02/03/2011,43.169998,43.360001,42.439999,43.099998,30.490650,3217200,-,22.800921,26.773336,28.151499,29.650918,3306004.00
02/02/2011,43.439999,44.130001,43.230000,43.560001,30.816072,4192300,-,22.774109,26.656326,27.922643,29.330448,3316416.00
02/01/2011,43.040001,44.660000,42.990002,43.950001,31.091970,8027300,-,22.746766,26.530826,27.704397,28.879809,3310086.00
01/31/2011,41.840000,42.380001,41.410000,42.009998,29.719536,3926500,-,22.714153,26.374340,27.517280,28.607445,3220524.00
01/28/2011,42.540001,42.610001,41.189999,42.080002,29.769064,5064400,-,22.687943,26.230588,27.387465,28.523967,3186822.00
01/27/2011,42.160000,43.070000,42.119999,42.880001,30.335014,4134600,-,22.662652,26.086271,27.258357,28.185103,3155222.00
01/26/2011,41.400002,42.299999,41.060001,41.860001,29.613420,5097300,-,22.634920,25.934454,27.087510,27.803085,3093986.00
01/25/2011,40.209999,41.250000,40.119999,41.040001,29.033327,7593700,-,22.614157,25.798767,26.961586,27.441584,3019816.00
01/24/2011,38.439999,39.820000,38.439999,39.700001,28.085356,4145300,-,22.595834,25.673975,26.869972,27.077960,2939702.00
01/21/2011,39.040001,39.360001,38.820000,38.950001,27.554773,2598400,-,22.582605,25.580310,26.804888,26.838137,2941124.00
01/20/2011,36.889999,38.680000,36.759998,38.570000,27.285946,7719700,-,22.570295,25.505604,26.782249,26.652081,2938354.00
01/19/2011,39.349998,39.439999,36.950001,37.189999,26.309681,11033700,-,22.560816,25.431889,26.761380,26.514837,2856162.00
01/18/2011,40.330002,40.599998,39.869999,40.099998,28.368328,3886900,-,22.556076,25.389584,26.785433,26.528986,2682334.00
01/14/2011,38.669998,41.090000,38.639999,40.830002,28.884760,12561300,-,22.541503,25.314029,26.718934,26.427115,2693696.00
01/13/2011,37.330002,37.660000,37.160000,37.290001,26.380423,973300,-,22.523180,25.216969,26.589118,26.250962,2483344.00
01/12/2011,37.400002,37.549999,37.220001,37.480000,26.514837,1635800,-,22.516495,25.168721,26.568249,26.331611,2489668.00
01/11/2011,36.730000,36.970001,36.529999,36.750000,25.998407,2000200,-,22.508288,25.109155,26.555869,26.371935,2488396.00
01/10/2011,35.189999,35.910000,35.150002,35.900002,25.397085,3388700,-,22.504079,25.058361,26.576385,26.481588,2477228.00
01/07/2011,36.400002,36.439999,35.750000,36.310001,25.687130,1152200,-,22.501992,25.020583,26.629443,26.661985,2459878.00
01/06/2011,36.430000,36.730000,35.849998,36.320000,25.694208,3979600,-,22.496817,24.982382,26.680025,26.771638,2481266.00
01/05/2011,36.340000,36.939999,36.209999,36.630001,25.913515,4655200,-,22.490554,24.932861,26.639347,26.912418,2439158.00
01/04/2011,38.369999,38.459999,37.180000,37.389999,26.451166,2975700,-,22.485195,24.881642,26.572847,27.007923,2389296.00
01/03/2011,38.810001,39.230000,38.610001,38.660000,27.349619,2587600,-,22.473989,24.810474,26.494675,27.041880,2371092.00
12/31/2010,38.380001,38.549999,38.189999,38.340000,27.123234,623800,-,22.455204,24.715253,26.385730,27.010752,2381608.00
12/30/2010,38.619999,38.779999,38.360001,38.430000,27.186907,1163700,-,22.439024,24.635029,26.263342,26.927275,2399866.00
12/29/2010,38.000000,38.250000,37.830002,38.049999,26.918077,725100,-,22.424175,24.544759,26.122208,26.804887,2459626.00
12/28/2010,38.480000,38.869999,38.180000,38.299999,27.094936,889800,-,22.409547,24.474440,25.930492,26.739803,2481464.00
12/27/2010,38.169998,38.490002,37.900002,38.450001,27.201054,654200,-,22.391579,24.396763,25.750095,26.671182,2505694.00
12/23/2010,37.869999,38.080002,37.740002,37.860001,26.783667,588800,-,22.376413,24.311446,25.613560,26.596900,2551632.00
12/22/2010,38.270000,38.320000,37.980000,38.310001,27.102007,890500,-,22.363475,24.230656,25.486928,26.588411,2660216.00
12/21/2010,38.160000,38.180000,37.750000,37.980000,26.868559,1347300,-,22.348980,24.121145,25.325632,26.366275,2705644.00
12/20/2010,38.119999,38.279999,37.759998,37.869999,26.790739,1670300,-,22.334108,24.006539,25.214210,26.137772,2696306.00
12/17/2010,37.580002,38.259998,37.459999,38.220001,27.038343,2508900,-,22.320714,23.888114,25.101727,25.947471,2726112.00
12/16/2010,37.040001,37.189999,36.790001,37.160000,26.288456,1337100,-,22.304151,23.764453,24.913194,25.760707,2700032.00
12/15/2010,36.919998,37.220001,36.500000,36.700001,25.963036,1450700,-,22.288496,23.658337,24.725369,25.599410,2720874.00
12/14/2010,37.160000,37.349998,36.889999,37.130001,26.267233,2358100,-,22.275591,23.567927,24.554876,25.439529,2749936.00
12/13/2010,37.369999,37.590000,37.119999,37.330002,26.408724,2633700,-,22.259761,23.464357,24.378723,25.121182,2763014.00
12/10/2010,37.810001,37.840000,37.349998,37.400002,26.458241,3428000,-,22.238382,23.359515,24.199741,24.829009,2733132.00
12/09/2010,37.070000,37.990002,37.070000,37.740002,26.698772,9843600,-,22.214264,23.250994,24.016514,24.630219,2710282.00
12/08/2010,34.560001,35.240002,34.560001,35.169998,24.880648,2339100,-,22.188523,23.148415,23.851681,24.385445,2575450.00
12/07/2010,35.279999,35.349998,34.709999,34.750000,24.583530,1417000,-,22.172924,23.075124,23.798623,24.284988,2563654.00
12/06/2010,35.340000,35.480000,34.880001,35.180000,24.887726,2002000,-,22.158180,22.995325,23.749456,24.290648,2555510.00
12/03/2010,35.049999,35.669998,35.009998,35.580002,25.170702,1591600,-,22.146090,22.913687,23.714792,24.255983,2552138.00
12/02/2010,34.130001,35.020000,34.099998,34.880001,24.675493,1921900,-,22.131813,22.812098,23.685787,24.065682,2575258.00
12/01/2010,33.689999,34.560001,33.669998,34.439999,24.364222,2597600,-,22.121030,22.725508,23.653598,23.851328,2598328.00
11/30/2010,32.000000,32.970001,31.990000,32.630001,23.083761,4348300,-,22.110610,22.651509,23.633790,23.670223,2584604.00
11/29/2010,33.419998,33.610001,32.660000,33.200001,23.486996,2587800,-,22.107996,22.601140,23.656428,23.636265,2533974.00
11/26/2010,34.610001,34.779999,34.459999,34.590000,24.470339,1234000,-,22.100910,22.534923,23.655013,23.570473,2519248.00
11/24/2010,33.910000,34.369999,33.910000,34.279999,24.251032,1747700,-,22.089398,22.446918,23.606907,23.402810,2524052.00
11/23/2010,33.720001,34.180000,33.470001,33.750000,23.876083,4852700,-,22.078632,22.360469,23.583208,23.317917,2522250.00
11/22/2010,34.200001,34.889999,34.180000,34.830002,24.640121,3737800,-,22.069671,22.282792,23.550312,23.312258,2483464.00
11/19/2010,33.560001,34.700001,33.560001,34.689999,24.541084,3875800,-,22.053766,22.179930,23.485935,23.208265,2442262.00
11/18/2010,32.939999,33.049999,32.680000,32.889999,23.267691,3549200,-,22.040111,22.063769,23.403518,23.173600,2393182.00
11/17/2010,31.770000,32.200001,31.709999,31.850000,22.531950,2241400,-,22.032648,21.974065,23.369561,23.305891,2350308.00
11/16/2010,32.459999,32.560001,31.559999,31.879999,22.553173,3484400,-,22.034512,21.892851,23.398566,23.455869,2343064.00
11/15/2010,32.369999,32.549999,32.139999,32.150002,22.744181,1072800,-,22.035814,21.809373,23.404579,23.597357,2308860.00
11/12/2010,32.380001,32.709999,32.000000,32.270000,22.829079,1388800,-,22.034232,21.735234,23.437475,23.676591,2335714.00
11/11/2010,31.959999,32.419998,31.790001,32.220001,22.793703,3588000,-,22.029733,21.653878,23.456576,23.739552,2351428.00
11/10/2010,33.480000,33.480000,32.740002,33.080002,23.402109,4216400,-,22.027762,21.565731,23.463651,23.811004,2343042.00
11/09/2010,34.369999,34.389999,33.630001,33.669998,23.819492,2459900,-,22.024995,21.447589,23.430754,23.848498,2336308.00
11/08/2010,33.400002,33.630001,33.279999,33.360001,23.600185,3610100,-,22.019475,21.331286,23.321101,23.788366,2328894.00
11/05/2010,34.279999,34.340000,33.939999,34.200001,24.194439,2342300,-,22.014805,21.227858,23.198006,23.763605,2379060.00
11/04/2010,34.500000,34.849998,34.389999,34.759998,24.590599,4455000,-,22.005164,21.116365,23.031758,23.633436,2362488.00
11/03/2010,33.990002,34.040001,33.330002,33.970001,24.031725,2043700,-,21.998594,21.003175,22.844993,23.433230,2324512.00
11/02/2010,33.580002,33.990002,33.430000,33.880001,23.968056,1289500,-,21.994925,20.897483,22.692540,23.341263,2368330.00
11/01/2010,33.520000,33.660000,33.049999,33.270000,23.536518,1572200,-,21.989994,20.809053,22.566262,23.211801,2379086.00
10/29/2010,32.880001,33.330002,32.770000,33.160000,23.458698,1441800,-,21.987152,20.737602,22.443875,23.198360,2399814.00
10/28/2010,33.970001,33.990002,33.000000,33.230000,23.508217,2521200,-,21.987295,20.679875,22.329270,23.173600,2430844.00
10/27/2010,33.139999,33.619999,33.080002,33.610001,23.777050,2221600,-,21.987997,20.616630,22.205468,23.116297,2400682.00
10/26/2010,32.320000,33.020000,32.240002,32.820000,23.218170,1874200,-,21.984162,20.547018,22.095107,23.013010,2417526.00
10/25/2010,33.119999,33.349998,32.889999,33.009998,23.352579,2162100,-,21.982946,20.484339,21.995004,22.853836,2450072.00
10/22/2010,32.139999,32.380001,31.969999,32.360001,22.892744,2065500,-,21.983549,20.414302,21.857054,22.632407,2494912.00
10/21/2010,32.400002,32.490002,31.780001,31.930000,22.588547,3113400,-,21.989329,20.359405,21.752707,22.430080,2565444.00
10/20/2010,32.340000,32.840000,32.320000,32.669998,23.112049,1536700,-,22.000068,20.315685,21.627844,22.256757,2620450.00
10/19/2010,32.380001,32.910000,31.850000,32.049999,22.673437,4151700,-,22.007067,20.292906,21.489539,22.043818,2672852.00
10/18/2010,32.810001,33.139999,32.680000,33.080002,23.402109,1817000,-,22.015311,20.295877,21.389083,21.920723,2611956.00
10/15/2010,32.840000,32.900002,32.470001,32.810001,23.211096,2101300,-,22.017912,20.281445,21.247241,21.689390,2623894.00
10/14/2010,32.130001,32.500000,32.090000,32.419998,22.935190,2951100,-,22.022731,20.277908,21.095495,21.484940,2602988.00
10/13/2010,32.060001,32.840000,32.020000,32.150002,22.744181,6018000,-,22.028404,20.284416,20.952239,21.294639,2606322.00
10/12/2010,30.690001,30.690001,30.209999,30.570000,21.626429,3161900,-,22.035032,20.296584,20.811459,21.177204,2556700.00
10/11/2010,29.910000,30.129999,29.780001,29.879999,21.138292,880400,-,22.048230,20.331249,20.729749,21.136173,2537466.00
10/08/2010,29.360001,29.629999,29.150000,29.500000,20.869467,3160600,-,22.063414,20.363933,20.647687,21.081700,2581626.00
10/07/2010,29.700001,29.740000,29.299999,29.480000,20.855316,1204900,-,22.080713,20.399163,20.540864,21.075334,2601268.00
10/06/2010,30.110001,30.129999,29.500000,29.660000,20.982660,2379200,-,22.095347,20.435101,20.437224,20.998931,2640734.00
10/05/2010,30.030001,30.440001,29.990000,30.309999,21.442492,2903800,-,22.107694,20.467360,20.311653,20.935261,2626530.00
10/04/2010,30.620001,30.629999,29.530001,29.809999,21.088778,3012000,-,22.116269,20.494668,20.158493,20.857443,2617404.00
10/01/2010,30.139999,30.250000,29.680000,29.920000,21.166594,1139600,-,22.129033,20.527210,20.055914,20.805092,2611494.00
09/30/2010,30.490000,30.639999,29.700001,29.730000,21.032179,2285500,-,22.139830,20.551687,19.935649,20.706050,2642644.00
09/29/2010,30.350000,30.850000,30.209999,30.490000,21.569838,3102000,-,22.152245,20.564987,19.803358,20.609839,2685502.00
09/28/2010,29.450001,30.049999,28.990000,29.990000,21.216114,1749300,-,22.158464,20.571212,19.599615,20.445713,2677360.00
09/27/2010,29.469999,29.469999,29.049999,29.110001,20.593567,1009800,-,22.164943,20.590596,19.439027,20.323326,2709508.00
09/24/2010,28.930000,29.420000,28.840000,29.410000,20.805801,1833400,-,22.174955,20.616206,19.330788,20.213673,2774646.00
09/23/2010,28.240000,28.709999,28.190001,28.400000,20.091284,2747600,-,22.183906,20.647050,19.221489,20.006393,2834520.00
09/22/2010,29.010000,29.090000,28.510000,28.760000,20.345963,3075400,-,22.198009,20.697137,19.163479,19.875517,2963926.00
09/21/2010,29.610001,29.610001,28.910000,29.209999,20.664314,1911400,-,22.211926,20.732650,19.083538,19.688046,2945264.00
09/20/2010,28.709999,29.139999,28.670000,29.070000,20.565268,1816800,-,22.223795,20.747931,19.027650,19.459543,2974598.00
09/17/2010,28.469999,28.610001,28.320000,28.520000,20.176178,1851500,-,22.235739,20.765475,18.997584,19.306736,2990934.00
09/16/2010,28.090000,28.410000,27.990000,28.370001,20.070065,1474200,-,22.246996,20.787123,19.017393,19.165248,3015936.00
09/15/2010,27.940001,28.280001,27.820000,28.170000,19.928576,1657600,-,22.255380,20.804243,19.031187,18.996877,3043724.00
09/14/2010,27.660000,28.420000,27.559999,28.260000,19.992245,2913400,-,22.264367,20.811459,19.049581,18.753518,3089714.00
09/13/2010,27.370001,27.620001,27.360001,27.559999,19.497036,1677700,-,22.275105,20.808912,19.054179,18.554727,3085026.00
09/10/2010,26.670000,26.780001,26.309999,26.480000,18.733006,1421800,-,22.286635,20.814289,19.071865,18.447904,3126410.00
09/09/2010,26.830000,26.850000,26.469999,26.549999,18.782522,1405500,-,22.300933,20.828296,19.142609,18.436584,3139010.00
09/08/2010,25.850000,26.240000,25.760000,26.110001,18.471251,1879200,-,22.312738,20.845274,19.223611,18.451440,3166362.00
09/07/2010,26.540001,26.650000,25.959999,25.980000,18.379282,1774200,-,22.326625,20.890550,19.398702,18.479030,3177532.00
09/03/2010,26.930000,27.139999,26.559999,26.910000,19.037199,2415500,-,22.346516,20.942335,19.620838,18.595758,3179032.00
09/02/2010,26.469999,26.660000,26.230000,26.520000,18.761299,2174500,-,22.363678,20.978556,19.803004,18.688432,3161358.00
09/01/2010,25.620001,26.270000,25.430000,25.990000,18.386354,3168700,-,22.380151,21.029209,20.016650,18.869537,3174964.00
08/31/2010,24.840000,25.350000,24.639999,24.730000,17.494982,3879700,-,22.395199,21.084814,20.260363,19.065498,3171400.00
08/30/2010,25.690001,25.900000,25.450001,25.450001,18.004341,2089200,-,22.411196,21.169565,20.553243,19.345644,3115482.00
08/27/2010,26.230000,26.370001,25.160000,26.049999,18.428801,6118400,-,22.425312,21.246817,20.821009,19.553631,3101370.00
08/26/2010,26.709999,26.860001,26.230000,26.320000,18.619808,1513700,-,22.434289,21.316995,21.038193,19.695827,3043296.00
08/25/2010,26.290001,26.870001,26.080000,26.760000,18.931084,2556200,-,22.444767,21.377128,21.238752,19.848634,3062722.00
08/24/2010,26.350000,26.700001,26.230000,26.500000,18.747150,4234600,-,22.450706,21.436128,21.424809,19.995781,3074372.00
08/23/2010,27.980000,28.230000,27.540001,27.629999,19.546558,1827300,-,22.458162,21.486356,21.617232,20.318374,3046914.00
08/20/2010,28.120001,28.379999,28.000000,28.219999,19.963945,2608600,-,22.458427,21.511966,21.780297,20.645918,3047420.00
08/19/2010,29.129999,29.209999,28.780001,29.080000,20.572348,2993300,-,22.455061,21.525548,21.917894,20.917575,3048198.00
08/18/2010,28.860001,28.959999,28.580000,28.760000,20.345963,1013100,-,22.447496,21.506447,22.008800,21.163764,3028854.00
08/17/2010,28.910000,28.980000,28.620001,28.690001,20.296446,3063800,-,22.440291,21.493147,22.076361,21.455229,3089262.00
08/16/2010,27.930000,28.440001,27.879999,28.389999,20.084209,3501500,-,22.436771,21.471217,22.155593,21.760842,3072932.00
08/13/2010,28.010000,28.420000,27.990000,28.059999,19.850756,4404100,-,22.429927,21.465133,22.260648,22.088387,3104798.00
08/12/2010,27.910000,28.660000,27.879999,28.480000,20.147882,5592100,-,22.429689,21.488903,22.361812,22.380559,3067556.00
08/11/2010,29.260000,29.270000,28.770000,28.840000,20.402555,5863700,-,22.431685,21.500222,22.471819,22.628870,2996234.00
08/10/2010,31.559999,31.590000,30.790001,31.059999,21.973076,4156800,-,22.435073,21.489752,22.581472,22.853836,2924066.00
08/09/2010,32.110001,32.410000,31.969999,32.259998,22.822001,1106900,-,22.433346,21.450135,22.588901,22.916091,2895578.00
08/06/2010,32.139999,32.610001,31.730000,32.060001,22.680511,2413900,-,22.424603,21.403020,22.519218,22.914676,2947598.00
08/05/2010,32.689999,32.810001,32.330002,32.560001,23.034237,1056000,-,22.414461,21.339067,22.457317,22.918214,2993644.00
08/04/2010,33.200001,33.240002,32.570000,32.880001,23.260616,3117800,-,22.403499,21.270870,22.368533,22.853837,3051538.00
08/03/2010,33.139999,33.189999,32.740002,33.009998,23.352579,3536900,-,22.390597,21.202107,22.251806,22.697492,3063608.00
08/02/2010,32.820000,33.110001,32.560001,33.020000,23.359652,2200200,-,22.379937,21.143955,22.098645,22.550345,3099726.00
07/30/2010,31.680000,32.250000,31.500000,32.189999,22.772482,3088400,-,22.371909,21.073919,21.923908,22.432910,3147504.00
07/29/2010,32.790001,32.849998,31.730000,31.990000,22.630995,4142700,-,22.369097,21.026238,21.773577,22.343065,3167548.00
07/28/2010,31.860001,32.250000,31.760000,32.020000,22.652216,3178200,-,22.366080,20.977141,21.613696,22.314768,3187102.00
07/27/2010,32.189999,32.200001,31.770000,31.940001,22.595621,1669000,-,22.359519,20.950541,21.462657,22.309108,3180682.00
07/26/2010,31.700001,32.240002,31.590000,32.240002,22.807854,2447500,-,22.350644,20.921961,21.369629,22.261710,3200436.00
07/23/2010,31.420000,32.110001,31.250000,32.110001,22.715887,2716500,-,22.339760,20.898898,21.277662,22.123760,3185980.00
07/22/2010,31.170000,31.889999,31.170000,31.650000,22.390465,2697100,-,22.331161,20.894229,21.184280,21.996420,3166166.00
07/21/2010,31.070000,31.190001,30.500000,30.670000,21.697170,4428400,-,22.320400,20.882627,21.129453,21.883230,3151982.00
07/20/2010,30.469999,30.959999,30.379999,30.930000,21.881105,2694900,-,22.311000,20.895503,21.102924,21.806119,3119214.00
07/19/2010,31.070000,31.400000,30.780001,31.360001,22.185307,3356700,-,22.300926,20.876826,21.095496,21.646946,3153370.00
07/16/2010,31.230000,31.280001,30.820000,30.920000,21.874033,4266700,-,22.293752,20.863668,21.079579,21.414905,3203776.00
07/15/2010,31.830000,31.910000,31.170000,31.590000,22.348021,4827100,-,22.286379,20.868196,21.082762,21.204089,3192936.00
07/14/2010,32.230000,32.450001,31.690001,31.940001,22.595621,9217900,-,22.278286,20.877392,21.046683,20.912623,3148414.00
07/13/2010,30.730000,31.400000,30.730000,31.270000,22.121639,2142300,-,22.267236,20.896352,21.010957,20.616206,2989414.00
07/12/2010,29.700001,30.379999,29.660000,30.290001,21.428349,3378100,-,22.259398,20.916018,20.967803,20.477547,2993898.00
07/09/2010,29.750000,30.309999,29.620001,30.309999,21.442492,2633600,-,22.256184,20.958889,20.937737,20.431564,2979840.00
07/08/2010,29.900000,30.070000,29.450001,30.049999,21.258562,3101600,-,22.254057,20.997232,20.897767,20.372139,3001926.00
07/07/2010,28.750000,29.600000,28.709999,29.580000,20.926064,2863600,-,22.251306,21.047885,20.815703,20.375677,3020092.00
07/06/2010,29.219999,29.400000,28.360001,28.680000,20.289370,3957100,-,22.249586,21.132495,20.753449,20.399730,2987710.00
07/02/2010,28.490000,28.620001,27.730000,28.080000,19.864904,2679000,-,22.250032,21.230970,20.698976,20.544047,2941972.00
07/01/2010,27.870001,28.059999,27.230000,27.940001,19.765865,3746900,-,22.257056,21.338643,20.694731,20.744253,2938850.00
06/30/2010,27.959999,28.260000,27.420000,27.469999,19.433369,2051800,-,22.263488,21.445891,20.758401,20.961436,2914380.00
06/29/2010,28.330000,28.340000,27.490000,27.750000,19.631449,2773100,-,22.269758,21.564174,20.822424,21.180742,2937082.00
06/28/2010,29.299999,29.629999,29.020000,29.309999,20.735052,2437700,-,22.274686,21.662933,20.834804,21.405708,2937330.00
06/25/2010,29.500000,29.740000,29.080000,29.639999,20.968515,1849200,-,22.275430,21.737780,20.797664,21.458059,2936014.00
06/24/2010,29.840000,29.920000,29.290001,29.469999,20.848244,1531800,-,22.273708,21.812627,20.772549,21.443909,2930250.00
06/23/2010,30.330000,30.570000,29.719999,30.100000,21.293934,2854800,-,22.269254,21.891436,20.704281,21.423394,2990096.00
06/22/2010,30.770000,30.990000,29.799999,29.920000,21.166594,2990500,-,22.260397,21.974772,20.620803,21.255730,2976502.00
06/21/2010,31.370001,31.410000,30.530001,30.719999,21.732546,1083800,-,22.249544,22.058816,20.553597,21.107168,2944808.00
06/18/2010,30.870001,31.170000,30.760000,30.910000,21.866959,1383600,-,22.233266,22.132956,20.489220,20.853904,2952632.00
06/17/2010,30.940001,31.020000,30.280001,31.010000,21.937702,3214700,-,22.217368,22.197475,20.388763,20.645210,2949782.00
06/16/2010,30.430000,30.840000,30.299999,30.570000,21.626429,2485000,-,22.204063,22.266521,20.311299,20.555365,2904036.00
06/15/2010,30.690001,30.980000,30.520000,30.930000,21.881105,3138700,-,22.194070,22.341226,20.238786,20.464105,2878798.00
06/14/2010,30.549999,30.650000,30.010000,30.049999,21.258562,2861700,-,22.182452,22.412678,20.210842,20.263900,2830222.00
06/11/2010,29.320000,29.700001,29.100000,29.440001,20.827021,1852600,-,22.172613,22.491911,20.206244,20.137268,2807462.00
06/10/2010,29.290001,29.410000,28.700001,29.180000,20.643087,2647500,-,22.163248,22.576238,20.247629,20.101189,2816044.00
06/09/2010,28.209999,28.670000,27.629999,27.730000,19.617298,2026100,-,22.154101,22.660848,20.339597,19.985169,2805218.00
06/08/2010,27.400000,27.820000,26.990000,27.820000,19.680967,4033500,-,22.150399,22.771633,20.449250,19.985877,2779852.00
06/07/2010,28.120001,28.240000,27.070000,27.139999,19.199913,2247300,-,22.143782,22.877607,20.582248,20.000026,2738722.00
06/04/2010,29.219999,29.410000,27.780001,27.959999,19.780012,5094800,-,22.138938,22.986652,20.669617,20.124535,2728610.00
06/03/2010,29.840000,29.900000,29.389999,29.740000,21.039253,2542000,-,22.129475,23.079884,20.756986,20.132317,2658424.00
06/02/2010,28.650000,29.299999,28.389999,29.280001,20.713835,2026000,-,22.111996,23.155932,20.810044,20.067233,2668040.00
06/01/2010,28.250000,29.150000,28.080000,28.100000,19.879053,2255300,-,22.098145,23.225856,20.914745,20.013467,2677194.00
05/28/2010,28.860001,28.879999,28.070000,28.260000,19.992245,2732400,-,22.090046,23.300125,21.097972,20.157785,2652838.00
05/27/2010,28.490000,28.959999,28.290001,28.930000,20.466227,3707900,-,22.080890,23.378025,21.253609,20.275220,2632684.00
05/26/2010,27.910000,28.610001,27.430000,27.540001,19.482887,4716200,-,22.067188,23.453042,21.408892,20.394069,2592960.00
05/25/2010,26.770000,27.820000,26.670000,27.740000,19.624374,3950700,-,22.059351,23.543235,21.602730,20.694024,2527556.00
05/24/2010,28.370001,28.680000,28.010000,28.020000,19.822460,3721300,-,22.051368,23.620773,21.811071,20.912623,2487836.00
05/21/2010,27.770000,29.010000,27.600000,28.900000,20.445004,5342800,-,22.040605,23.707683,22.077776,21.164471,2452372.00
05/20/2010,27.650000,29.000000,27.360001,28.070000,19.857834,4589100,-,22.027536,23.782703,22.316183,21.214699,2363852.00
05/19/2010,28.790001,29.000000,28.200001,28.820000,20.388409,4090600,-,22.020701,23.869607,22.585717,21.381655,2313462.00
05/18/2010,30.000000,30.240000,28.480000,28.520000,20.176178,5120400,-,22.011354,23.939724,22.822710,21.552856,2272914.00
05/17/2010,30.049999,30.410000,29.350000,30.139999,21.322229,2857200,-,22.001734,24.018437,23.081279,21.816023,2236212.00
05/14/2010,30.290001,30.299999,29.330000,29.920000,21.166594,2656700,-,21.983823,24.066509,23.243636,22.038160,2220524.00
05/13/2010,30.969999,31.360001,30.530001,30.610001,21.654726,1724700,-,21.964374,24.106326,23.409177,22.231998,2215414.00
05/12/2010,31.450001,32.080002,31.370001,31.780001,22.482433,1725800,-,21.941573,24.140872,23.561984,22.423714,2263878.00
05/11/2010,30.629999,31.530001,30.580000,30.830000,21.810362,1987900,-,21.913755,24.153249,23.677296,22.511436,2342686.00
05/10/2010,31.730000,31.750000,31.059999,31.580000,22.340942,2790000,-,21.890491,24.159700,23.859816,22.709519,2347016.00
05/07/2010,30.510000,30.629999,28.969999,29.610001,20.947287,4402700,-,21.864680,24.145574,24.011209,22.991080,2331306.00
05/06/2010,30.889999,31.559999,28.180000,30.430000,21.527391,5877000,-,21.845380,24.157637,24.235821,23.417666,2290020.00
05/05/2010,30.920000,31.830000,30.889999,31.240000,22.100416,3724700,-,21.821531,24.162309,24.414095,23.789779,2203438.00
05/04/2010,32.310001,32.360001,31.840000,32.240002,22.807854,2601000,-,21.795343,24.152994,24.578575,24.092563,2208560.00
05/03/2010,32.709999,33.470001,32.680000,33.279999,23.543592,1267900,-,21.764846,24.146232,24.706268,24.346534,2179752.00
04/30/2010,33.439999,33.439999,32.590000,32.660000,23.104975,2366500,-,21.729372,24.121667,24.801772,24.449113,2195328.00
04/29/2010,33.209999,33.400002,33.009998,33.320000,23.571886,2675200,-,21.695916,24.109945,24.907534,24.586356,2184526.00
04/28/2010,33.619999,33.730000,32.700001,33.020000,23.359652,3737900,-,21.655248,24.084112,24.981108,24.700254,2155762.00
04/27/2010,34.919998,35.160000,33.560001,33.630001,23.791195,4009900,-,21.615606,24.068138,25.056805,24.843157,2113018.00
04/26/2010,35.709999,35.939999,35.509998,35.560001,25.156555,1244500,-,21.571175,24.033709,25.125073,25.010113,2069286.00
04/23/2010,35.240002,35.689999,35.240002,35.639999,25.213148,1670200,-,21.521426,23.973938,25.116230,25.031337,2109082.00
04/22/2010,34.689999,35.709999,34.540001,35.689999,25.248518,2522900,-,21.469780,23.911631,25.088180,25.053975,2102684.00
04/21/2010,36.000000,36.060001,35.250000,35.520000,25.128258,2523400,-,21.418974,23.848336,25.047835,25.038412,2099936.00
04/20/2010,35.389999,36.080002,35.369999,35.830002,25.347561,3186900,-,21.369963,23.774956,25.033503,25.064586,2101166.00
04/19/2010,34.400002,34.750000,34.330002,34.730000,24.569378,2785500,-,21.320662,23.704207,24.976628,25.066001,2121130.00
04/16/2010,34.610001,34.869999,34.200001,34.599998,24.477407,2371900,-,21.275954,23.648319,24.927785,25.154431,2124806.00
04/15/2010,35.049999,35.290001,34.869999,34.930000,24.710867,1561000,-,21.229530,23.616867,24.898277,25.228713,2122224.00
04/14/2010,35.380001,35.450001,34.669998,35.040001,24.788683,4524100,-,21.181378,23.578922,24.873587,25.261963,2162216.00
04/13/2010,35.560001,36.080002,35.330002,35.990002,25.460758,2175100,-,21.132451,23.531701,24.833778,25.270452,2098788.00
04/12/2010,36.290001,36.340000,35.799999,35.860001,25.368790,1405800,-,21.079110,23.461073,24.735805,25.240032,2125526.00
04/09/2010,35.740002,36.000000,35.680000,35.959999,25.439529,1475000,-,21.024616,23.401689,24.675763,25.201122,2161078.00
04/08/2010,35.020000,35.509998,34.740002,35.470001,25.092884,1241100,-,20.967768,23.349872,24.613587,25.122385,2183114.00
04/07/2010,35.709999,36.099998,35.529999,35.889999,25.390005,927400,-,20.912828,23.302321,24.569095,25.057259,2220306.00
04/06/2010,35.759998,35.980000,35.630001,35.849998,25.361710,1223100,-,20.858438,23.247845,24.494308,25.002420,2260544.00
04/05/2010,35.799999,36.090000,35.590000,35.980000,25.453678,709900,-,20.802962,23.185936,24.431813,24.887255,2354368.00
04/01/2010,36.029999,36.099998,35.389999,35.650002,25.220224,1723700,-,20.748078,23.142397,24.345422,24.701139,2417334.00
03/31/2010,35.389999,35.880001,35.180000,35.400002,25.043364,2281700,-,20.694537,23.103948,24.242282,24.567841,2460204.00
03/30/2010,35.139999,35.330002,34.779999,35.160000,24.873581,2106200,-,20.642336,23.062721,24.159214,24.485211,2466594.00
03/29/2010,35.419998,35.669998,35.360001,35.560001,25.156555,757800,-,20.592633,23.024609,24.070600,24.397104,2472788.00
03/26/2010,35.459999,35.700001,35.139999,35.310001,24.979694,1977000,-,20.541340,22.991223,23.919417,24.231578,2489566.00
03/25/2010,35.299999,35.680000,35.090000,35.130001,24.652151,1741700,-,20.491423,22.964602,23.752166,24.150403,2527764.00
03/24/2010,34.930000,35.200001,34.619999,34.830002,24.441628,1585500,-,20.441494,22.931761,23.597081,24.104790,2558820.00
03/23/2010,34.990002,35.490002,34.860001,35.400002,24.841619,3022800,-,20.391109,22.902428,23.463048,24.080931,2606466.00
03/22/2010,33.130001,34.549999,33.099998,34.500000,24.210052,2483700,-,20.338899,22.875060,23.302700,23.986196,2624638.00
03/19/2010,34.009998,34.020000,33.349998,33.619999,23.592518,1037500,-,20.292374,22.871832,23.215684,23.976371,2628404.00
03/18/2010,34.320000,34.389999,33.810001,34.040001,23.887247,1724700,-,20.248024,22.894709,23.151826,23.989705,2634958.00
03/17/2010,34.520000,34.759998,34.360001,34.509998,24.217064,1721700,-,20.204937,22.907200,23.083407,23.916724,2628880.00
03/16/2010,33.709999,34.250000,33.590000,34.189999,23.992512,1446000,-,20.160482,22.909305,22.986567,23.833217,2630556.00
03/15/2010,33.910000,33.910000,33.209999,33.490002,23.501297,1964700,-,20.113150,22.907902,22.914989,23.744096,2611590.00
03/12/2010,34.450001,34.549999,34.189999,34.439999,24.167946,1948100,-,20.066554,22.921375,22.843412,23.607256,2589470.00
03/11/2010,34.240002,34.480000,33.990002,34.480000,24.196016,916800,-,20.016379,22.919410,22.743414,23.353928,2561910.00
03/10/2010,34.090000,34.660000,34.029999,34.490002,24.203035,2069600,-,19.967187,22.916884,22.638503,23.089371,2553014.00
03/09/2010,33.860001,34.279999,33.810001,34.049999,23.894274,2063200,-,19.915715,22.918147,22.532541,22.845165,2515422.00
03/08/2010,34.099998,34.459999,33.990002,34.360001,24.111805,3285300,-,19.865961,22.923761,22.410788,22.619204,2492280.00
03/05/2010,33.509998,33.820000,33.310001,33.810001,23.725849,2072800,-,19.816594,22.928112,22.295703,22.454997,2441648.00
03/04/2010,33.169998,33.320000,32.639999,33.000000,23.157438,2401200,-,19.769297,22.929235,22.198161,22.313947,2418624.00
03/03/2010,33.349998,33.590000,33.130001,33.320000,23.381996,4147900,-,19.723613,22.935129,22.185530,22.250089,2381282.00
03/02/2010,32.259998,33.380001,32.250000,32.919998,23.101299,5666200,-,19.673930,22.930638,22.157109,22.139917,2313806.00
03/01/2010,30.930000,31.570000,30.930000,31.540001,22.132900,2204400,-,19.625510,22.941445,22.123426,22.085883,2212012.00
02/26/2010,30.549999,30.900000,30.200001,30.830000,21.634663,2004500,-,19.579651,22.965304,22.113250,22.079567,2184248.00
02/25/2010,30.330000,30.799999,29.809999,30.709999,21.550453,2338400,-,19.538599,23.002917,22.151495,22.132900,2166384.00
02/24/2010,30.820000,31.219999,30.730000,31.010000,21.760977,1547900,-,19.498109,23.028180,22.216406,22.187635,2139850.00
02/23/2010,31.820000,31.820000,30.760000,30.830000,21.634663,3980800,-,19.458566,23.043197,22.264125,22.219916,2128636.00
02/22/2010,32.180000,32.230000,31.980000,32.020000,22.469734,1160600,-,19.420005,23.062425,22.315703,22.202372,2076392.00
02/19/2010,31.590000,32.029999,31.480000,31.799999,22.315351,2046700,-,19.381760,23.064951,22.305528,22.136409,2082038.00
02/18/2010,31.780001,32.230000,31.540001,32.090000,22.518858,1826400,-,19.345586,23.076881,22.353597,22.082375,2065546.00
02/17/2010,32.160000,32.189999,31.610001,31.750000,22.280268,1237000,-,19.310604,23.089091,22.392544,22.120970,2069032.00
02/16/2010,31.340000,32.220001,31.180000,32.150002,22.560961,1600700,-,19.273517,23.104248,22.427630,22.174302,2078036.00
02/12/2010,30.910000,31.680000,30.850000,31.450001,22.069744,1823300,-,19.234921,23.112108,22.447981,22.160968,2086414.00
02/11/2010,30.930000,31.889999,30.690001,31.590000,22.167990,3234300,-,19.193729,23.119266,22.518857,22.146933,2086038.00
02/10/2010,31.389999,31.629999,30.930000,31.490000,22.097809,1350300,-,19.150642,23.110845,22.592890,22.170091,2045628.00
02/09/2010,31.480000,32.029999,30.910000,31.469999,22.083778,2385500,-,19.108503,23.103406,22.638504,22.245177,2030982.00
02/08/2010,30.629999,31.020000,30.360001,30.580000,21.459229,2584900,-,19.068609,23.104529,22.683064,22.308334,2008686.00
02/05/2010,30.780001,31.200001,30.110001,31.080000,21.810099,4185100,-,19.032785,23.111406,22.783764,22.429033,1999920.00
02/04/2010,32.320000,32.340000,31.010000,31.030001,21.775013,2969300,-,18.993979,23.107055,22.895692,22.474647,1954030.00
02/03/2010,32.520000,32.919998,32.290001,32.639999,22.904812,2242800,-,18.953523,23.094424,23.043759,22.624819,1925278.00
02/02/2010,32.430000,32.759998,32.070000,32.509998,22.813585,3560600,-,18.906366,23.061302,23.124108,22.664117,1936136.00
02/01/2010,31.580000,32.009998,31.549999,31.959999,22.427626,1352700,-,18.864893,23.052179,23.199545,22.680959,1954292.00
01/29/2010,32.320000,32.400002,30.990000,31.250000,21.929394,3512000,-,18.823105,23.053021,23.274281,22.734993,1994174.00
01/28/2010,33.080002,33.110001,31.549999,31.920000,22.399565,3183400,-,18.782193,23.055548,23.386559,22.890780,1984832.00
01/27/2010,32.080002,32.639999,32.009998,32.560001,22.848675,2576800,-,18.738931,23.035478,23.470066,23.015690,1980162.00
01/26/2010,32.570000,32.830002,32.360001,32.369999,22.715347,3100700,-,18.692862,22.992391,23.531118,23.031830,1959494.00
01/25/2010,32.389999,32.580002,32.040001,32.299999,22.666220,2939300,-,18.646547,22.954637,23.608660,23.057794,1945436.00
01/22/2010,33.410000,33.450001,31.510000,31.730000,22.266235,5914300,-,18.597846,22.905796,23.684097,23.138495,1941418.00
01/21/2010,33.709999,33.830002,32.970001,33.169998,23.276733,3858200,-,18.549812,22.874779,23.787253,23.316736,1856232.00
01/20/2010,32.990002,33.279999,32.639999,33.200001,23.297789,3867200,-,18.500129,22.811622,23.812516,23.462698,1815640.00
01/19/2010,32.349998,32.820000,32.230000,32.750000,22.982004,2601200,-,18.450235,22.750431,23.820235,23.584100,1803234.00
01/15/2010,33.160000,33.240002,32.570000,32.730000,22.967972,2415900,-,18.399885,22.682783,23.829006,23.718132,1793674.00
01/14/2010,33.720001,33.750000,33.209999,33.470001,23.487259,1596700,-,18.347395,22.609241,23.862690,23.813568,1792162.00
01/13/2010,33.900002,33.919998,33.349998,33.700001,23.648663,3886900,-,18.291396,22.520681,23.854620,23.882339,1800874.00
01/12/2010,32.980000,33.259998,32.630001,32.790001,23.010078,3294500,-,18.233046,22.425805,23.847953,23.924443,1779696.00
01/11/2010,33.119999,33.230000,32.500000,32.740002,22.974991,3967800,-,18.178240,22.357456,23.838128,24.030405,1783290.00
01/08/2010,33.639999,33.730000,33.299999,33.450001,23.473223,3931400,-,18.126269,22.272264,23.814970,24.159525,1768742.00
01/07/2010,34.650002,34.889999,34.160000,34.270000,24.048653,2672000,-,18.069148,22.198862,23.771112,24.229699,1743214.00
01/06/2010,34.919998,35.389999,34.889999,35.250000,24.736353,1365200,-,18.008009,22.128829,23.698482,24.257769,1737086.00
01/05/2010,34.990002,35.130001,34.750000,34.930000,24.511801,1420800,-,17.946333,22.055708,23.607256,24.162333,1745384.00
01/04/2010,34.790001,35.099998,34.580002,34.660000,24.322325,1805500,-,17.882153,21.998024,23.538134,24.056370,1753356.00
12/31/2009,34.400002,34.520000,34.080002,34.090000,23.922338,497700,-,17.821995,21.933043,23.473925,23.939881,1794014.00
12/30/2009,34.200001,34.470001,33.830002,34.450001,24.174965,858700,-,17.763975,21.867641,23.425505,23.911811,1851794.00
12/29/2009,34.599998,34.630001,34.209999,34.299999,24.069702,570100,-,17.702516,21.800976,23.338138,23.826901,1920780.00
12/28/2009,34.599998,34.619999,34.189999,34.299999,24.069702,472000,-,17.639372,21.733188,23.222000,23.771463,1990132.00
12/24/2009,34.410000,34.580002,34.400002,34.580002,24.266188,190000,-,17.576677,21.676206,23.104809,23.645851,2056018.00
12/23/2009,34.680000,34.750000,34.310001,34.450001,24.174965,906100,-,17.511894,21.625962,22.998496,23.470416,2178110.00
12/22/2009,34.580002,34.750000,34.240002,34.669998,24.329350,753700,-,17.447499,21.586664,22.879902,23.312524,2236836.00
12/21/2009,33.299999,33.930000,33.290001,33.889999,23.781992,921600,-,17.380189,21.540630,22.743062,23.139194,2251948.00
12/18/2009,33.369999,33.459999,32.919998,33.419998,23.452169,534100,-,17.310781,21.491789,22.611135,23.052179,2285578.00
12/17/2009,33.169998,33.320000,32.869999,33.000000,23.157438,774100,-,17.244057,21.439159,22.500961,23.019898,2319756.00
12/16/2009,33.680000,33.970001,33.580002,33.689999,23.641642,576500,-,17.178946,21.388633,22.460962,23.007969,2335416.00
12/15/2009,33.209999,33.459999,33.099998,33.240002,23.325859,816200,-,17.114661,21.335722,22.402367,22.939199,2376912.00
12/14/2009,33.349998,33.610001,33.189999,33.509998,23.515324,1111300,-,17.047464,21.273969,22.338859,22.849375,2391444.00
12/11/2009,32.849998,32.919998,32.410000,32.509998,22.813585,1011700,-,16.979216,21.200006,22.232897,22.672537,2398934.00
12/10/2009,32.380001,32.520000,32.080002,32.080002,22.511835,987200,-,16.917413,21.141059,22.126934,22.563768,2433716.00
12/09/2009,32.040001,32.200001,31.629999,32.200001,22.596050,1368600,-,16.858120,21.105832,22.042725,22.526576,2466798.00
12/08/2009,32.250000,32.349998,31.930000,32.200001,22.596050,1442900,-,16.798890,21.061903,21.924131,22.447279,2466822.00
12/07/2009,32.590000,32.860001,32.480000,32.650002,22.911833,1222100,-,16.739038,21.024570,21.830098,22.346930,2469962.00
12/04/2009,32.930000,33.389999,32.500000,32.959999,23.129366,2000700,-,16.675327,20.974045,21.690451,22.170091,2490670.00
12/03/2009,33.000000,33.250000,32.720001,32.830002,23.038147,1687200,-,16.613154,20.922537,21.545893,21.982025,2499508.00
12/02/2009,32.060001,32.779999,32.060001,32.709999,22.953938,2019600,-,16.552128,20.877486,21.373967,21.913955,2523978.00
12/01/2009,31.780001,32.110001,31.610001,31.959999,22.427626,1804500,-,16.493009,20.838750,21.190812,21.865535,2530416.00
11/30/2009,30.920000,31.070000,30.520000,30.990000,21.746943,1213800,-,16.437246,20.804364,21.022395,21.828343,2517480.00
11/27/2009,30.360001,31.250000,30.250000,30.959999,21.725891,618000,-,16.389792,20.781067,20.880292,21.793256,2531234.00
11/25/2009,31.469999,31.559999,31.320000,31.549999,22.139914,1270700,-,16.340647,20.754120,20.773627,21.690100,2630054.00
11/24/2009,30.889999,31.090000,30.590000,31.070000,21.803083,2146600,-,16.289432,20.736717,20.602403,21.558875,2713698.00
11/23/2009,30.520000,31.070000,30.520000,30.770000,21.592556,1890600,-,16.240523,20.721699,20.502405,21.400983,2725678.00
11/20/2009,29.750000,30.240000,29.700001,30.129999,21.143446,1531700,-,16.196743,20.703594,20.450126,21.313266,2733282.00
11/19/2009,30.309999,30.410000,29.660000,30.280001,21.248705,2785700,-,16.154241,20.693068,20.446968,21.210812,2789064.00
11/18/2009,32.279999,32.299999,31.600000,31.860001,22.357454,4468400,-,16.108000,20.685770,20.465915,21.109761,2907114.00
11/17/2009,31.900000,32.029999,31.559999,32.020000,22.469734,3346800,-,16.055041,20.651104,20.401706,20.833978,2884148.00
11/16/2009,31.040001,31.610001,30.990000,31.430000,22.055708,3044900,-,16.002142,20.600860,20.310830,20.516089,2890746.00
11/13/2009,29.690001,30.510000,29.610001,30.490000,21.396072,2949900,-,15.949517,20.550194,20.250130,20.216446,2869422.00
11/12/2009,29.840000,30.030001,29.340000,29.490000,20.694330,1543400,-,15.899672,20.502195,20.214341,19.967328,2853990.00
11/11/2009,29.590000,30.139999,29.440001,29.680000,20.827662,2397800,-,15.853785,20.457845,20.240657,19.857155,2886218.00
11/10/2009,28.910000,29.190001,28.600000,28.820000,20.224163,2738400,-,15.811653,20.415039,20.286971,19.645931,2895252.00
11/09/2009,29.100000,29.520000,29.059999,29.520000,20.715384,1655000,-,15.769326,20.396092,20.386268,19.603827,2867908.00
11/06/2009,28.830000,29.150000,28.520000,28.670000,20.118906,1828600,-,15.721917,20.374338,20.451881,19.586986,2879330.00
11/05/2009,28.440001,28.969999,28.240000,28.840000,20.238199,3246900,-,15.677353,20.363110,20.512932,19.683124,2891242.00
11/04/2009,28.299999,28.490000,27.799999,27.930000,19.599617,2123200,-,15.631190,20.344163,20.542054,19.822069,2889034.00
11/03/2009,27.020000,27.600000,26.889999,27.490000,19.290852,2340300,-,15.590396,20.331251,20.593632,19.969434,2888240.00
11/02/2009,27.320000,27.600000,26.760000,27.160000,19.059275,2032300,-,15.549039,20.321707,20.678894,20.105572,2880956.00
10/30/2009,27.840000,27.879999,26.780001,26.940001,18.904892,2828000,-,15.511466,20.318058,20.737840,20.283814,2897116.00
10/29/2009,27.799999,28.080000,27.650000,27.920000,19.592598,3474200,-,15.474077,20.307111,20.783453,20.461354,2892614.00
10/28/2009,27.639999,27.889999,26.639999,26.670000,18.715424,3240400,-,15.429899,20.279883,20.797137,20.624158,2869164.00
10/27/2009,29.070000,29.320000,28.200001,28.219999,19.803123,2655000,-,15.392904,20.263322,20.898889,20.928012,2836404.00
10/26/2009,30.070000,30.480000,29.170000,29.280001,20.546970,2365600,-,15.350022,20.218130,20.928713,21.168709,2814790.00
10/23/2009,30.809999,30.830000,29.910000,30.040001,21.080290,1780100,-,15.305598,20.166061,20.937835,21.316776,2797186.00
10/22/2009,30.590000,30.870001,30.139999,30.820000,21.627645,1819400,-,15.261926,20.109641,20.903099,21.342740,2800414.00
10/21/2009,29.950001,30.480000,29.900000,30.030001,21.073273,3838400,-,15.215034,20.040309,20.849416,21.262040,2812282.00
10/20/2009,29.930000,29.969999,29.309999,29.430000,20.652227,3386700,-,15.173746,19.973363,20.835030,21.217830,2776978.00
10/19/2009,29.809999,30.080000,29.500000,29.700001,20.841700,4308000,-,15.133079,19.918627,20.853276,21.252216,2774662.00
10/16/2009,30.010000,30.010000,29.290001,29.469999,20.680294,4037700,-,15.091740,19.862348,20.846609,21.191866,2763464.00
10/15/2009,30.700001,30.740000,29.950001,30.240000,21.220638,3766300,-,15.050759,19.802138,20.841697,21.105552,2726900.00
10/14/2009,31.809999,31.820000,30.520000,31.000000,21.753958,6294600,-,15.006489,19.734350,20.799592,20.970115,2713650.00
10/13/2009,32.220001,32.369999,31.600000,31.650000,22.210091,3842400,-,14.957066,19.669088,20.775383,20.869767,2648790.00
10/12/2009,31.200001,31.559999,31.150000,31.389999,22.027641,1509300,-,14.906363,19.595265,20.717489,20.688717,2633992.00
10/09/2009,29.860001,30.480000,29.730000,30.410000,21.339937,2603100,-,14.856297,19.519758,20.650472,20.558895,2694750.00
10/08/2009,29.750000,29.950001,29.389999,29.670000,20.820644,2243000,-,14.809531,19.447759,20.614332,20.463458,2752126.00
10/07/2009,29.490000,29.570000,29.110001,29.400000,20.631172,1557100,-,14.764843,19.376883,20.617490,20.436792,2736166.00
10/06/2009,29.350000,30.030001,29.299999,29.920000,20.996082,2651300,-,14.721863,19.306148,20.617140,20.452231,2744692.00
10/05/2009,28.309999,28.930000,28.150000,28.840000,20.238199,1542800,-,14.676021,19.224606,20.565211,20.454336,2741380.00
10/02/2009,27.950001,28.540001,27.940001,28.240000,19.817156,1485800,-,14.634729,19.162993,20.529422,20.501352,2736978.00
10/01/2009,29.520000,29.620001,28.280001,28.309999,19.866274,2750800,-,14.595784,19.110222,20.488370,20.577842,2758830.00
09/30/2009,29.309999,29.610001,28.840000,29.570000,20.750469,2641300,-,14.554486,19.054644,20.418898,20.629070,2762628.00
09/29/2009,29.510000,29.580000,29.000000,29.070000,20.399597,1369800,-,14.507524,18.974786,20.315742,20.680998,2762256.00
09/28/2009,29.340000,29.900000,29.309999,29.540001,20.729420,1599900,-,14.460382,18.904051,20.259603,20.746260,2796028.00
09/25/2009,29.040001,29.299999,28.889999,29.049999,20.385567,2257500,-,14.412212,18.823631,20.204517,20.742050,2821600.00
09/24/2009,29.799999,29.920000,29.200001,29.290001,20.553982,2442600,-,14.361340,18.744896,20.163114,20.765207,2861320.00
09/23/2009,29.969999,30.219999,29.610001,29.620001,20.785561,2910700,-,14.308520,18.662091,20.099957,20.798189,2958062.00
09/22/2009,29.920000,30.110001,29.840000,29.950001,21.017132,2341500,-,14.253541,18.555145,20.008380,20.782049,2969898.00
09/21/2009,29.150000,29.559999,29.129999,29.510000,20.708366,1157700,-,14.197024,18.443428,19.898207,20.676086,2961470.00
09/18/2009,29.040001,29.389999,29.000000,29.330000,20.582052,1901500,-,14.143329,18.327360,19.806629,20.557492,2988936.00
09/17/2009,29.500000,29.750000,28.930000,29.040001,20.378550,5559000,-,14.089402,18.219854,19.695403,20.398899,2983944.00
09/16/2009,30.000000,30.379999,29.680000,30.309999,21.269758,5452900,-,14.035007,18.109961,19.588037,20.208727,2920828.00
09/15/2009,29.840000,30.049999,29.750000,30.000000,21.052217,2745600,-,13.981614,17.986314,19.418917,19.950486,2861420.00
09/14/2009,28.959999,29.580000,28.959999,29.480000,20.687313,2270800,-,13.930517,17.871790,19.243482,19.772946,2854382.00
09/11/2009,29.870001,29.900000,29.090000,29.379999,20.617138,4320800,-,13.878517,17.767792,19.106292,19.666983,2868190.00
09/10/2009,30.070000,30.190001,29.459999,29.760000,20.883804,8688200,-,13.827247,17.668005,18.988400,19.561020,2825382.00
09/09/2009,28.799999,29.490000,28.690001,29.389999,20.624157,3320100,-,13.770429,17.554182,18.852262,19.401725,2677536.00
09/08/2009,28.850000,28.860001,28.270000,28.440001,19.957508,3676700,-,13.711041,17.443307,18.707352,19.234711,2631016.00
09/04/2009,27.010000,27.870001,27.000000,27.820000,19.522425,1978700,-,13.657058,17.344221,18.605249,19.120327,2593118.00
09/03/2009,26.950001,27.090000,26.660000,27.070000,18.996119,2178300,-,13.609708,17.249627,18.530514,19.055766,2587542.00
09/02/2009,25.809999,26.459999,25.780001,26.330000,18.476831,3154800,-,13.564781,17.159102,18.464199,18.991908,2568486.00
09/01/2009,27.230000,27.780001,26.580000,26.629999,18.687349,2849500,-,13.524454,17.070964,18.431919,18.967347,2602140.00
08/31/2009,27.520000,27.600000,27.200001,27.469999,19.276815,1371200,-,13.486184,16.979316,18.422095,18.887349,2577128.00
08/28/2009,28.549999,28.820000,27.780001,27.969999,19.627686,2226100,-,13.440614,16.884020,18.384201,18.714019,2581528.00
08/27/2009,27.700001,27.889999,27.330000,27.870001,19.557510,2424200,-,13.396537,16.776794,18.315430,18.545601,2577334.00
08/26/2009,27.139999,27.620001,27.049999,27.490000,19.290852,3136500,-,13.355435,16.675182,18.224555,18.415779,2578480.00
08/25/2009,27.230000,27.299999,26.740000,27.010000,18.954016,2083500,-,13.316220,16.579605,18.123855,18.302799,2565820.00
08/24/2009,27.379999,27.450001,26.740000,26.809999,18.813665,1976100,-,13.275788,16.492589,18.030875,18.179994,2579214.00
08/21/2009,26.750000,26.930000,26.450001,26.900000,18.876820,2840300,-,13.241653,16.414976,17.936140,18.090171,2578920.00
08/20/2009,26.129999,26.389999,25.990000,26.160000,18.357536,2602900,-,13.212349,16.335399,17.850177,18.005261,2559804.00
08/19/2009,25.549999,26.030001,25.389999,25.980000,18.231220,2301700,-,13.181704,16.268172,17.791230,17.936491,2588718.00
08/18/2009,25.450001,25.600000,25.270000,25.490000,17.887367,1602400,-,13.151173,16.196875,17.734038,17.896492,2590506.00
08/17/2009,25.160000,25.209999,24.889999,25.000000,17.543514,1574300,-,13.120529,16.126421,17.677548,17.956841,2588178.00
08/14/2009,25.990000,25.990000,25.389999,25.570000,17.943510,1485400,-,13.090155,16.063545,17.643514,18.054383,2621382.00
08/13/2009,25.990000,26.090000,25.709999,26.020000,18.259291,1941500,-,13.058816,16.002774,17.581761,18.085260,2648378.00
08/12/2009,25.709999,26.049999,25.680000,25.879999,18.161047,2412800,-,13.021650,15.932039,17.491236,18.033331,2650494.00
08/11/2009,25.080000,25.350000,24.830000,25.260000,17.725967,2073200,-,12.984975,15.874215,17.403870,17.944912,2672110.00
08/10/2009,25.469999,25.540001,25.280001,25.530001,17.915442,3270900,-,12.949059,15.826216,17.289486,17.881755,2701710.00
08/07/2009,25.690001,25.950001,25.480000,25.690001,18.027719,3748100,-,12.909846,15.758428,17.165278,17.782108,2668400.00
08/06/2009,25.700001,25.770000,25.000000,25.180000,17.669830,2209500,-,12.874356,15.681517,17.009140,17.695092,2651730.00
08/05/2009,25.780001,25.870001,25.150000,25.410000,17.831228,3103800,-,12.844904,15.610782,16.885985,17.645970,2654044.00
08/04/2009,26.459999,26.570000,26.209999,26.350000,18.490866,3051600,-,12.808669,15.541309,16.738619,17.571585,2640136.00
08/03/2009,26.200001,26.430000,25.969999,26.389999,18.518934,3102500,-,12.770380,15.449662,16.568447,17.398255,2618580.00
07/31/2009,25.730000,26.209999,25.549999,26.010000,18.252274,4547200,-,12.729048,15.358155,16.408802,17.232645,2608524.00
07/30/2009,24.930000,25.629999,24.850000,25.280001,17.740000,5471900,-,12.688324,15.277876,16.270559,17.078262,2555736.00
07/29/2009,24.410000,24.670000,24.180000,24.620001,17.276855,1445000,-,12.655343,15.208404,16.164947,16.949142,2504348.00
07/28/2009,23.870001,24.420000,23.870001,24.360001,17.094404,1983400,-,12.620015,15.143282,16.060738,16.862828,2543084.00
07/27/2009,24.379999,24.400000,23.750000,24.110001,16.918968,2485700,-,12.585184,15.070301,15.960038,16.697217,2542626.00
07/24/2009,24.340000,24.500000,24.030001,24.450001,17.157560,1322700,-,12.554305,15.000267,15.864251,16.548448,2531588.00
07/23/2009,24.110001,24.660000,24.059999,24.480000,17.178608,2578400,-,12.521058,14.916339,15.746007,16.323189,2561278.00
07/22/2009,24.049999,24.629999,23.950001,24.350000,17.087383,2940700,-,12.490712,14.841253,15.610571,16.126000,2545958.00
07/21/2009,23.990000,24.020000,23.370001,23.879999,16.757566,2622700,-,12.463205,14.768553,15.459697,15.905653,2528974.00
07/20/2009,23.889999,24.049999,23.600000,24.030001,16.862827,3058400,-,12.438142,14.710449,15.327068,15.738640,2542246.00
07/17/2009,23.459999,23.840000,23.280001,23.809999,16.708443,2878500,-,12.415488,14.651643,15.209526,15.584959,2567098.00
07/16/2009,23.160000,23.510000,22.870001,23.440001,16.448805,4243500,-,12.392778,14.613889,15.087424,15.462856,2559776.00
07/15/2009,22.950001,23.540001,22.760000,23.389999,16.413717,7279700,-,12.366805,14.586521,14.988829,15.380752,2525582.00
07/14/2009,21.879999,22.160000,21.790001,22.000000,15.438295,3502500,-,12.349161,14.568697,14.893742,15.258648,2454684.00
07/13/2009,21.650000,22.010000,21.350000,21.990000,15.431274,1920100,-,12.336947,14.557188,14.851989,15.222859,2432674.00
07/10/2009,20.990000,21.440001,20.930000,21.240000,14.904970,2531000,-,12.324629,14.545399,14.827077,15.180053,2510538.00
07/09/2009,21.600000,21.799999,21.330000,21.670000,15.206719,1651900,-,12.315806,14.523926,14.826726,15.168825,2486146.00
07/08/2009,21.280001,21.350000,20.889999,21.209999,14.883917,2403200,-,12.308377,14.490804,14.816200,15.095142,2488964.00
07/07/2009,21.959999,22.049999,21.440001,21.500000,15.087427,2482500,-,12.306707,14.466523,14.805323,15.013740,2497388.00
07/06/2009,21.760000,22.020000,21.400000,21.840000,15.326018,2393700,-,12.300426,14.446875,14.769184,14.915496,2493858.00
07/02/2009,22.020000,22.100000,21.750000,22.070000,15.487413,2961200,-,12.289982,14.426243,14.722869,14.834094,2518322.00
07/01/2009,22.370001,22.650000,22.219999,22.270000,15.627764,2180400,-,12.283671,14.397472,14.693747,14.711991,2580220.00
06/30/2009,21.780001,21.879999,21.370001,21.650000,15.192684,1295900,-,12.273721,14.358596,14.648484,14.596906,2603282.00
06/29/2009,21.420000,21.540001,21.230000,21.490000,15.080407,994100,-,12.267018,14.324210,14.652344,14.528837,2649328.00
06/26/2009,21.430000,21.520000,21.230000,21.379999,15.003213,1781800,-,12.264193,14.312982,14.664624,14.481118,2739422.00
06/25/2009,20.260000,21.219999,20.230000,21.080000,14.792689,1699900,-,12.262099,14.294316,14.640765,14.474101,2822198.00
06/24/2009,20.440001,20.900000,20.400000,20.620001,14.469891,1225500,-,12.260505,14.273404,14.610240,14.484627,2877430.00
06/23/2009,20.350000,20.350000,19.660000,20.049999,14.069898,4837500,-,12.263012,14.258949,14.593398,14.537258,2947504.00
06/22/2009,20.370001,20.660000,20.049999,20.100000,14.104986,1598900,-,12.268279,14.250247,14.607784,14.596906,2903752.00
06/19/2009,20.420000,20.840000,20.389999,20.680000,14.511994,1591200,-,12.273612,14.237195,14.597960,14.622871,2941408.00
06/18/2009,20.340000,20.559999,20.209999,20.330000,14.266387,2016400,-,12.280814,14.205476,14.569539,14.611643,2958736.00
06/17/2009,20.360001,20.750000,20.010000,20.629999,14.476907,2481500,-,12.292352,14.173336,14.568136,14.675502,2964278.00
06/16/2009,20.900000,21.059999,20.570000,20.680000,14.511994,2503500,-,12.301664,14.150600,14.557610,14.700063,3017880.00
06/15/2009,20.790001,20.940001,20.420000,20.809999,14.603222,2753200,-,12.313771,14.126741,14.533049,14.775851,3041702.00
06/12/2009,21.270000,21.330000,20.860001,21.280001,14.933040,1961400,-,12.324385,14.092917,14.475156,14.848131,3040174.00
06/11/2009,21.170000,21.500000,21.170000,21.230000,14.897953,1884500,-,12.331693,14.043655,14.399368,14.807430,3086524.00
06/10/2009,21.340000,21.530001,21.020000,21.370001,14.996199,4048600,-,12.337794,13.991445,14.302527,14.735852,3119804.00
06/09/2009,20.540001,21.020000,20.540001,20.900000,14.666381,2391100,-,12.344267,13.931096,14.223933,14.649538,3132776.00
06/08/2009,20.150000,20.590000,20.070000,20.469999,14.364632,1486000,-,12.352597,13.878746,14.163232,14.618661,3137050.00
06/05/2009,21.090000,21.209999,20.430000,20.520000,14.399720,3234500,-,12.360674,13.843070,14.137618,14.573048,3191776.00
06/04/2009,21.170000,21.340000,20.850000,21.240000,14.904970,2835200,-,12.369507,13.796054,14.113759,14.527435,3238320.00
06/03/2009,21.260000,21.309999,20.750000,20.980000,14.722516,2047300,-,12.377991,13.734372,14.109548,14.460770,3238648.00
06/02/2009,22.129999,22.209999,21.690001,21.760000,15.269878,3493600,-,12.389529,13.687946,14.127443,14.415157,3244382.00
06/01/2009,21.040001,22.000000,21.010000,21.840000,15.326018,3553200,-,12.398261,13.616065,14.140074,14.290247,3270300.00
05/29/2009,20.540001,20.760000,20.340000,20.700001,14.526033,1605400,-,12.408682,13.555359,14.116917,14.102180,3302080.00
05/28/2009,20.240000,20.400000,19.600000,20.209999,14.182177,2914600,-,12.421824,13.511205,14.132706,13.991305,3336936.00
05/27/2009,20.340000,20.549999,20.030001,20.139999,14.133057,2325200,-,12.435511,13.465223,14.115162,13.869202,3335536.00
05/26/2009,19.770000,20.530001,19.740000,20.459999,14.357614,2408400,-,12.447682,13.411380,14.086040,13.798327,3378536.00
05/22/2009,20.010000,20.090000,19.540001,19.820000,13.908500,1973800,-,12.459421,13.354842,14.051654,13.707802,3386912.00
05/21/2009,20.059999,20.260000,19.690001,19.870001,13.943589,2599700,-,12.473474,13.302865,14.061479,13.702188,3479004.00
05/20/2009,20.680000,21.040001,20.190001,20.290001,14.238318,1907800,-,12.486903,13.249910,14.079022,13.700082,3558954.00
05/19/2009,20.150000,20.670000,20.070000,20.330000,14.266387,2902500,-,12.494126,13.182493,14.069549,13.758327,3597470.00
05/18/2009,19.240000,20.160000,19.240000,19.980000,14.020778,3381800,-,12.500345,13.095171,14.040426,13.839729,3579264.00
05/15/2009,19.230000,19.600000,19.120001,19.160000,13.445352,1960500,-,12.508967,13.016906,14.013059,13.989901,3572308.00
05/14/2009,19.059999,19.270000,18.860001,19.120001,13.417282,1933800,-,12.523021,12.950702,14.066742,14.131653,3627766.00
05/13/2009,18.910000,18.950001,18.320000,18.469999,12.961148,2807200,-,12.535800,12.898048,14.099372,14.274106,3699580.00
05/12/2009,19.430000,19.530001,18.719999,19.129999,13.424301,1812400,-,12.548684,12.836554,14.138670,14.361122,3696870.00
05/11/2009,19.020000,19.400000,18.850000,19.170000,13.452365,2091500,-,12.560633,12.765382,14.154810,14.373753,3735532.00
05/08/2009,19.910000,20.049999,19.110001,19.740000,13.852359,3286300,-,12.570473,12.705394,14.163933,14.395507,3762050.00
05/07/2009,20.830000,20.879999,19.510000,19.840000,13.922535,4301000,-,12.580869,12.641413,14.143933,14.420770,3766362.00
05/06/2009,21.170000,21.420000,20.740000,21.120001,14.820762,2512400,-,12.591398,12.577963,14.094109,14.457962,3752102.00
05/05/2009,21.900000,21.950001,21.090000,21.490000,15.080407,2533800,-,12.599267,12.494062,13.986041,14.380770,3743412.00
05/04/2009,21.320000,22.170000,21.320000,22.120001,15.522504,3734800,-,12.605146,12.395848,13.899025,14.241124,3737878.00
05/01/2009,21.110001,21.500000,20.730000,21.180000,14.862867,2402000,-,12.608021,12.299293,13.788852,14.036216,3734448.00
04/30/2009,20.410000,21.450001,20.309999,21.150000,14.841812,5813300,-,12.612225,12.218694,13.691310,14.001830,3749502.00
04/29/2009,19.670000,20.100000,19.610001,19.709999,13.831305,1311400,-,12.619539,12.144459,13.572716,13.924639,3672032.00
04/28/2009,19.139999,19.500000,19.090000,19.309999,13.550611,1792800,-,12.629453,12.093335,13.495525,13.916218,3709592.00
04/27/2009,19.629999,19.840000,19.350000,19.480000,13.669906,2824400,-,12.640046,12.067446,13.416930,13.935867,3735946.00
04/24/2009,20.080000,20.309999,19.969999,20.100000,14.104986,2306000,-,12.650456,12.031985,13.335879,13.932358,3730270.00
04/23/2009,20.290001,20.420000,19.820000,20.370001,14.294458,3616900,-,12.658138,11.987823,13.259673,13.867096,3732456.00
04/22/2009,19.129999,20.320000,19.110001,20.020000,14.048848,6056100,-,12.665841,11.942359,13.147394,13.730257,3734022.00
04/21/2009,19.049999,19.549999,19.000000,19.500000,13.683942,3333500,-,12.677914,11.918112,13.035997,13.591312,3682084.00
04/20/2009,19.740000,19.780001,19.139999,19.200001,13.473421,3598200,-,12.691882,11.897294,12.971861,13.556927,3674232.00
04/17/2009,20.230000,20.910000,20.120001,20.690001,14.519011,5498800,-,12.705623,11.867836,12.881981,13.541489,3671270.00
04/16/2009,19.180000,20.170000,19.180000,20.049999,14.069898,5920600,-,12.717523,11.812768,12.770565,13.380790,3618002.00
04/15/2009,19.410000,19.990000,18.990000,19.590000,13.747099,4461500,-,12.731460,11.769170,12.682987,13.220794,3564858.00
04/14/2009,19.209999,19.709999,19.190001,19.590000,13.747099,4729200,-,12.747633,11.724843,12.589786,13.074832,3525400.00
04/13/2009,19.100000,19.540001,18.830000,19.430000,13.634821,2649900,-,12.762597,11.678443,12.474476,12.897993,3463156.00
04/09/2009,18.559999,19.430000,18.549999,19.170000,13.452365,3481700,-,12.780783,11.636084,12.369272,12.739400,3464470.00
04/08/2009,18.450001,18.590000,18.150000,18.420000,12.926064,2457600,-,12.799708,11.615062,12.262136,12.652249,3470258.00
04/07/2009,18.260000,18.500000,17.959999,18.040001,12.659402,2293500,-,12.819365,11.591715,12.180624,12.564532,3461144.00
04/06/2009,19.090000,19.090000,18.510000,19.010000,13.340090,5161600,-,12.841771,11.563200,12.091029,12.480681,3456844.00
04/03/2009,18.240000,19.020000,18.139999,18.980000,13.319038,3694600,-,12.865126,11.520519,11.919037,12.386796,3415722.00
04/02/2009,18.040001,18.639999,17.790001,18.400000,12.912028,2676800,-,12.891488,11.474251,11.758462,12.222473,3383670.00
04/01/2009,17.170000,17.910000,17.120001,17.770000,12.469934,4278900,-,12.923271,11.444829,11.619618,12.160340,3385994.00
03/31/2009,17.469999,17.820000,17.410000,17.510000,12.287478,3548500,-,12.957506,11.415820,11.535351,12.145179,3345554.00
03/30/2009,17.110001,17.209999,16.860001,17.070000,11.978712,4697200,-,12.990304,11.400961,11.415299,12.104739,3333840.00
03/27/2009,17.360001,17.540001,17.200001,17.440001,12.048886,2604800,-,13.024059,11.389929,11.309649,12.050960,3341740.00
03/26/2009,17.549999,18.280001,17.540001,18.209999,12.580861,4222300,-,13.056254,11.364090,11.229853,11.999144,3366666.00
03/25/2009,17.930000,17.969999,16.930000,17.440001,12.048886,5561700,-,13.086514,11.338804,11.133476,11.872023,3337192.00
03/24/2009,17.340000,17.700001,17.059999,17.110001,11.820895,2851600,-,13.122198,11.322361,11.068533,11.796717,3266164.00
03/23/2009,17.280001,17.950001,17.170000,17.950001,12.401236,2334000,-,13.159712,11.319183,11.008773,11.701377,3246460.00
03/20/2009,17.620001,17.860001,16.719999,16.900000,11.675814,4789500,-,13.198574,11.318078,10.897196,11.451279,3243330.00
03/19/2009,18.360001,18.379999,17.700001,17.790001,12.290695,5142200,-,13.241616,11.329546,10.848144,11.294450,3198150.00
03/18/2009,16.950001,17.940001,16.840000,17.830000,12.318329,3348200,-,13.281445,11.340047,10.775256,11.078897,3149784.00
03/17/2009,16.370001,17.209999,16.190001,17.200001,11.883079,2844600,-,13.320514,11.344055,10.715841,10.925522,3116548.00
03/16/2009,17.260000,17.299999,16.410000,16.559999,11.440915,4475200,-,13.364592,11.357872,10.685442,10.725858,3112146.00
03/13/2009,16.340000,16.750000,16.270000,16.690001,11.530730,2827200,-,13.409706,11.378737,10.726204,10.568339,3051248.00
03/12/2009,16.020000,16.410000,15.890000,16.370001,11.309649,6578400,-,13.454613,11.395456,10.744512,10.460562,3017426.00
03/11/2009,16.700001,16.879999,15.970000,16.350000,11.295832,6597200,-,13.500176,11.406648,10.773874,10.394928,2917614.00
03/10/2009,15.290000,16.000000,15.120000,15.730000,10.867488,3833600,-,13.544047,11.422124,10.810145,10.340349,2795430.00
03/09/2009,14.500000,14.890000,14.300000,14.330000,9.900261,1992200,-,13.592443,11.445061,10.908595,10.316168,2730886.00
03/06/2009,14.980000,15.260000,14.290000,14.630000,10.107524,3034000,-,13.644880,11.486790,11.045734,10.343113,2733088.00
03/05/2009,14.960000,15.250000,14.540000,14.670000,10.135159,4733400,-,13.697767,11.522301,11.140384,10.401837,2717486.00
03/04/2009,14.770000,15.820000,14.770000,15.610000,10.784583,5524500,-,13.750066,11.560299,11.221908,10.471616,2671964.00
03/03/2009,14.530000,14.570000,14.030000,14.310000,9.886443,2671700,-,13.800811,11.581163,11.277178,10.506160,2676690.00
03/02/2009,14.690000,14.880000,14.210000,14.280000,9.865717,3745500,-,13.855563,11.623030,11.359392,10.645026,2697534.00
02/27/2009,15.090000,15.510000,15.000000,15.130000,10.452961,3417400,-,13.907828,11.666279,11.437461,10.884069,2697466.00
02/26/2009,15.830000,16.120001,15.330000,15.420000,10.653316,3501900,-,13.956327,11.689355,11.490659,11.028463,2693106.00
02/25/2009,15.260000,15.920000,14.970000,15.560000,10.750040,3588000,-,14.004240,11.703448,11.578055,11.152820,2681236.00
02/24/2009,14.900000,15.470000,14.770000,15.380000,10.625681,2077900,-,14.051185,11.707870,11.628488,11.279941,2652464.00
02/23/2009,15.300000,15.350000,14.660000,14.720000,10.169702,2257100,-,14.099995,11.717266,11.658887,11.501022,2694942.00
02/20/2009,15.200000,15.710000,15.160000,15.480000,10.694770,3563300,-,14.151431,11.718095,11.710703,11.748356,2719748.00
02/19/2009,16.120001,16.190001,15.550000,15.680000,10.832945,3154700,-,14.200483,11.704001,11.726247,11.878931,2716554.00
02/18/2009,16.400000,16.400000,15.920000,16.110001,11.130022,1939800,-,14.245943,11.683137,11.756646,11.972199,2741228.00
02/17/2009,16.850000,16.879999,16.230000,16.320000,11.275105,3189400,-,14.292508,11.654811,11.751119,12.048196,2764756.00
02/13/2009,17.770000,18.129999,17.590000,17.740000,12.256153,3110500,-,14.336033,11.628696,11.764591,12.073758,2759210.00
02/12/2009,16.940001,17.270000,16.620001,17.219999,11.896894,2540600,-,14.372719,11.579505,11.723138,11.990853,2754884.00
02/11/2009,17.410000,17.660000,17.000000,17.219999,11.896894,2415300,-,14.410475,11.531558,11.666141,11.952854,2753310.00
02/10/2009,17.920000,18.200001,17.190001,17.400000,12.021250,3695200,-,14.449682,11.505443,11.637124,12.003289,2717248.00
02/09/2009,18.580000,18.650000,18.250000,18.580000,12.836486,3459200,-,14.491100,11.481677,11.597399,11.977035,2687416.00
02/06/2009,17.860001,18.459999,17.780001,18.299999,12.643039,2940900,-,14.527924,11.430690,11.538674,11.816752,2669022.00
02/05/2009,17.070000,17.570000,16.760000,17.370001,12.000526,3450100,-,14.566544,11.385093,11.523820,11.673050,2654878.00
02/04/2009,16.870001,17.500000,16.809999,17.030001,11.765627,2835400,-,14.601917,11.335488,11.536256,11.573563,2670236.00
02/03/2009,16.750000,17.299999,16.430000,17.209999,11.889983,3263400,-,14.638913,11.275105,11.588763,11.541092,2683514.00
02/02/2009,16.389999,16.879999,16.360001,16.690001,11.530730,2488600,-,14.677119,11.220526,11.620198,11.454042,2677140.00
01/30/2009,16.870001,17.000000,16.410000,16.540001,11.427100,1617000,-,14.715428,11.190956,11.672359,11.455423,2679292.00
01/29/2009,17.240000,17.240000,16.520000,16.670000,11.516910,2715600,-,14.752321,11.162630,11.725211,11.455423,2677486.00
01/28/2009,18.260000,18.270000,17.709999,17.950001,12.401236,3771100,-,14.779369,11.140522,11.767700,11.379427,2669888.00
01/27/2009,16.580000,17.070000,16.530001,17.020000,11.758716,2001900,-,14.800337,11.113163,11.741101,11.270959,2672314.00
01/26/2009,16.190001,16.700001,16.110001,16.260000,11.233653,2078500,-,14.824379,11.081245,11.756646,11.217762,2698528.00
01/23/2009,15.150000,16.360001,15.140000,16.219999,11.206017,3105500,-,14.854052,11.072816,11.795681,11.260596,2718052.00
01/22/2009,15.730000,16.200001,15.620000,15.930000,11.005662,2092000,-,14.883346,11.075442,11.834715,11.374591,2714930.00
01/21/2009,16.480000,16.629999,15.920000,16.559999,11.440915,2793000,-,14.913882,11.084285,11.878586,11.498949,2756112.00
01/20/2009,16.510000,16.629999,15.900000,15.950000,11.019479,2256900,-,14.947459,11.072816,11.908294,11.636433,2784492.00
01/16/2009,16.990000,16.990000,16.190001,16.709999,11.544546,2962800,-,14.981654,11.092161,11.948710,11.786354,2808706.00
01/15/2009,16.160000,16.740000,15.920000,16.540001,11.427100,5092200,-,15.013189,11.121592,11.970473,11.889295,2830370.00
01/14/2009,15.900000,15.970000,15.440000,15.570000,10.756948,3851100,-,15.046640,11.137621,12.000526,11.994999,2821926.00
01/13/2009,16.100000,16.639999,16.070000,16.379999,11.316557,2748600,-,15.081263,11.164979,12.043014,12.155973,2810662.00
01/12/2009,16.400000,16.520000,16.100000,16.250000,11.226744,2010300,-,15.109170,11.173823,12.045087,12.211243,2801642.00
01/09/2009,17.379999,17.420000,16.820000,16.879999,11.661994,1866400,-,15.134292,11.178659,12.032306,12.295530,2855586.00
01/08/2009,17.790001,17.870001,17.350000,17.870001,12.345964,2177500,-,15.156114,11.178935,12.003980,12.330765,2889230.00
01/07/2009,17.860001,18.059999,17.500000,17.730000,12.249242,2530500,-,15.175911,11.148536,11.897239,12.294840,2933362.00
01/06/2009,18.280001,18.730000,18.170000,18.549999,12.815760,2723900,-,15.196363,11.120072,11.784281,12.258223,2977202.00
01/05/2009,17.799999,18.270000,17.770000,18.120001,12.518686,1686400,-,15.213336,11.074613,11.632979,12.180154,3037924.00
01/02/2009,17.700001,18.280001,17.510000,18.200001,12.573955,2624500,-,15.229069,11.025699,11.492731,12.111066,3068268.00
12/31/2008,17.820000,18.139999,17.770000,18.070000,12.484140,1430300,-,15.242312,10.992813,11.362501,12.051650,3084522.00
12/30/2008,17.590000,17.980000,17.389999,17.900000,12.366693,1136100,-,15.259240,10.978719,11.228125,12.006052,3212272.00
12/29/2008,17.450001,17.510000,17.030001,17.180000,11.869257,1587800,-,15.273110,10.943070,11.084768,11.930055,3280784.00
12/26/2008,17.340000,17.559999,17.340000,17.469999,12.069613,488000,-,15.291103,10.922343,11.020862,11.878931,3359372.00
12/24/2008,17.270000,17.540001,17.270000,17.389999,12.014343,606400,-,15.311908,10.886003,10.959029,11.769081,3566886.00
12/23/2008,17.639999,17.719999,17.250000,17.350000,11.986709,2102300,-,15.332956,10.847867,10.872669,11.677195,3653540.00
12/22/2008,17.610001,17.610001,16.879999,17.200001,11.883079,2253900,-,15.355742,10.831009,10.791491,11.499639,3665338.00
12/19/2008,17.469999,17.600000,17.200001,17.420000,12.035069,2457300,-,15.376969,10.797571,10.673351,11.310339,3723928.00
12/18/2008,17.670000,17.990000,16.799999,17.120001,11.827804,5760800,-,15.397947,10.759435,10.508923,11.085804,3744728.00
12/17/2008,16.850000,17.670000,16.850000,17.340000,11.979796,3713900,-,15.419382,10.737741,10.375583,10.874396,3771682.00
12/16/2008,16.750000,17.459999,16.540001,17.410000,12.028159,3742100,-,15.440806,10.708310,10.279206,10.673351,3762180.00
12/15/2008,16.900000,16.930000,16.360001,16.799999,11.606725,3199400,-,15.460729,10.689932,10.178338,10.450199,3789440.00
12/12/2008,15.740000,16.530001,15.740000,16.440001,11.358010,2908400,-,15.484802,10.689518,10.118578,10.239481,3796126.00
12/11/2008,16.200001,16.580000,15.630000,15.880000,10.971119,2149400,-,15.510017,10.697256,10.102342,10.162794,3818476.00
12/10/2008,15.550000,16.350000,15.320000,16.059999,11.095478,4201800,-,15.540333,10.724476,10.061926,10.148976,3825002.00
12/09/2008,14.190000,15.160000,14.090000,14.780000,10.211155,3497400,-,15.571798,10.745894,10.047763,10.068144,3824940.00
12/08/2008,14.040000,14.600000,13.990000,14.460000,9.990075,3403600,-,15.606799,10.766758,10.104069,10.083343,3887776.00
12/05/2008,13.890000,14.250000,13.560000,14.170000,9.789721,4388400,-,15.641169,10.824653,10.176957,10.036363,3962742.00
12/04/2008,14.070000,14.470000,13.860000,14.060000,9.713723,3116200,-,15.676813,10.888767,10.230845,9.932041,3954220.00
12/03/2008,13.650000,14.510000,13.650000,14.430000,9.969349,2912100,-,15.712224,10.953847,10.344494,9.876771,3989660.00
12/02/2008,13.910000,14.390000,13.710000,14.180000,9.796631,2894200,-,15.747175,11.017270,10.496833,9.885061,4000848.00
12/01/2008,14.340000,14.440000,13.750000,13.750000,9.499550,2461900,-,15.782512,11.095753,10.618427,9.906478,4026378.00
11/28/2008,15.000000,15.330000,14.970000,15.330000,10.591137,612200,-,15.819232,11.196760,10.749694,9.997674,4068528.00
11/26/2008,14.740000,15.700000,14.650000,15.680000,10.832945,2203600,-,15.852811,11.261564,10.808072,10.041890,4137576.00
11/25/2008,15.230000,15.230000,14.520000,14.890000,10.287152,2539500,-,15.887700,11.309649,10.839853,9.974875,4208212.00
11/24/2008,14.350000,15.250000,14.120000,15.000000,10.363148,2233700,-,15.919290,11.388409,10.909286,10.027382,4262796.00
11/21/2008,13.800000,13.820000,12.930000,13.780000,9.520278,4218000,-,15.952510,11.453904,10.932430,10.124795,4325330.00
11/20/2008,13.180000,13.870000,12.640000,12.660000,8.746496,3499300,-,15.989467,11.540540,10.997718,10.317550,4348304.00
11/19/2008,14.190000,14.400000,13.260000,13.260000,9.161021,2944700,-,16.031179,11.655916,11.087532,10.529649,4364218.00
11/18/2008,14.450000,14.840000,14.070000,14.550000,10.052255,2596200,-,16.071192,11.764384,11.133130,10.812218,4411102.00
11/17/2008,14.920000,15.060000,14.460000,14.490000,10.010801,1526700,-,16.106750,11.852816,11.177001,11.108604,4424350.00
11/14/2008,14.910000,15.730000,14.840000,15.070000,10.411510,2335700,-,16.147759,11.952026,11.265433,11.330375,4460916.00
11/13/2008,14.580000,15.980000,14.010000,15.970000,11.033298,3892400,-,16.190885,12.046261,11.274068,11.501713,4494488.00
11/12/2008,14.870000,15.280000,14.640000,14.710000,10.162793,3312600,-,16.226271,12.129028,11.264051,11.574255,4467610.00
11/11/2008,16.230000,16.270000,15.530000,15.650000,10.812216,3054700,-,16.266010,12.244819,11.268542,11.704830,4454550.00
11/10/2008,17.450001,17.459999,16.240000,16.410000,11.337284,2949400,-,16.304987,12.360057,11.233307,11.791190,4443974.00
11/07/2008,16.400000,16.910000,16.129999,16.570000,11.447824,4151100,-,16.342565,12.460096,11.223635,11.740065,4418426.00
11/06/2008,16.940001,17.110001,15.670000,15.730000,10.867488,4212000,-,16.379079,12.569807,11.161801,11.677886,4363312.00
11/05/2008,18.070000,18.469999,17.299999,17.350000,11.986709,3467600,-,16.422548,12.686980,11.124839,11.645415,4336076.00
11/04/2008,18.180000,19.070000,18.030001,18.840000,13.016114,4046000,-,16.452588,12.775136,11.062661,11.454042,4297928.00
11/03/2008,17.389999,17.780001,17.219999,17.700001,12.228516,4670000,-,16.474382,12.837176,10.937266,11.245397,4245160.00
10/31/2008,16.540001,17.910000,16.459999,17.549999,12.124886,3287900,-,16.501680,12.918424,10.881305,11.200490,4177234.00
10/30/2008,16.850000,17.160000,16.370001,17.020000,11.758716,2297600,-,16.528339,13.002572,10.854361,11.046424,4172234.00
10/29/2008,16.490000,17.090000,16.290001,16.600000,11.468550,4707500,-,16.556726,13.086997,10.853670,10.953847,4173356.00
10/28/2008,15.900000,16.920000,15.300000,16.900000,11.675814,3548600,-,16.593239,13.180957,10.896850,10.832253,4128608.00
10/27/2008,16.290001,16.490000,15.540000,15.670000,10.826035,4384100,-,16.631202,13.279476,10.921376,10.675424,4083878.00
10/24/2008,14.200000,16.100000,14.140000,15.670000,10.826035,4722500,-,16.668612,13.403557,10.942793,10.707204,4020428.00
10/23/2008,15.160000,15.460000,14.460000,15.260000,10.542776,5760000,-,16.709052,13.527362,11.045734,10.645716,3986976.00
10/22/2008,15.340000,15.610000,14.300000,14.580000,10.072979,3203600,-,16.752680,13.664708,11.168364,10.604264,3915952.00
10/21/2008,16.219999,16.730000,15.800000,15.820000,10.929667,3437200,-,16.797193,13.806338,11.313103,10.671279,3903636.00
10/20/2008,15.830000,17.250000,15.770000,17.049999,11.779443,7817800,-,16.838477,13.926136,11.423643,10.629135,3883952.00
10/17/2008,14.990000,16.450001,14.660000,15.320000,10.584228,4561700,-,16.875718,14.021891,11.520712,10.562120,3791584.00
10/16/2008,15.040000,15.770000,14.220000,15.680000,10.832945,5517200,-,16.924791,14.144315,11.718993,10.662297,3728250.00
10/15/2008,14.210000,15.710000,14.210000,14.840000,10.252607,10863700,-,16.974392,14.262040,11.868913,10.753493,3687916.00
10/14/2008,15.520000,15.660000,14.310000,14.630000,10.107524,4939100,-,17.029688,14.389576,12.018143,10.961447,3521482.00
10/13/2008,15.690000,16.170000,15.080000,16.129999,11.143839,2692200,-,17.086730,14.501083,12.224024,11.167328,3472502.00
10/10/2008,14.690000,15.480000,13.910000,14.780000,10.211155,5183400,-,17.138046,14.588410,12.348727,11.178382,3470696.00
10/09/2008,16.059999,16.100000,14.500000,14.660000,10.128250,3497300,-,17.196238,14.699089,12.530773,11.445751,3453938.00
10/08/2008,15.840000,16.500000,15.120000,15.550000,10.743132,7108500,-,17.254880,14.821650,12.750126,11.732465,3445926.00
10/07/2008,16.790001,16.840000,15.210000,15.210000,10.508232,3238800,-,17.309970,14.926249,12.942190,11.954927,3354452.00
10/06/2008,16.799999,16.870001,15.330000,16.080000,11.109292,5105100,-,17.366269,15.026840,13.140471,12.218151,3331978.00
10/03/2008,17.090000,17.660000,16.760000,16.770000,11.585999,3533700,-,17.421231,15.120938,13.333571,12.479303,3273152.00
10/02/2008,17.950001,17.959999,17.000000,17.000000,11.744902,4025900,-,17.475240,15.197625,13.510436,12.775689,3278500.00
10/01/2008,17.709999,17.959999,17.400000,17.850000,12.332148,2475700,-,17.529067,15.281359,13.681773,12.984334,3263852.00
09/30/2008,17.620001,17.750000,17.260000,17.610001,12.166336,4198700,-,17.583943,15.355283,13.862782,13.074838,3283586.00
09/29/2008,17.680000,17.750000,16.129999,16.290001,11.254378,6639200,-,17.641350,15.439846,14.083172,13.280719,3264968.00
09/26/2008,18.340000,18.820000,18.309999,18.650000,12.884847,7151900,-,17.702092,15.539885,14.337414,13.519072,3181196.00
09/25/2008,19.190001,19.219999,18.740000,18.809999,12.995388,3962300,-,17.751990,15.604137,14.539841,13.615794,3169340.00
09/24/2008,19.170000,19.180000,18.670000,18.770000,12.967753,4888200,-,17.806785,15.658301,14.726378,13.767787,3382070.00
09/23/2008,20.010000,20.010000,18.980000,19.020000,13.140471,3471500,-,17.860390,15.725040,14.897715,13.929452,3391190.00
09/22/2008,20.690001,20.799999,19.850000,19.860001,13.720809,4170700,-,17.913812,15.778514,15.046599,14.062791,3373170.00
09/19/2008,21.059999,21.690001,20.850000,21.059999,14.549857,4569400,-,17.963549,15.817479,15.175102,14.187840,3361132.00
09/18/2008,19.459999,20.280001,19.000000,20.020000,13.831348,4064600,-,18.004646,15.841522,15.264225,14.245183,3323240.00
09/17/2008,19.440001,19.639999,18.719999,19.160000,13.237195,5735400,-,18.050868,15.877724,15.371657,14.379212,3307090.00
09/16/2008,19.790001,20.700001,19.790001,20.590000,14.225146,5268700,-,18.103023,15.929678,15.518122,14.650727,3296288.00
09/15/2008,19.809999,20.299999,19.680000,19.740000,13.637901,5360400,-,18.148059,15.974446,15.636953,14.885625,3223942.00
09/12/2008,20.379999,20.379999,19.820000,20.049999,13.852072,5366700,-,18.198211,16.031236,15.806563,15.155757,3161402.00
09/11/2008,20.590000,21.059999,20.510000,21.010000,14.515317,4295000,-,18.241877,16.078630,15.964774,15.463888,3126098.00
09/10/2008,21.040001,21.330000,20.820000,21.110001,14.584406,5288900,-,18.281920,16.126301,16.109513,15.684969,3129442.00
09/09/2008,21.370001,21.540001,20.860001,20.950001,14.473861,3258600,-,18.322436,16.171761,16.238015,15.865978,3061098.00
09/08/2008,21.959999,22.100000,21.240000,21.670000,14.971293,3355000,-,18.363299,16.221918,16.360301,16.030407,3076594.00
09/05/2008,21.299999,22.010000,21.270000,21.889999,15.123285,4014300,-,18.400791,16.257291,16.440097,16.162365,3065894.00
09/04/2008,22.400000,22.590000,21.860001,21.959999,15.171646,2548500,-,18.434866,16.300264,16.519203,16.283268,3124716.00
09/03/2008,23.600000,23.750000,23.000000,23.090000,15.952337,2659600,-,18.471491,16.341578,16.596581,16.364101,3263664.00
09/02/2008,24.610001,24.670000,23.850000,23.990000,16.574127,2525900,-,18.504111,16.359679,16.630434,16.385518,3271834.00
08/29/2008,24.090000,24.150000,23.610001,23.650000,16.339228,1672000,-,18.535870,16.371010,16.585872,16.388281,3307510.00
08/28/2008,24.559999,24.620001,24.389999,24.510000,16.933382,1395400,-,18.567986,16.404448,16.544420,16.457369,3422828.00
08/27/2008,23.760000,24.240000,23.639999,24.209999,16.726120,2850200,-,18.596654,16.437610,16.485005,16.465660,3449224.00
08/26/2008,23.799999,23.950001,23.559999,23.730000,16.394497,1560200,-,18.627516,16.488459,16.461515,16.534056,3420392.00
08/25/2008,23.670000,23.719999,23.330000,23.330000,16.118153,1407600,-,18.661501,16.546907,16.440443,16.610053,3415368.00
08/22/2008,23.520000,23.760000,23.420000,23.580000,16.290871,1273700,-,18.696902,16.601486,16.411426,16.690195,3414718.00
08/21/2008,23.330000,23.770000,23.230000,23.639999,16.332323,3037900,-,18.732563,16.650262,16.387591,16.717830,3425964.00
08/20/2008,23.360001,23.459999,22.950001,23.129999,15.979971,2353700,-,18.768493,16.693373,16.341993,16.755137,3397106.00
08/19/2008,23.590000,23.770000,23.290001,23.400000,16.166506,2470100,-,18.806628,16.746432,16.339575,16.829061,3415272.00
08/18/2008,24.209999,24.410000,23.709999,24.030001,16.601763,1312100,-,18.842060,16.806815,16.332666,16.875350,3396270.00
08/15/2008,24.600000,24.760000,24.389999,24.650000,17.030107,1211600,-,18.877971,16.861256,16.322303,16.783464,3402126.00
08/14/2008,24.520000,24.799999,24.469999,24.629999,17.016287,3049900,-,18.912320,16.924125,16.283614,16.631470,3417356.00
08/13/2008,24.969999,25.309999,24.879999,25.200001,17.410088,2208800,-,18.947282,16.989482,16.237671,16.504350,3393038.00
08/12/2008,24.760000,24.990000,24.510000,24.830000,17.154465,2587800,-,18.977552,17.046411,16.152347,16.388973,3375178.00
08/11/2008,24.230000,24.700001,24.200001,24.490000,16.919567,2453000,-,19.011517,17.105964,16.109858,16.270833,3354932.00
08/08/2008,23.010000,24.070000,22.969999,23.980000,16.567219,3199400,-,19.048802,17.181546,16.054588,16.132658,3326782.00
08/07/2008,24.209999,24.590000,24.059999,24.180000,16.705397,1395000,-,19.086623,17.259477,16.009681,16.057352,3290816.00
08/06/2008,24.260000,24.299999,23.900000,24.200001,16.719212,3500500,-,19.121574,17.335612,15.962011,15.928849,3293028.00
08/05/2008,23.530001,24.110001,23.410000,24.070000,16.629398,2542000,-,19.154446,17.409673,15.908122,15.850089,3266072.00
08/04/2008,22.799999,22.930000,22.670000,22.700001,15.682897,2490100,-,19.192024,17.478485,15.868397,15.789982,3322976.00
08/01/2008,22.930000,22.969999,22.360001,22.450001,15.510175,2601900,-,19.232155,17.575760,15.907431,15.861142,3325486.00
07/31/2008,22.969999,23.440001,22.730000,22.790001,15.745080,4345500,-,19.264432,17.673312,15.955793,15.935757,3315300.00
07/30/2008,23.290001,23.730000,23.270000,23.530001,16.256323,3096700,-,19.293048,17.772107,15.979627,15.970992,3285122.00
07/29/2008,22.719999,23.160000,22.639999,23.120001,15.973063,2534800,-,19.317882,17.858882,16.011753,15.915721,3265054.00
07/28/2008,23.080000,23.100000,22.430000,22.490000,15.537812,2115100,-,19.342565,17.958091,16.055969,15.948884,3271800.00
07/25/2008,22.760000,23.100000,22.620001,22.889999,15.814164,2163800,-,19.372048,18.064072,16.128166,15.976519,3312954.00
07/24/2008,22.790001,22.820000,22.170000,22.320000,15.420364,3801100,-,19.401681,18.154162,16.174455,15.962010,3333678.00
07/23/2008,23.200001,23.590000,22.959999,23.059999,15.931611,3293500,-,19.434747,18.248812,16.267032,15.995172,3348986.00
07/22/2008,22.990000,23.510000,22.860001,23.200001,16.028334,3462400,-,19.465870,18.334895,16.332320,15.966155,3358754.00
07/21/2008,24.000000,24.080000,23.620001,23.730000,16.394497,3267800,-,19.496407,18.417110,16.373773,15.946811,3324160.00
07/18/2008,23.420000,23.730000,22.850000,23.530001,16.256323,2450600,-,19.526918,18.496975,16.411081,15.953720,3348276.00
07/17/2008,22.799999,23.400000,22.450001,23.299999,16.097424,6559100,-,19.561288,18.580986,16.498822,15.975828,3430872.00
07/16/2008,21.870001,23.330000,21.530001,22.730000,15.703622,14598800,-,19.597201,18.669142,16.623525,15.988263,3378588.00
07/15/2008,23.540001,24.400000,22.920000,23.600000,16.304686,5344200,-,19.634904,18.753567,16.801771,16.107785,3134904.00
07/14/2008,22.889999,23.080000,22.700001,22.889999,15.814164,2570500,-,19.668010,18.836334,16.952382,16.163055,3061542.00
07/11/2008,22.590000,22.980000,22.350000,22.680000,15.669081,3568800,-,19.704630,18.919653,17.104030,16.279813,3041178.00
07/10/2008,22.500000,22.889999,22.400000,22.799999,15.751983,2674800,-,19.743108,18.998137,17.257059,16.386899,3004384.00
07/09/2008,23.459999,23.490000,22.639999,22.639999,15.641439,3257100,-,19.778164,19.072061,17.393853,16.538892,3033138.00
07/08/2008,23.129999,23.379999,22.740000,22.920000,15.834891,5195300,-,19.813066,19.153999,17.543428,16.698485,3042168.00
07/07/2008,24.049999,24.280001,23.520000,23.830000,16.463587,1651400,-,19.844701,19.243399,17.710965,16.800735,3013078.00
07/03/2008,24.059999,24.209999,23.590000,23.850000,16.477404,2233400,-,19.872168,19.318151,17.853977,16.868441,3103438.00
07/02/2008,24.549999,24.600000,23.459999,23.480000,16.221775,3601500,-,19.899494,19.395944,18.038786,17.021816,3167096.00
07/01/2008,24.059999,24.620001,23.860001,24.459999,16.898838,4462200,-,19.922935,19.453011,18.241904,17.258787,3186698.00
06/30/2008,24.559999,24.730000,24.379999,24.400000,16.857391,1871700,-,19.944724,19.498332,18.409787,17.495758,3155764.00
06/27/2008,24.250000,24.730000,23.990000,24.580000,16.981743,4033400,-,19.967108,19.551806,18.573525,17.741710,3208602.00
06/26/2008,24.809999,24.860001,24.180000,24.230000,16.739941,2820000,-,19.991100,19.596022,18.759371,17.928247,3264090.00
06/25/2008,24.770000,25.320000,24.700001,25.000000,17.271912,6955400,-,20.016406,19.637336,18.945562,18.127219,3383030.00
06/24/2008,25.590000,25.770000,24.879999,24.950001,17.237370,9495900,-,20.038204,19.630428,19.107572,18.248813,3295086.00
06/23/2008,24.850000,25.000000,24.350000,24.400000,16.857391,3068100,-,20.060316,19.617577,19.266819,18.388370,3140192.00
06/20/2008,25.450001,25.510000,24.740000,24.809999,17.140650,4309700,-,20.087299,19.611774,19.427448,18.621195,3111006.00
06/19/2008,26.250000,26.320000,25.299999,26.070000,18.011150,7437900,-,20.109682,19.612327,19.597749,18.839512,3081506.00
06/18/2008,27.250000,27.480000,26.900000,26.910000,18.591486,2715200,-,20.127854,19.593397,19.716580,19.055756,3038132.00
06/17/2008,28.440001,28.459999,27.850000,27.889999,19.268545,1408600,-,20.139836,19.563827,19.821247,19.225021,3136308.00
06/16/2008,27.549999,28.049999,27.540001,27.959999,19.316908,1309000,-,20.146876,19.541581,19.887572,19.323816,3149802.00
06/13/2008,27.129999,27.490000,26.990000,27.280001,18.847115,1375100,-,20.153744,19.512412,19.968404,19.405340,3176120.00
06/12/2008,27.020000,27.520000,26.990000,27.110001,18.729660,1836000,-,20.159461,19.492503,20.067890,19.590494,3206830.00
06/11/2008,27.190001,27.219999,26.709999,26.760000,18.487856,1595000,-,20.167957,19.480255,20.147341,19.763905,3246976.00
06/10/2008,26.959999,27.170000,26.760000,26.969999,18.632938,3262000,-,20.177627,19.464126,20.230592,19.966331,3286452.00
06/09/2008,28.370001,28.420000,27.400000,27.770000,19.185642,1520000,-,20.184874,19.429430,20.310734,20.145268,3269292.00
06/06/2008,28.639999,28.650000,27.969999,27.969999,19.323816,1604900,-,20.189322,19.370738,20.358404,20.233701,3315034.00
06/05/2008,29.260000,29.320000,28.860001,29.200001,20.173594,1973100,-,20.191487,19.304788,20.411601,20.355986,3345378.00
06/04/2008,29.160000,29.799999,29.139999,29.360001,20.284136,1834000,-,20.187742,19.227427,20.425764,20.377403,3344798.00
06/03/2008,29.559999,29.680000,29.120001,29.320000,20.256500,1315800,-,20.180685,19.148537,20.436818,20.417474,3334194.00
06/02/2008,29.209999,29.379999,28.950001,29.139999,20.132141,1575500,-,20.173624,19.067611,20.420237,20.451327,3337140.00
05/30/2008,29.790001,30.020000,29.700001,29.959999,20.698660,1045500,-,20.167362,18.978274,20.435782,20.531469,3340580.00
05/29/2008,29.180000,29.709999,29.160000,29.620001,20.463764,1401100,-,20.163715,18.868753,20.399857,20.545286,3398284.00
05/28/2008,29.700001,29.770000,29.290001,29.690001,20.512121,1505600,-,20.161171,18.776871,20.356331,20.530778,3444712.00
05/27/2008,29.010000,29.590000,29.010000,29.559999,20.422310,2152700,-,20.157996,18.669446,20.303134,20.494852,3460932.00
05/23/2008,28.959999,29.209999,28.690001,29.049999,20.069965,5387200,-,20.157605,18.570356,20.268936,20.476199,3510546.00
05/22/2008,29.870001,30.250000,29.379999,29.740000,20.546669,2615600,-,20.161734,18.493569,20.280681,20.483107,3466112.00
05/21/2008,29.770000,30.070000,29.490000,29.510000,20.387768,2092600,-,20.162418,18.407112,20.263409,20.467217,3437408.00
05/20/2008,29.600000,30.010000,29.590000,29.940001,20.684841,2836600,-,20.164251,18.330236,20.262372,20.474125,3419222.00
05/19/2008,30.190001,30.350000,29.709999,29.809999,20.595032,2093300,-,20.162936,18.239109,20.181885,20.456163,3397426.00
05/16/2008,30.139999,30.389999,29.580000,30.299999,20.933558,2872100,-,20.164299,18.151821,20.110380,20.389147,3380790.00
05/15/2008,29.760000,30.180000,29.650000,30.160000,20.836836,4172800,-,20.164747,18.055447,20.040256,20.340095,3361176.00
05/14/2008,29.450001,29.780001,29.290001,29.410000,20.318680,3200000,-,20.165112,17.964004,19.958041,20.254427,3333510.00
05/13/2008,28.940001,29.250000,28.870001,29.170000,20.152864,4566500,-,20.169200,17.877884,19.882390,20.181885,3320396.00
05/12/2008,29.160000,29.420000,29.080000,29.290001,20.235773,3781900,-,20.171925,17.803253,19.721071,20.111416,3314110.00
05/09/2008,29.240000,29.469999,29.070000,29.150000,20.139048,1732700,-,20.176887,17.726556,19.539025,20.061674,3278382.00
05/08/2008,29.389999,29.580000,29.150000,29.510000,20.387768,4473600,-,20.184420,17.664462,19.360433,20.078255,3283254.00
05/07/2008,30.120001,30.280001,29.469999,29.610001,20.456854,6580400,-,20.189294,17.604477,19.199459,20.059601,3241334.00
05/06/2008,29.129999,29.820000,29.070000,29.680000,20.505215,3944900,-,20.194531,17.539568,19.029849,20.050619,3154114.00
05/05/2008,29.070000,29.150000,28.760000,28.840000,19.924879,2414600,-,20.199065,17.466745,18.860239,19.907608,3117802.00
05/02/2008,29.299999,29.709999,29.299999,29.590000,20.443037,1676100,-,20.206820,17.406618,18.771807,19.831612,3111662.00
05/01/2008,28.600000,29.180000,28.200001,28.920000,19.980150,1552300,-,20.207988,17.333677,18.642578,19.740416,3139258.00
04/30/2008,28.360001,28.760000,28.160000,28.360001,19.593262,1729100,-,20.213874,17.273262,18.536154,19.661655,3143314.00
04/29/2008,28.320000,28.389999,27.900000,28.150000,19.448179,4112500,-,20.217169,17.218678,18.462355,19.582895,3136942.00
04/28/2008,29.080000,29.170000,28.549999,28.570000,19.738344,3708600,-,20.221224,17.166587,18.374015,19.330725,3095846.00
04/25/2008,29.680000,29.680000,28.860001,29.389999,20.304861,3740800,-,20.223439,17.117956,18.232003,19.016376,3042176.00
04/24/2008,28.879999,29.540001,28.620001,29.240000,20.201227,6169400,-,20.219779,17.068074,18.029314,18.642612,3055846.00
04/23/2008,28.389999,29.660000,28.389999,29.480000,20.367039,5416300,-,20.217381,16.996154,17.820567,18.339318,2996630.00
04/22/2008,27.400000,27.709999,27.160000,27.610001,19.075104,4581600,-,20.215568,16.928955,17.617493,18.009079,2957874.00
04/21/2008,27.639999,27.809999,27.510000,27.740000,19.164913,2915500,-,20.219756,16.885688,17.480719,17.812870,2946972.00
04/18/2008,28.110001,28.270000,27.820000,28.270000,19.531078,4513600,-,20.223317,16.844166,17.332983,17.712002,2948816.00
04/17/2008,26.969999,27.940001,26.930000,27.780001,19.192547,6807800,-,20.225366,16.796820,17.139696,17.544741,2894758.00
04/16/2008,25.500000,27.340000,25.500000,27.219999,18.805662,8767000,-,20.229142,16.756244,16.941199,17.410652,2846344.00
04/15/2008,24.379999,24.540001,23.920000,24.500000,16.926476,2558200,-,20.232201,16.744383,16.794398,17.341814,2736464.00
04/14/2008,24.090000,24.350000,23.930000,24.020000,16.594852,1751200,-,20.245115,16.786589,16.705118,17.417305,2740206.00
04/11/2008,24.510000,24.580000,23.860001,23.980000,16.567219,1608800,-,20.259653,16.816901,16.648766,17.447631,2795324.00
04/10/2008,24.430000,25.270000,24.219999,24.850000,17.168285,2834700,-,20.272736,16.847767,16.631937,17.416016,2842890.00
04/09/2008,24.750000,24.840000,24.330000,24.700001,17.064651,5269200,-,20.284088,16.876554,16.584714,17.301817,2814618.00
04/08/2008,24.780001,24.850000,24.500000,24.770000,17.113014,7624000,-,20.297478,16.912319,16.558678,17.225908,2749952.00
04/07/2008,25.990000,26.590000,25.990000,26.280001,18.156239,2083300,-,20.308965,16.945073,16.509451,17.148568,2638308.00
04/04/2008,26.010000,26.420000,25.799999,26.219999,17.858465,2624900,-,20.313043,16.973172,16.413171,16.953964,2742712.00
04/03/2008,25.790001,26.459999,25.770000,26.209999,17.851652,2910600,-,20.319811,16.975897,16.325990,16.734650,2759250.00
04/02/2008,25.990000,26.719999,25.850000,26.600000,18.117285,3843300,-,20.326791,16.966362,16.246642,16.471746,2778598.00
04/01/2008,25.320000,26.059999,25.219999,25.959999,17.681383,3568800,-,20.330462,16.957780,16.141412,16.246982,2820646.00
03/31/2008,24.370001,24.910000,24.309999,24.809999,16.898117,2404000,-,20.332882,16.953285,16.078410,15.992932,2831238.00
03/28/2008,23.889999,24.150000,23.730000,23.860001,16.251066,3807100,-,20.338652,16.964046,16.053550,15.849900,3070300.00
03/27/2008,24.110001,24.120001,23.530001,23.530001,16.026300,3122100,-,20.345960,17.014447,16.092714,15.847857,3052928.00
03/26/2008,23.969999,24.110001,23.740000,23.940001,16.305557,1944100,-,20.356089,17.079288,16.160824,15.867610,3051150.00
03/25/2008,23.870001,24.160000,23.620001,23.990000,16.339615,1303800,-,20.365424,17.119337,16.206117,15.891448,3046870.00
03/24/2008,23.209999,24.209999,23.030001,23.799999,16.210203,1463100,-,20.372430,17.170828,16.232340,15.870334,3060300.00
03/20/2008,22.450001,23.030001,22.309999,23.000000,15.665321,1747500,-,20.379801,17.231991,16.267757,15.872378,3107250.00
03/19/2008,22.639999,23.100000,22.350000,22.350000,15.222609,3930700,-,20.391027,17.298194,16.324288,15.917330,3117128.00
03/18/2008,22.580000,23.450001,22.570000,23.299999,15.869652,3722500,-,20.406272,17.377474,16.411129,16.021538,3130562.00
03/17/2008,22.209999,22.700001,21.840000,22.230000,15.140875,2316600,-,20.419801,17.444631,16.460849,16.035842,3173422.00
03/14/2008,23.750000,23.790001,22.440001,22.709999,15.467805,4633400,-,20.435242,17.549793,16.545987,16.163889,3200170.00
03/13/2008,23.150000,23.980000,22.950001,23.830000,16.230637,3165500,-,20.445228,17.655500,16.637935,16.257200,3191482.00
03/12/2008,24.200001,24.260000,23.790001,23.820000,16.223824,1180400,-,20.451825,17.757120,16.716943,16.337570,3150752.00
03/11/2008,24.260000,24.350000,23.690001,24.290001,16.543945,1183300,-,20.458207,17.862963,16.736014,16.454039,3140744.00
03/10/2008,24.030001,24.070000,23.639999,23.680000,16.128473,1746800,-,20.463061,17.960224,16.759171,16.520786,3144164.00
03/07/2008,23.629999,24.320000,23.540001,23.830000,16.230637,1261500,-,20.470769,18.074649,16.798334,16.594345,3133118.00
03/06/2008,24.059999,24.120001,23.620001,23.660000,16.114849,1891400,-,20.479311,18.187167,16.841244,16.663136,3123588.00
03/05/2008,23.670000,24.120001,23.570000,23.879999,16.264688,2789500,-,20.488290,18.300094,16.893688,16.731246,3128980.00
03/04/2008,23.469999,23.639999,22.990000,23.510000,16.012684,2544300,-,20.497192,18.410159,16.938641,16.800719,3137076.00
03/03/2008,23.870001,24.309999,23.730000,24.110001,16.421349,4252200,-,20.507318,18.531940,17.048639,16.885857,3161454.00
02/29/2008,24.430000,24.510000,23.980000,24.080000,16.400913,1995500,-,20.515083,18.651269,17.179410,16.928085,3157182.00
02/28/2008,25.410000,25.430000,24.830000,25.010000,17.034336,1976300,-,20.524082,18.773459,17.264888,17.018671,3181258.00
02/27/2008,25.330000,25.680000,25.209999,25.530001,17.388512,2377600,-,20.530657,18.898917,17.318695,17.096316,3162344.00
02/26/2008,24.840000,25.570000,24.780001,25.270000,17.211422,2219400,-,20.535885,19.024104,17.379653,17.017989,3150194.00
02/25/2008,24.670000,24.850000,24.330000,24.760000,16.864061,2129300,-,20.540442,19.147928,17.461726,16.997556,3158530.00
02/22/2008,24.740000,24.840000,24.240000,24.840000,16.918549,2107600,-,20.550415,19.267938,17.556058,17.002323,3158274.00
02/21/2008,25.190001,25.389999,24.600000,24.660000,16.795948,3055900,-,20.560575,19.408653,17.688192,17.019351,3153342.00
02/20/2008,24.530001,25.030001,24.350000,24.900000,16.959415,1755100,-,20.573045,19.546508,17.748129,17.056131,3129656.00
02/19/2008,25.280001,25.330000,24.700001,24.760000,16.864061,1410500,-,20.585300,19.683818,17.768902,17.076563,3130304.00
02/15/2008,24.930000,24.990000,24.540001,24.730000,16.843628,2057700,-,20.597501,19.819902,17.810109,17.211421,3128480.00
02/14/2008,26.180000,26.219999,25.400000,25.410000,17.306776,1025100,-,20.609556,19.938414,17.840759,17.430735,3121366.00
02/13/2008,25.120001,26.370001,25.120001,26.150000,17.810791,4424300,-,20.619967,20.053792,17.847229,17.511105,3120182.00
02/12/2008,24.600000,24.809999,24.330000,24.379999,16.605238,3208600,-,20.627293,20.170942,17.895247,17.541073,3062638.00
02/11/2008,24.770000,25.100000,24.690001,24.969999,17.007090,3478500,-,20.640859,20.303484,18.028402,17.741317,3065198.00
02/08/2008,24.709999,25.070000,24.549999,24.830000,16.911737,4036500,-,20.653193,20.436707,18.093447,17.925896,3027748.00
02/07/2008,24.520000,25.260000,24.430000,25.090000,17.088829,3007700,-,20.666676,20.550179,18.193569,18.109793,3005134.00
02/06/2008,25.410000,25.850000,25.110001,25.200001,17.163740,1810700,-,20.679946,20.658882,18.302545,18.357033,2974352.00
02/05/2008,25.840000,26.110001,25.170000,25.200001,17.163740,4387100,-,20.691356,20.769357,18.393132,18.440127,2949810.00
02/04/2008,26.840000,27.100000,26.670000,26.740000,18.212637,3273000,-,20.703862,20.879014,18.494276,18.461242,2905290.00
02/01/2008,26.719999,27.990000,26.639999,27.950001,19.036770,2745300,-,20.709567,20.964152,18.545018,18.408797,2867702.00
01/31/2008,25.459999,26.799999,25.459999,26.590000,18.110476,4507100,-,20.711329,21.022182,18.613128,18.250783,2834668.00
01/30/2008,26.490000,27.180000,26.150000,26.590000,18.110476,3987100,-,20.713089,21.109908,18.745261,18.183354,2773816.00
01/29/2008,27.559999,27.629999,27.080000,27.320000,18.607677,1421100,-,20.714672,21.197225,18.905320,18.249420,2738964.00
01/28/2008,27.309999,27.700001,27.110001,27.680000,18.852877,2035900,-,20.712814,21.283588,19.050735,18.315487,2729374.00
01/25/2008,28.850000,28.969999,27.430000,27.530001,18.750713,2041800,-,20.710154,21.361778,19.178442,18.260999,2779430.00
01/24/2008,27.280001,28.780001,27.280001,28.719999,19.561220,7303500,-,20.705777,21.440105,19.333392,18.277345,2769810.00
01/23/2008,24.870001,26.420000,24.629999,26.420000,17.994686,3451800,-,20.698656,21.506853,19.448157,18.248058,2650386.00
01/22/2008,24.570000,25.760000,24.559999,25.510000,17.374887,3878000,-,20.699156,21.610789,19.636482,18.346136,2623368.00
01/18/2008,25.610001,26.139999,25.400000,25.969999,17.688192,5945700,-,20.703108,21.727257,19.856137,18.527309,2580986.00
01/17/2008,26.160000,26.790001,25.600000,25.629999,17.456621,4098400,-,20.703867,21.841955,20.076814,18.681238,2505818.00
01/16/2008,24.889999,26.500000,24.610001,25.600000,17.436186,14357100,-,20.705147,21.963190,20.323372,18.975473,2447304.00
01/15/2008,27.790001,27.940001,27.170000,27.559999,18.771143,2938500,-,20.705928,22.086606,20.577082,19.307169,2185892.00
01/14/2008,28.000000,28.389999,27.799999,28.290001,19.268347,3033200,-,20.699609,22.176239,20.803888,19.561220,2153484.00
01/11/2008,26.879999,27.240000,26.770000,26.879999,18.307993,1730100,-,20.690451,22.266553,21.022862,19.785983,2126408.00
01/10/2008,27.450001,27.920000,27.290001,27.770000,18.914177,1975300,-,20.684645,22.378390,21.277594,20.095884,2117274.00
01/09/2008,27.930000,28.360001,27.549999,28.290001,19.268347,3810600,-,20.676409,22.480282,21.475113,20.389438,2098190.00
01/08/2008,28.590000,28.889999,27.780001,27.860001,18.975471,2241400,-,20.668029,22.564194,21.709412,20.648257,2044146.00
01/07/2008,27.809999,28.219999,27.660000,28.170000,19.186615,4602400,-,20.660335,22.663635,21.945073,20.926827,2049456.00
01/04/2008,30.020000,30.030001,28.150000,28.230000,19.227482,5865500,-,20.650737,22.767435,22.176988,21.184964,2008274.00
01/03/2008,30.299999,30.379999,29.940001,29.950001,20.398973,3654000,-,20.641783,22.865513,22.399027,21.472389,1945272.00
01/02/2008,31.410000,31.420000,30.430000,30.469999,20.753145,4199000,-,20.624709,22.931444,22.517538,21.671271,1891148.00
12/31/2007,31.620001,31.740000,31.209999,31.290001,21.311649,1129000,-,20.604307,22.982254,22.633666,21.846994,1830470.00
12/28/2007,31.850000,31.930000,31.500000,31.590000,21.515980,680000,-,20.581502,23.038922,22.751497,22.046557,1834902.00
12/27/2007,32.029999,32.049999,31.320000,31.430000,21.407001,1354300,-,20.556224,23.082785,22.837316,22.259741,1898006.00
12/26/2007,31.860001,32.200001,31.799999,32.080002,21.849718,1194500,-,20.530643,23.093955,22.950379,22.459304,1924348.00
12/24/2007,31.950001,32.150002,31.719999,32.090000,21.856531,785000,-,20.502354,23.086326,22.987158,22.560788,1949598.00
12/21/2007,32.090000,32.180000,31.879999,31.950001,21.761177,2161000,-,20.476930,23.073658,23.020532,22.770567,1984500.00
12/20/2007,32.349998,32.349998,31.740000,31.959999,21.767984,3194300,-,20.450427,23.056630,23.066847,22.963319,1977820.00
12/19/2007,32.990002,33.299999,32.020000,32.450001,22.101730,3763200,-,20.424173,23.049956,23.110778,23.169011,1958848.00
12/18/2007,33.369999,33.490002,32.549999,32.869999,22.387789,4038600,-,20.395154,23.042736,23.129167,23.325665,1958418.00
12/17/2007,34.020000,34.130001,32.980000,33.049999,22.510384,3199300,-,20.365128,23.035653,23.106691,23.363806,1912324.00
12/14/2007,34.509998,34.630001,34.220001,34.220001,23.307272,1030600,-,20.333606,23.028569,23.106010,23.420338,1875158.00
12/13/2007,34.779999,34.930000,34.209999,34.720001,23.647821,1770100,-,20.299549,23.005140,23.064463,23.456437,1884884.00
12/12/2007,34.450001,34.509998,33.889999,34.360001,23.402630,2636200,-,20.265700,22.982118,23.028365,23.414891,1887936.00
12/11/2007,35.150002,35.200001,33.540001,33.570000,22.864561,2116500,-,20.235623,22.976670,22.996353,23.441454,1867484.00
12/10/2007,35.189999,35.340000,34.970001,35.169998,23.954321,1861000,-,20.207847,22.984979,22.986477,23.413529,1854506.00
12/07/2007,35.000000,35.029999,34.660000,34.779999,23.688694,1871600,-,20.177947,22.970778,22.933691,23.270498,1874983.78
12/06/2007,34.299999,35.040001,34.299999,34.980000,23.824913,1787500,-,20.150613,22.955523,22.908831,23.170375,1888582.90
12/05/2007,34.669998,34.889999,34.480000,34.750000,23.668262,1319300,-,20.121714,22.941788,22.877501,23.052544,1888738.68
12/04/2007,33.680000,33.740002,33.430000,33.430000,22.769205,1702000,-,20.093634,22.935714,22.865241,22.932670,1913197.12
12/03/2007,34.480000,34.590000,33.750000,33.880001,23.075705,965900,-,20.071003,22.935595,22.902701,22.849576,1920360.68
11/30/2007,35.189999,35.290001,34.500000,34.750000,23.668262,1547100,-,20.047725,22.926516,22.929264,22.791682,1932514.68
11/29/2007,33.910000,34.220001,33.810001,34.110001,23.232357,3336600,-,20.020741,22.896391,22.908490,22.672488,1955322.02
11/28/2007,33.740002,34.820000,33.740002,34.750000,23.668262,1606000,-,19.996537,22.870881,22.936074,22.641838,1916634.46
11/27/2007,33.250000,33.480000,32.680000,33.160000,22.585306,2905800,-,19.966193,22.836370,22.947653,22.551251,1927222.02
11/26/2007,34.119999,34.160000,33.070000,33.070000,22.524008,1468600,-,19.940840,22.802863,23.018828,22.559425,1904496.24
11/23/2007,33.380001,33.520000,33.209999,33.310001,22.687471,583600,-,19.917242,22.777514,23.065824,22.596885,1900062.90
11/21/2007,33.599998,33.709999,32.700001,33.250000,22.646603,2161100,-,19.894773,22.750452,23.128826,22.647288,1974488.68
11/20/2007,33.270000,33.389999,32.480000,32.990002,22.469522,1393600,-,19.872296,22.733120,23.215327,22.702457,1994383.12
11/19/2007,32.720001,32.840000,32.099998,32.209999,21.938263,1093600,-,19.849254,22.719754,23.298421,22.797811,1992287.12
11/16/2007,32.980000,33.090000,32.360001,33.029999,22.496763,1464500,-,19.828621,22.713618,23.386283,22.955826,2010200.00
11/15/2007,32.980000,33.310001,32.740002,33.000000,22.476328,2244500,-,19.805832,22.696878,23.426128,23.066846,2025875.34
11/14/2007,34.150002,34.250000,33.570000,33.660000,22.925858,941600,-,19.783110,22.692430,23.509563,23.144492,2016320.46
11/13/2007,33.389999,33.529999,32.779999,33.419998,22.762392,4538700,-,19.758600,22.666259,23.548726,23.230310,2031824.46
11/12/2007,33.740002,34.119999,33.180000,33.279999,22.667038,1560800,-,19.734342,22.643924,23.508882,23.344055,1984286.02
11/09/2007,33.910000,34.290001,33.549999,33.619999,22.898615,1332300,-,19.709216,22.610338,23.448945,23.478232,1978380.24
11/08/2007,34.270000,34.470001,33.270000,34.049999,23.191494,2100900,-,19.684382,22.565896,23.365170,23.534763,1981835.58
11/07/2007,34.680000,34.970001,34.060001,34.060001,23.198299,1758900,-,19.656811,22.515879,23.251085,23.610365,1961634.46
11/06/2007,34.810001,34.820000,34.070000,34.389999,23.423063,2187300,-,19.631186,22.451720,23.162883,23.728196,1960689.34
11/05/2007,34.389999,34.860001,34.330002,34.529999,23.518412,1172700,-,19.603059,22.391838,23.078767,23.799030,1945754.00
11/02/2007,34.709999,34.810001,34.189999,34.660000,23.606956,1286500,-,19.574348,22.329907,23.004527,23.816740,1956730.22
11/01/2007,34.330002,34.680000,33.919998,34.139999,23.252789,1318100,-,19.545442,22.259414,22.931991,23.785410,1962975.34
10/31/2007,34.810001,34.990002,34.430000,34.919998,23.784046,1679400,-,19.518237,22.195863,22.876140,23.874634,1961267.56
10/30/2007,35.049999,35.330002,34.820000,35.090000,23.899836,1273400,-,19.492301,22.115320,22.811776,23.867142,1967761.34
10/29/2007,34.930000,35.590000,34.930000,35.250000,24.008806,1021100,-,19.458181,22.025813,22.773294,23.673709,1996595.56
10/26/2007,34.730000,34.799999,34.099998,34.450001,23.463930,1108400,-,19.425533,21.923091,22.736855,23.419659,2043167.34
10/25/2007,35.959999,35.959999,34.750000,35.160000,23.947515,2506900,-,19.394690,21.830701,22.725872,23.195577,2076144.22
10/24/2007,35.939999,35.970001,34.630001,35.790001,24.376608,2543300,-,19.362242,21.729346,22.674794,22.891806,2136160.88
10/23/2007,35.570000,35.610001,35.209999,35.430000,24.131407,2715400,-,19.327932,21.641196,22.612872,22.597570,2135190.00
10/22/2007,34.570000,34.930000,34.430000,34.790001,23.695505,947800,-,19.295802,21.557668,22.574529,22.358504,2119388.66
10/19/2007,35.240002,35.240002,34.139999,34.200001,23.293657,1165100,-,19.264862,21.481302,22.527916,22.192315,2177298.44
10/18/2007,35.080002,35.459999,35.080002,35.450001,24.145033,1350600,-,19.235542,21.422309,22.494322,22.078571,2231210.66
10/17/2007,34.599998,35.150002,34.250000,34.810001,23.709127,3835200,-,19.201011,21.357325,22.395171,21.877646,2300641.32
10/16/2007,31.559999,32.529999,31.480000,32.250000,21.965506,2671400,-,19.169578,21.296814,22.307557,21.756410,2264417.32
10/15/2007,31.450001,31.850000,31.240000,31.520000,21.468304,2457000,-,19.146970,21.272590,22.306417,21.872878,2256185.76
10/12/2007,30.750000,31.230000,30.719999,31.160000,21.223106,2530100,-,19.126776,21.251661,22.278499,22.054051,2245575.54
10/11/2007,31.570000,31.639999,30.549999,30.700001,20.909803,1827000,-,19.106748,21.244549,22.280171,22.256168,2238982.42
10/10/2007,31.459999,31.670000,31.040001,31.469999,21.434250,2245700,-,19.087013,21.246816,22.301400,22.457783,2253971.30
10/09/2007,32.180000,32.200001,31.570000,31.920000,21.740747,3741700,-,19.064656,21.236329,22.318688,22.628175,2243311.52
10/08/2007,32.150002,32.560001,32.099998,32.349998,22.033617,1733900,-,19.042004,21.224240,22.321712,22.790553,2200793.96
10/05/2007,32.000000,32.740002,31.969999,32.529999,22.156218,1341000,-,19.018454,21.197523,22.301604,22.863517,2227324.84
10/04/2007,32.439999,32.599998,32.250000,32.500000,22.135784,1516900,-,18.995528,21.178964,22.276781,22.910074,2285864.84
10/03/2007,33.590000,33.689999,32.900002,33.029999,22.496763,1922700,-,18.973766,21.169160,22.282690,22.912695,2322266.40
10/02/2007,33.889999,34.189999,33.869999,33.959999,23.130188,1613600,-,18.949598,21.146478,22.238717,22.858704,2375465.74
10/01/2007,33.980000,34.360001,33.590000,34.180000,23.280033,1467600,-,18.922439,21.113957,22.164488,22.739956,2420295.96
09/28/2007,37.102501,37.271252,36.798752,36.967499,23.244274,2884889,-,18.894567,21.076600,22.049874,22.502947,2479176.84
09/27/2007,36.686249,36.843750,36.292500,36.461250,22.925957,2551556,-,18.867545,21.041231,21.921486,22.304175,2492337.72
09/26/2007,37.417500,37.417500,36.652500,36.798752,23.138168,1795289,-,18.841868,20.996242,21.809721,22.145016,2582858.60
09/25/2007,36.134998,37.203751,36.134998,37.158749,23.364529,2542222,-,18.815907,20.956630,21.652330,22.009200,2754460.38
09/24/2007,36.247501,36.551250,36.022499,36.202499,22.763256,2060178,-,18.787895,20.894381,21.505551,21.852871,2739031.06
09/21/2007,36.056252,36.270000,35.898750,35.977501,22.621786,1573600,-,18.762854,20.844299,21.388481,21.739691,2729048.84
09/20/2007,34.863750,35.392502,34.807499,35.246250,22.161995,2687467,-,18.738131,20.795490,21.261507,21.643489,2808117.28
09/19/2007,34.908749,35.223751,34.751251,34.919998,21.956854,1402222,-,18.714965,20.743710,21.157169,21.652684,2842479.94
09/18/2007,33.682499,35.009998,33.513748,34.897499,21.942707,2135378,-,18.693248,20.699004,21.047173,21.618730,2885240.84
09/17/2007,33.603748,33.716251,33.097500,33.255001,20.909941,1769511,-,18.671461,20.660240,20.921261,21.589021,2896826.62
09/14/2007,33.660000,34.042500,33.603748,33.806252,21.256556,1246933,-,18.654166,20.640293,20.819399,21.596802,2891496.84
09/13/2007,34.301250,34.312500,33.873749,33.930000,21.334368,4304889,-,18.634926,20.612705,20.698792,21.538797,2895610.62
09/12/2007,34.537498,35.021252,34.458752,34.638748,21.780014,3155822,-,18.618232,20.584834,20.576062,21.474426,2830664.84
09/11/2007,34.616249,34.762501,34.357498,34.672501,21.801233,1288800,-,18.600689,20.548192,20.485519,21.295461,2809608.84
09/10/2007,35.055000,35.201248,34.020000,34.402500,21.631460,1989244,-,18.581837,20.500516,20.393207,21.158230,2817253.28
09/07/2007,34.627499,34.773750,34.200001,34.447498,21.659758,2248267,-,18.562950,20.458073,20.305492,21.037270,2848122.62
09/06/2007,35.437500,35.685001,35.055000,35.392502,22.253954,1766756,-,18.542472,20.414924,20.239707,20.879526,2832826.62
09/05/2007,34.413750,34.526249,34.031250,34.380001,21.617313,1716800,-,18.517820,20.353524,20.171799,20.661654,2857836.38
09/04/2007,33.873749,34.650002,33.873749,34.424999,21.645611,2161778,-,18.497200,20.309949,20.125113,20.475616,2870917.26
08/31/2007,33.637501,33.660000,33.187500,33.378750,20.987753,1265511,-,18.475625,20.271893,20.080548,20.253501,2883279.92
08/30/2007,32.613750,33.322498,32.591251,32.883751,20.676510,1505067,-,18.453980,20.240344,20.052253,20.041996,2910791.04
08/29/2007,32.411251,32.951248,32.118752,32.906250,20.690659,1090844,-,18.433430,20.206249,20.061803,19.858786,2942355.48
08/28/2007,32.332500,32.467499,31.646250,31.792500,19.990355,1711644,-,18.412174,20.176680,20.078426,19.677698,2956490.60
08/27/2007,32.411251,32.759998,32.332500,32.490002,20.428930,1440533,-,18.395055,20.161826,20.124405,19.675577,2982876.38
08/24/2007,32.073750,32.568748,32.028751,32.478748,20.421856,1721511,-,18.376027,20.130277,20.159774,19.628183,3035953.72
08/23/2007,32.118752,32.118752,31.803749,31.938749,20.082315,1598756,-,18.356504,20.085147,20.173568,19.573715,3055662.16
08/22/2007,31.758751,32.028751,31.635000,31.927500,20.075243,1232711,-,18.337051,20.044543,20.230865,19.599888,3059788.38
08/21/2007,31.263750,31.713751,31.139999,31.421249,19.756926,2004089,-,18.318199,19.997291,20.309384,19.681944,3112271.94
08/20/2007,30.588751,31.004999,30.375000,30.892500,19.424459,2715111,-,18.299489,19.963195,20.389671,19.774609,3131975.04
08/17/2007,30.442499,31.230000,29.655001,30.014999,18.872705,3349689,-,18.283149,19.938154,20.493654,19.907596,3118730.60
08/16/2007,30.003750,30.240000,29.126249,29.969999,18.844410,2757244,-,18.269886,19.915519,20.620628,20.062511,3161112.82
08/15/2007,31.027500,31.106251,29.958750,30.026251,18.879784,5507733,-,18.256375,19.892317,20.752199,20.264820,3179418.60
08/14/2007,32.411251,32.568748,31.623751,31.758751,19.969137,2494756,-,18.243147,19.872935,20.842036,20.479154,3171534.16
08/13/2007,31.860001,32.152500,31.680000,31.736250,19.954992,1925333,-,18.222987,19.838981,20.901455,20.573234,3171957.26
08/10/2007,31.320000,31.961250,31.094999,31.612499,19.877180,3843289,-,18.202084,19.811393,20.916310,20.691365,3172782.16
08/09/2007,32.669998,32.973751,32.073750,32.355000,20.344046,3860711,-,18.182844,19.778430,20.935409,20.773421,3254556.38
08/08/2007,32.849998,33.615002,32.827499,33.232498,20.895796,4822133,-,18.161516,19.720849,20.927274,20.861843,3240805.28
08/07/2007,32.771252,33.187500,32.343750,32.895000,20.683584,2024000,-,18.137112,19.653932,20.861135,20.936824,3192783.96
08/06/2007,32.602501,33.041248,32.264999,33.007500,20.754324,2259822,-,18.113380,19.590268,20.813033,21.004732,3201102.18
08/03/2007,33.018749,33.097500,32.433750,32.478748,20.421856,1926489,-,18.094033,19.525473,20.775542,21.079713,3198280.86
08/02/2007,33.209999,33.299999,32.782501,33.187500,20.867500,2200444,-,18.077834,19.470439,20.750077,21.178745,3263434.64
08/01/2007,33.153751,33.536251,32.838749,33.435001,21.023125,2576444,-,18.059266,19.411869,20.700561,21.239579,3261683.54
07/31/2007,33.592499,33.840000,33.187500,33.255001,20.909941,1712711,-,18.040025,19.349620,20.646447,21.204917,3259685.32
07/30/2007,33.536251,33.884998,33.198750,33.615002,21.136301,1615822,-,18.018875,19.292323,20.598345,21.229676,3255582.22
07/27/2007,33.547501,33.615002,32.917500,32.917500,20.697739,3060444,-,17.996026,19.230357,20.512400,21.141254,3260357.34
07/26/2007,34.031250,34.413750,33.209999,33.761250,21.228262,4268000,-,17.975654,19.175889,20.452980,21.097396,3291098.68
07/25/2007,34.638748,34.706249,33.806252,34.424999,21.645611,3336978,-,17.952028,19.115338,20.366681,20.992705,3264124.46
07/24/2007,34.166248,34.458752,33.772499,33.974998,21.362661,4582667,-,17.926916,19.049411,20.243598,20.785445,3247662.24
07/23/2007,34.132500,34.278751,33.918751,34.200001,21.504135,3855111,-,17.903467,18.990840,20.147395,20.621335,3187166.24
07/20/2007,33.907501,34.334999,33.907501,34.053749,21.412174,4411644,-,17.877895,18.923215,20.059327,20.471372,3168240.02
07/19/2007,34.177502,34.301250,33.862499,34.154999,21.475840,3542933,-,17.852394,18.872143,19.959234,20.321409,3145669.36
07/18/2007,33.851250,33.884998,32.321251,32.883751,20.676510,7077600,-,17.827353,18.821637,19.834030,20.161543,3124615.14
07/17/2007,32.253750,33.963749,32.220001,33.648750,21.157524,10375378,-,17.806698,18.793908,19.760816,20.087976,3007480.92
07/16/2007,32.264999,32.411251,32.107498,32.208752,20.252087,1770756,-,17.782364,18.758963,19.665321,19.967015,2815283.58
07/13/2007,32.332500,32.422501,32.130001,32.220001,20.259159,1561067,-,17.763301,18.740006,19.595291,19.883545,2808773.34
07/12/2007,31.567499,32.141251,31.522499,32.096249,20.181349,5527022,-,17.742504,18.719916,19.490600,19.808564,2813402.66
07/11/2007,31.275000,31.545000,31.027500,31.128750,19.573011,4405600,-,17.719903,18.704071,19.384140,19.740656,2748483.56
07/10/2007,31.657499,31.950001,31.297501,31.365000,19.721558,3540267,-,17.701441,18.698129,19.291121,19.701751,2715040.00
07/09/2007,31.837500,32.040001,31.646250,31.815001,20.004507,2714667,-,17.682696,18.690065,19.207651,19.673456,2701468.44
07/06/2007,31.635000,31.758751,31.443750,31.668751,19.912546,1503022,-,17.661545,18.679455,19.116046,19.647283,2688328.88
07/05/2007,31.590000,31.747499,31.353750,31.612499,19.877180,1452622,-,17.642198,18.673371,19.007464,19.597059,2713264.00
07/03/2007,31.792500,31.837500,31.657499,31.713751,19.940838,1057600,-,17.623029,18.670683,18.897821,19.506516,2724078.22
07/02/2007,31.635000,31.837500,31.567499,31.725000,19.947918,2103022,-,17.604389,18.660780,18.796313,19.433657,2752170.66
06/29/2007,31.173750,31.297501,30.701250,30.881250,19.417387,1671022,-,17.586351,18.655121,18.712490,19.363627,2796014.22
06/28/2007,30.847500,31.342501,30.656250,31.027500,19.509348,3532711,-,17.571249,18.653848,18.670401,19.307037,2847621.34
06/27/2007,30.543751,31.016251,30.521250,31.016251,19.502272,1483467,-,17.553246,18.651443,18.606383,19.172636,2883998.24
06/26/2007,31.117500,31.128750,30.408751,30.510000,19.183954,3017244,-,17.535314,18.630646,18.504522,19.027624,2917281.78
06/25/2007,31.500000,31.500000,30.825001,30.915001,19.438608,2370844,-,17.519292,18.615508,18.422820,18.880490,2890848.02
06/22/2007,31.590000,31.612499,31.151251,31.398750,19.742777,2779911,-,17.500335,18.591457,18.325910,18.741845,2898368.02
06/21/2007,30.150000,30.903749,30.082500,30.870001,19.410313,2641067,-,17.479326,18.563021,18.214499,18.584809,2911409.80
06/20/2007,30.802500,30.802500,30.172501,30.172501,18.971746,3083289,-,17.459449,18.532321,18.127492,18.417869,2896492.46
06/19/2007,30.442499,30.678749,30.352501,30.555000,19.212246,1797600,-,17.442613,18.515627,18.075853,18.289126,2877420.46
06/18/2007,30.633751,30.712500,30.465000,30.611250,19.247616,3030933,-,17.424363,18.493274,18.010775,18.158970,2859516.46
06/15/2007,29.823750,30.138750,29.823750,29.981251,18.851488,4094400,-,17.405299,18.471628,17.950648,18.061353,2843246.24
06/14/2007,28.631250,29.013750,28.282499,28.889999,18.165339,2706933,-,17.386271,18.451398,17.909974,18.033765,2784632.90
06/13/2007,28.518749,28.833750,28.181250,28.709999,18.052156,1805067,-,17.369259,18.442343,17.900424,18.040131,2769175.12
06/12/2007,28.215000,28.620001,28.035000,28.170000,17.712616,3856889,-,17.352989,18.433147,17.907852,17.981419,2773137.78
06/11/2007,28.957500,29.013750,28.597500,28.709999,18.052156,2989244,-,17.338700,18.429045,17.939684,17.965149,2749232.00
06/08/2007,28.788750,29.002501,28.473749,28.901251,18.172409,2052889,-,17.322926,18.416736,17.958783,17.909974,2749685.34
06/07/2007,28.552500,28.788750,28.215000,28.215000,17.740913,5468800,-,17.306974,18.396222,17.956307,17.844188,2744915.56
06/06/2007,28.586250,28.620001,28.080000,28.125000,17.684322,3672533,-,17.293888,18.386744,18.012189,17.837115,2678830.22
06/05/2007,28.844999,28.889999,28.327499,28.485001,17.910683,5113511,-,17.280978,18.384905,18.075499,17.862580,2673333.34
06/04/2007,29.272499,29.475000,29.002501,29.058750,18.271442,2515911,-,17.266088,18.375426,18.144468,17.862580,2617368.90
06/01/2007,29.598749,29.632500,29.295000,29.542500,18.575613,1966578,-,17.247060,18.355336,18.201411,17.839944,2624014.24
05/31/2007,29.879999,30.059999,28.912500,28.991249,18.228998,7932000,-,17.223858,18.332559,18.237841,17.786183,2668695.12
05/30/2007,27.584999,27.843750,27.382500,27.776251,17.465036,3173156,-,17.201328,18.307659,18.289126,17.760718,2560789.34
05/29/2007,28.248751,28.282499,27.742500,27.911249,17.549921,2421067,-,17.184104,18.291814,18.385328,17.834285,2551687.10
05/25/2007,28.068750,28.091249,27.764999,27.832500,17.500401,2439911,-,17.166384,18.275828,18.471628,17.914218,2592794.64
05/24/2007,28.282499,28.338751,27.787500,27.855000,17.514555,2118756,-,17.148063,18.255031,18.562526,18.007591,2618913.76
05/23/2007,28.473749,28.507500,28.091249,28.102501,17.670176,5184178,-,17.129742,18.230556,18.660497,18.068425,2673596.42
05/22/2007,28.631250,28.665001,28.372499,28.530001,17.938976,2112889,-,17.110608,18.200988,18.757407,18.187263,2623445.30
05/21/2007,28.608749,28.878750,28.428749,28.485001,17.910683,2476533,-,17.091898,18.177644,18.847597,18.288418,2634069.30
05/18/2007,28.844999,28.889999,28.575001,28.698750,18.045078,1507556,-,17.072374,18.148642,18.924347,18.426356,2630083.52
05/17/2007,28.799999,28.867500,28.575001,28.687500,18.038006,1854578,-,17.051153,18.118084,19.005341,18.562879,2645612.40
05/16/2007,28.597500,28.709999,28.260000,28.586250,17.974344,4597511,-,17.031346,18.083281,19.071127,18.689499,2671697.72
05/15/2007,28.980000,29.407499,28.946251,28.946251,18.200706,2919289,-,17.011328,18.051449,19.141865,18.817533,2630355.50
05/14/2007,29.340000,29.508751,28.923750,29.182501,18.349253,2513867,-,16.987949,18.011553,19.154951,18.936372,2647375.94
05/11/2007,29.171249,29.373751,28.991249,29.317499,18.434135,1557867,-,16.963474,17.974487,19.158841,19.029038,2670360.82
05/10/2007,29.610001,29.700001,28.822500,28.822500,18.122892,2908800,-,16.938999,17.943363,19.148938,19.117460,2737320.82
05/09/2007,29.621250,29.992500,29.587500,29.992500,18.858561,3283111,-,16.915019,17.928649,19.158842,19.252569,2743448.82
05/08/2007,30.318750,30.318750,29.947500,30.138750,18.950520,2490222,-,16.886370,17.897666,19.109679,19.327550,2754373.26
05/07/2007,30.791250,30.892500,30.577499,30.678749,19.290062,1220889,-,16.858924,17.878143,19.069005,19.406776,2745047.04
05/04/2007,31.004999,31.027500,30.656250,30.870001,19.410313,765511,-,16.833035,17.856780,19.009232,19.422338,2780940.38
05/03/2007,30.836250,30.836250,30.476250,30.701250,19.304207,1445244,-,16.802405,17.829476,18.946983,19.447804,2838869.28
05/02/2007,30.600000,30.746250,30.498751,30.622499,19.254686,1792533,-,16.771175,17.804435,18.873770,19.452755,2843498.62
05/01/2007,30.813749,30.993750,30.397499,30.836250,19.389091,2281067,-,16.740793,17.784204,18.796667,19.466196,2860839.08
04/30/2007,30.622499,31.083750,30.476250,30.656250,19.275913,2733422,-,16.709881,17.764822,18.706831,19.373530,2849340.40
04/27/2007,30.622499,31.016251,30.521250,30.723749,19.318357,2861689,-,16.681692,17.744732,18.618409,19.288644,2822364.40
04/26/2007,30.780001,31.061251,30.622499,30.971251,19.473976,2057689,-,16.655130,17.726199,18.524328,19.180416,2834695.06
04/25/2007,31.196251,31.252501,30.802500,31.184999,19.608376,2749778,-,16.626482,17.688708,18.407965,19.065115,2857717.28
04/24/2007,31.331249,31.545000,31.151251,31.398750,19.742777,1993333,-,16.597373,17.646832,18.290895,18.891808,2859247.94
04/23/2007,30.802500,30.993750,30.746250,30.926250,19.445683,2462222,-,16.569220,17.608068,18.183375,18.731235,2911671.06
04/20/2007,31.421249,31.578751,31.094999,31.275000,19.664970,4295200,-,16.542127,17.583027,18.082928,18.596126,2892856.84
04/19/2007,30.352501,31.027500,30.330000,30.780001,19.353724,4251378,-,16.516025,17.552751,17.963028,18.446163,2849144.84
04/18/2007,30.498751,30.993750,30.273750,30.836250,19.389091,5351556,-,16.490772,17.522900,17.867179,18.294785,2810385.72
04/17/2007,29.272499,29.452499,28.901251,29.362499,18.462429,3147644,-,16.464564,17.491351,17.746925,18.127137,2737873.72
04/16/2007,29.340000,29.340000,29.092501,29.306250,18.427061,1695556,-,16.440938,17.480882,17.657443,18.040131,2737025.72
04/13/2007,29.250000,29.250000,28.653749,29.002501,18.236074,2746844,-,16.417594,17.470979,17.573619,17.948173,2754005.26
04/12/2007,28.417500,29.193750,28.316250,29.137501,18.320963,3432000,-,16.397364,17.466735,17.484844,17.868240,2751276.38
04/11/2007,28.631250,28.698750,28.350000,28.428749,17.875309,1895200,-,16.376072,17.458529,17.383335,17.750816,2725895.04
04/10/2007,28.575001,28.923750,28.563749,28.844999,18.137043,2129689,-,16.357114,17.453861,17.299158,17.689982,2730337.70
04/09/2007,28.811251,29.002501,28.473749,28.777500,18.094595,902400,-,16.337732,17.449758,17.230897,17.635515,2739647.92
04/05/2007,28.867500,28.991249,28.788750,28.889999,18.165339,2217422,-,16.315874,17.441411,17.149195,17.569729,2778865.70
04/04/2007,28.293751,28.451250,28.192499,28.372499,17.839945,1163733,-,16.294335,17.439571,17.066786,17.479893,2809443.48
04/03/2007,28.080000,28.282499,27.933750,28.170000,17.712616,1934044,-,16.275271,17.438723,16.989682,17.439572,2898753.70
04/02/2007,28.035000,28.113750,27.742500,27.978750,17.592369,2003200,-,16.258718,17.439996,16.923190,17.366713,2941100.38
03/30/2007,27.663750,28.001249,27.629999,27.843750,17.507481,2661600,-,16.240468,17.444665,16.853867,17.274754,3024673.72
03/29/2007,27.866249,27.888750,27.461250,27.731251,17.436741,3011911,-,16.220662,17.450748,16.803290,17.199065,3127116.38
03/28/2007,27.416250,27.562500,27.236250,27.270000,17.146719,1814400,-,16.201527,17.473950,16.775348,17.101448,3326618.60
03/27/2007,27.360001,27.618750,27.315001,27.461250,17.266973,2164533,-,16.184197,17.472535,16.787374,17.015855,3367214.16
03/26/2007,27.731251,27.990000,27.584999,27.978750,17.592369,3397689,-,16.167786,17.476779,16.789496,16.908334,3380053.28
03/23/2007,27.483749,27.764999,27.427500,27.731251,17.436741,2315289,-,16.150314,17.470837,16.808595,16.826279,3385103.94
03/22/2007,27.551250,27.584999,27.315001,27.461250,17.266973,2848178,-,16.133513,17.471262,16.847854,16.728661,3412645.28
03/21/2007,26.831249,27.866249,26.775000,27.731251,17.436741,4200622,-,16.119154,17.476213,16.886759,16.653679,3407320.84
03/20/2007,26.325001,27.045000,26.325001,27.011250,16.984022,2536711,-,16.106173,17.481589,16.917530,16.539793,3365681.74
03/19/2007,26.606251,26.752501,26.448750,26.516251,16.672781,2718044,-,16.094926,17.492059,16.980486,16.479666,3381919.96
03/16/2007,26.437500,26.808750,26.381250,26.639999,16.750593,4476444,-,16.083502,17.507196,17.067847,16.432979,3391690.64
03/15/2007,26.055000,26.358749,25.976250,26.178749,16.460564,3745867,-,16.070911,17.516958,17.143889,16.407514,3378391.10
03/14/2007,26.032499,26.077499,25.481251,25.908751,16.290792,4852889,-,16.059522,17.536199,17.240446,16.449249,3323471.98
03/13/2007,26.268749,26.392500,25.683750,25.751249,16.191767,2676622,-,16.049973,17.559259,17.305878,16.558893,3249685.32
03/12/2007,26.178749,26.718750,26.167500,26.673750,16.771814,2644089,-,16.040176,17.584017,17.372017,16.670658,3232919.10
03/09/2007,26.257500,26.370001,26.043751,26.178749,16.460564,2277244,-,16.025957,17.592930,17.423656,16.790911,3214551.10
03/08/2007,26.302500,26.516251,26.212500,26.268749,16.517157,2284000,-,16.009794,17.602975,17.510309,16.967047,3230350.22
03/07/2007,26.055000,26.212500,25.886250,25.920000,16.297873,3158844,-,15.994904,17.611888,17.592011,17.119839,3254920.88
03/06/2007,25.965000,26.156250,25.830000,26.055000,16.382757,2530400,-,15.980226,17.630138,17.670176,17.295267,3271370.66
03/05/2007,25.616249,26.190001,25.537500,25.773750,16.205914,3770311,-,15.965866,17.648954,17.741620,17.481306,3326245.32
03/02/2007,26.606251,26.730000,26.100000,26.235001,16.495935,3663111,-,15.954194,17.676258,17.828273,17.702714,3273647.98
03/01/2007,26.325001,27.056250,26.111250,26.842501,16.877920,4905867,-,15.941391,17.702007,17.900072,17.880265,3230885.32
02/28/2007,27.911249,28.012501,27.416250,27.652500,17.387228,3215200,-,15.928198,17.717710,17.957369,18.031642,3180300.42
02/27/2007,27.753750,28.068750,27.292500,27.528749,17.309416,3829333,-,15.915077,17.723935,17.983541,18.052863,3165404.42
02/26/2007,28.811251,28.878750,28.406250,28.586250,17.974344,2023911,-,15.904572,17.731858,18.000164,18.073377,3130145.76
02/23/2007,28.822500,29.137501,28.822500,28.980000,18.221926,3015556,-,15.892405,17.729170,17.998042,18.056400,3119457.76
02/22/2007,28.473749,28.822500,28.473749,28.698750,18.045078,3661956,-,15.880557,17.720540,17.970808,18.053571,3096129.76
02/21/2007,28.406250,28.754999,28.350000,28.709999,18.052156,1676711,-,15.869486,17.718559,17.972223,18.064182,3052172.42
02/20/2007,28.754999,29.115000,28.518749,29.013750,18.243147,2659556,-,15.856931,17.712759,17.959490,18.045084,3035786.64
02/16/2007,28.946251,29.351250,28.946251,29.295000,18.419991,1706133,-,15.841439,17.702997,17.936147,18.001934,3001678.18
02/15/2007,28.957500,29.148750,28.844999,29.058750,18.271442,1384622,-,15.825559,17.688142,17.906438,17.953833,2994984.86
02/14/2007,28.709999,29.272499,28.642500,29.250000,18.391695,3478222,-,15.808582,17.673287,17.883448,17.919879,2997873.76
02/13/2007,28.080000,28.203751,27.719999,27.990000,17.599438,3208800,-,15.791393,17.657725,17.893705,17.883095,2979512.88
02/12/2007,28.170000,28.192499,27.776251,27.855000,17.514555,2826311,-,15.778200,17.657442,17.867532,17.914219,2954522.66
02/09/2007,29.081249,29.137501,28.158751,28.316250,17.804575,4614489,-,15.766316,17.656169,17.865763,17.926952,2960412.44
02/08/2007,28.721251,29.047501,28.631250,28.934999,18.193632,1521511,-,15.753619,17.648246,17.840298,17.939684,2924748.44
02/07/2007,28.608749,28.991249,28.586250,28.867500,18.151192,2109600,-,15.739471,17.644285,17.803515,17.888046,2920672.00
02/06/2007,28.462500,28.530001,28.102501,28.406250,17.861172,2313422,-,15.725076,17.646690,17.771683,17.880264,2905237.34
02/05/2007,28.237499,28.440001,28.170000,28.327499,17.811649,1725956,-,15.711955,17.650085,17.763902,17.873897,2921898.68
02/02/2007,28.305000,28.552500,28.260000,28.530001,17.938976,3105244,-,15.699717,17.650934,17.748693,17.870360,2929379.56
02/01/2007,28.552500,28.642500,28.282499,28.518749,17.931902,2544533,-,15.683660,17.643436,17.723228,17.859043,2911038.24
01/31/2007,28.181250,28.743750,28.125000,28.665001,18.023859,2610400,-,15.665551,17.631269,17.688566,17.847017,2924060.46
01/30/2007,28.496250,28.518749,28.158751,28.485001,17.910683,2162933,-,15.647654,17.620659,17.658503,17.904315,2913192.90
01/29/2007,28.282499,28.316250,27.922501,28.057501,17.641876,2117333,-,15.628909,17.609058,17.635160,17.820845,2910181.36
01/26/2007,28.248751,28.631250,28.023750,28.518749,17.931902,2595200,-,15.612286,17.589393,17.624549,17.804575,2892727.14
01/25/2007,28.496250,28.743750,28.012501,28.113750,17.677246,2863289,-,15.595132,17.562088,17.588827,17.740912,2866124.48
01/24/2007,28.485001,28.743750,28.282499,28.743750,18.073374,3746311,-,15.580065,17.537330,17.553105,17.718984,2837765.36
01/23/2007,28.091249,28.473749,28.023750,28.305000,17.797503,5629244,-,15.564326,17.507196,17.497576,17.663102,2787740.48
01/22/2007,28.203751,28.350000,27.911249,28.271250,17.776283,4051378,-,15.548445,17.483712,17.468220,17.653906,2715013.38
01/19/2007,28.428749,28.518749,28.023750,28.350000,17.825800,6181867,-,15.531645,17.458529,17.445584,17.627026,2660622.26
01/18/2007,29.115000,29.137501,28.215000,28.327499,17.811649,7783733,-,15.514173,17.425848,17.432851,17.587413,2597472.04
01/17/2007,28.912500,29.891251,28.844999,29.576250,18.596834,12987022,-,15.497161,17.395714,17.431437,17.530116,2507600.04
01/16/2007,27.990000,28.046249,27.157499,27.157499,17.075981,3844178,-,15.474737,17.344076,17.384750,17.412692,2374714.72
01/12/2007,27.641251,27.843750,27.562500,27.798750,17.479181,2806489,-,15.459139,17.325684,17.415874,17.449475,2321941.38
01/11/2007,27.438749,27.888750,27.360001,27.506250,17.295269,3650222,-,15.440429,17.300502,17.427192,17.444524,2311171.60
01/10/2007,27.517500,27.798750,27.371250,27.764999,17.457964,3692356,-,15.423948,17.277441,17.454426,17.436742,2290211.60
01/09/2007,28.170000,28.203751,27.573750,27.855000,17.514555,2581956,-,15.407006,17.252966,17.471049,17.387226,2242951.14
01/08/2007,28.113750,28.395000,28.023750,28.158751,17.705547,2118667,-,15.388614,17.221418,17.492624,17.332051,2222291.58
01/05/2007,27.719999,27.855000,27.562500,27.843750,17.507481,3348622,-,15.369975,17.182795,17.495453,17.282534,2217664.02
01/04/2007,27.247499,27.821251,27.236250,27.719999,17.429665,3206578,-,15.352468,17.153227,17.507832,17.264142,2186611.58
01/03/2007,27.483749,27.832500,27.056250,27.416250,17.238678,3811467,-,15.336021,17.126205,17.520212,17.278290,2198007.14
12/29/2006,27.821251,27.945000,27.652500,27.708750,17.422596,999911,-,15.321485,17.101730,17.534713,17.332758,2204263.14
12/28/2006,27.618750,27.843750,27.551250,27.742500,17.443817,1163556,-,15.306453,17.072020,17.544262,17.356808,2367413.36
12/27/2006,27.495001,27.764999,27.461250,27.719999,17.429665,1838311,-,15.293543,17.060844,17.551336,17.382273,2387486.24
12/26/2006,27.033751,27.517500,26.921249,27.382500,17.217455,1725689,-,15.279396,17.055892,17.552397,17.409861,2397664.02
12/22/2006,27.202499,27.213751,26.865000,26.977501,16.962801,3067200,-,15.264647,17.054619,17.561947,17.472110,2405283.58
12/21/2006,27.393749,27.427500,26.786249,26.977501,16.962801,3512533,-,15.250358,17.058863,17.613585,17.554873,2388359.14
12/20/2006,27.708750,27.708750,27.236250,27.371250,17.210382,3981333,-,15.236600,17.053204,17.679017,17.653198,2348385.82
12/19/2006,27.956249,27.967501,27.472500,27.551250,17.323561,5274133,-,15.221745,17.040330,17.720045,17.708373,2297146.72
12/18/2006,28.282499,28.338751,27.877501,27.945000,17.571142,1140444,-,15.206572,17.026324,17.746571,17.751523,2242798.28
12/15/2006,28.305000,28.406250,28.136250,28.282499,17.783356,1524978,-,15.192389,17.004962,17.746218,17.762133,2252346.74
12/14/2006,27.922501,28.158751,27.877501,28.091249,17.663101,2376622,-,15.178595,16.981760,17.723228,17.736668,2257390.30
12/13/2006,28.293751,28.395000,28.023750,28.147499,17.698467,2470400,-,15.165721,16.961953,17.714739,17.731716,2252922.74
12/12/2006,28.181250,28.260000,27.843750,28.158751,17.705547,2066400,-,15.152918,16.935781,17.696348,17.720399,2251395.62
12/11/2006,28.383751,28.586250,28.271250,28.372499,17.839945,1489511,-,15.137532,16.907910,17.644002,17.694933,2243568.06
12/08/2006,28.316250,28.676250,28.226250,28.293751,17.790428,1849156,-,15.121687,16.880464,17.580338,17.651783,2248663.18
12/07/2006,29.047501,29.081249,28.541250,28.541250,17.946047,1464089,-,15.105984,16.855564,17.512784,17.672297,2236136.94
12/06/2006,28.192499,28.473749,28.035000,28.248751,17.762133,857422,-,15.090315,16.822459,17.443816,17.704837,2242560.04
12/05/2006,28.147499,28.383751,28.091249,28.237499,17.755062,954133,-,15.076451,16.796003,17.386872,17.731717,2277877.38
12/04/2006,27.832500,28.327499,27.663750,28.113750,17.677246,1371467,-,15.064319,16.762898,17.324977,17.741620,2302478.28
12/01/2006,28.260000,28.305000,27.562500,27.877501,17.528702,1529067,-,15.053284,16.722578,17.250703,17.730302,2302947.60
11/30/2006,28.203751,28.203751,27.832500,28.012501,17.613583,2560178,-,15.044301,16.689615,17.189515,17.709788,2327863.14
11/29/2006,28.136250,28.192499,27.708750,27.967501,17.585293,1959289,-,15.034680,16.656793,17.109582,17.697763,2304965.36
11/28/2006,27.798750,28.001249,27.450001,27.753750,17.450890,3120800,-,15.025803,16.620575,17.038137,17.672297,2296595.58
11/27/2006,28.226250,28.305000,27.641251,27.686251,17.408449,2831289,-,15.016855,16.592421,16.976596,17.593071,2270101.36
11/24/2006,28.406250,28.732500,28.316250,28.620001,17.995567,1317689,-,15.008967,16.565117,16.913286,17.508894,2249379.58
11/22/2006,29.092501,29.160000,28.844999,29.058750,18.271442,1337867,-,14.999807,16.529465,16.825218,17.353272,2254108.46
11/21/2006,28.631250,28.968750,28.563749,28.676250,18.030935,3146489,-,14.989267,16.490843,16.708501,17.182795,2268656.00
11/20/2006,27.776251,28.462500,27.719999,28.395000,17.854092,2100000,-,14.978515,16.458162,16.595675,17.042027,2253957.34
11/17/2006,27.584999,27.956249,27.506250,27.933750,17.564066,2188178,-,14.968470,16.419257,16.504424,16.908334,2247792.00
11/16/2006,27.629999,27.652500,27.213751,27.551250,17.323561,3195644,-,14.959416,16.386293,16.430150,16.771104,2236378.66
11/15/2006,27.584999,28.001249,27.540001,27.821251,17.493334,2067022,-,14.952448,16.359413,16.364718,16.669242,2279409.78
11/14/2006,27.180000,27.562500,26.775000,27.562500,17.330637,2012356,-,14.945728,16.322488,16.286907,16.521401,2350325.34
11/13/2006,26.381250,26.606251,26.370001,26.493750,16.658630,1244622,-,14.939008,16.286695,16.264625,16.403977,2331895.10
11/10/2006,26.426250,26.504999,26.235001,26.347500,16.566673,1265067,-,14.937169,16.262220,16.290798,16.360120,2328963.54
11/09/2006,26.291250,26.415001,26.100000,26.145000,16.439346,1445333,-,14.937700,16.242979,16.320154,16.317678,2349326.20
11/08/2006,26.167500,26.403749,26.055000,26.347500,16.566673,1245067,-,14.937558,16.225437,16.356937,16.297164,2352661.32
11/07/2006,26.493750,26.718750,26.392500,26.437500,16.623262,1992889,-,14.934552,16.202801,16.362596,16.234208,2381143.10
11/06/2006,25.987499,26.381250,25.875000,26.268749,16.517157,1331822,-,14.929105,16.171252,16.359767,16.149323,2383866.66
11/03/2006,25.987499,25.987499,25.616249,25.751249,16.191767,3024356,-,14.922562,16.136166,16.365072,16.100514,2370919.10
11/02/2006,25.537500,25.976250,25.537500,25.931250,16.304945,3290133,-,14.915453,16.108296,16.380634,16.089196,2333866.64
11/01/2006,26.032499,26.066250,25.413750,25.469999,16.014923,6342756,-,14.910466,16.079293,16.396550,16.060194,2303852.42
10/31/2006,25.920000,25.998751,25.559999,25.695000,16.156397,1205511,-,14.906045,16.056940,16.429443,16.052413,2215877.30
10/30/2006,25.605000,25.908751,25.537500,25.796249,16.220058,2268000,-,14.898264,16.033455,16.441115,16.125273,2220913.74
10/27/2006,26.133751,26.223749,25.514999,25.672501,16.142248,2602222,-,14.891614,16.011527,16.445713,16.221476,2196440.86
10/26/2006,25.672501,25.920000,25.537500,25.818750,16.234209,1329333,-,14.885142,15.990730,16.461982,16.322630,2179822.20
10/25/2006,25.121250,25.436251,25.076250,25.346251,15.937115,1548978,-,14.880438,15.964699,16.477544,16.416711,2195386.66
10/24/2006,25.334999,25.481251,25.042500,25.087500,15.774412,1887289,-,14.879447,15.935272,16.495228,16.490985,2191436.44
10/23/2006,25.245001,25.661249,25.166250,25.492500,16.029070,1796000,-,14.880155,15.898489,16.528475,16.570211,2221576.88
10/20/2006,25.503750,25.650000,25.312500,25.571251,16.078587,3776356,-,14.877644,15.852368,16.532012,16.629630,2210960.00
10/19/2006,25.087500,25.605000,25.053749,25.469999,16.014923,4124267,-,14.872374,15.811199,16.511144,16.672072,2178979.54
10/18/2006,25.773750,25.897499,24.772499,25.346251,15.937115,9157422,-,14.865795,15.771020,16.504424,16.732906,2181592.86
10/17/2006,27.337500,27.393749,26.752501,26.853750,16.884989,2167200,-,14.858438,15.729002,16.506192,16.806473,2044751.98
10/16/2006,27.191250,27.450001,27.112499,27.326250,17.182091,2347200,-,14.845034,15.668309,16.450664,16.756957,2025295.98
10/13/2006,27.078751,27.416250,27.000000,27.281250,17.153791,2106667,-,14.830250,15.601533,16.393720,16.669950,2013678.20
10/12/2006,26.932501,27.337500,26.763750,27.315001,17.175014,2220978,-,14.815678,15.542397,16.338191,16.601335,2003543.08
10/11/2006,26.235001,26.853750,26.235001,26.527500,16.679855,1513867,-,14.800964,15.479016,16.290090,16.538378,1981073.74
10/10/2006,26.370001,26.381250,26.201250,26.347500,16.566673,1419378,-,14.788585,15.421436,16.273113,16.499472,1994894.18
10/09/2006,26.145000,26.482500,26.145000,26.437500,16.623262,2556711,-,14.776666,15.371637,16.264625,16.486739,2001258.62
10/06/2006,26.280001,26.381250,26.178749,26.246250,16.503010,1617867,-,14.764216,15.318584,16.228902,16.434394,1997295.96
10/05/2006,26.471251,26.572500,26.246250,26.437500,16.623262,1777156,-,14.751448,15.259023,16.199546,16.350216,2014766.18
10/04/2006,25.931250,26.527500,25.863750,26.516251,16.672781,2153244,-,14.738150,15.195643,16.167361,16.275942,2017303.06
10/03/2006,26.021250,26.246250,25.942499,26.066250,16.389830,2394044,-,14.724462,15.132970,16.116076,16.205912,2024266.62
10/02/2006,26.066250,26.336250,25.886250,25.942499,16.312017,1675022,-,14.712154,15.071711,16.073634,16.144370,2045877.30
09/29/2006,26.381250,26.403749,26.111250,26.190001,16.467640,1744267,-,14.701402,15.008047,16.029777,16.117490,2106511.98
09/28/2006,26.302500,26.392500,26.021250,26.313749,16.545450,1222844,-,14.689588,14.947921,15.986627,16.075048,2191950.20
09/27/2006,25.807501,26.133751,25.785000,25.908751,16.290792,1785244,-,14.676679,14.899254,15.937465,16.041801,2275978.66
09/26/2006,25.762501,26.212500,25.683750,26.145000,16.439346,2623289,-,14.665078,14.839127,15.894669,16.046754,2303651.56
09/25/2006,25.267500,25.706249,25.143749,25.605000,16.099806,2184178,-,14.652522,14.771502,15.824993,16.042510,2275653.34
09/22/2006,25.008751,25.076250,24.795000,24.907499,15.661235,1394933,-,14.642230,14.713073,15.758146,16.023411,2278284.44
09/21/2006,25.605000,25.683750,25.031250,25.256250,15.880524,2774844,-,14.634732,14.663982,15.714997,16.048877,2305242.66
09/20/2006,25.233749,25.447500,25.143749,25.402500,15.972480,1415289,-,14.624369,14.619134,15.663712,16.058780,2292240.00
09/19/2006,25.413750,25.413750,24.806250,25.087500,15.774412,1540800,-,14.614289,14.579804,15.609952,16.026241,2321091.56
09/18/2006,25.256250,25.661249,25.233749,25.514999,16.043217,1796089,-,14.606048,14.539201,15.570339,16.002898,2331009.78
09/15/2006,25.773750,25.830000,25.312500,25.514999,16.043217,1795200,-,14.593563,14.494071,15.524359,15.942064,2373443.56
09/14/2006,25.627501,25.875000,25.526251,25.785000,16.212984,1554133,-,14.581750,14.455448,15.477319,15.898207,2384437.34
09/13/2006,25.920000,26.043751,25.818750,25.987499,16.340315,2065244,-,14.569901,14.411733,15.413302,15.833129,2399038.24
09/12/2006,25.559999,26.100000,25.559999,26.077499,16.396910,2411556,-,14.557734,14.373817,15.319575,15.742585,2386632.92
09/11/2006,25.143749,25.503750,24.918751,25.301250,15.908818,1791733,-,14.544895,14.331941,15.196492,15.607476,2366149.36
09/08/2006,25.323750,25.458750,25.188749,25.312500,15.915890,1617511,-,14.533931,14.296713,15.087202,15.492881,2378307.58
09/07/2006,24.862499,25.548750,24.806250,25.413750,15.979557,5347200,-,14.520915,14.253139,14.992415,15.381116,2373381.36
09/06/2006,25.087500,25.132500,24.772499,24.885000,15.647086,5612800,-,14.507016,14.208716,14.893736,15.268644,2311872.02
09/05/2006,24.356251,24.727501,24.266251,24.716249,15.540983,1090844,-,14.493257,14.179573,14.803192,15.193663,2234883.58
09/01/2006,24.615000,24.693750,24.367500,24.547501,15.434876,1098044,-,14.480100,14.150004,14.718661,15.137780,2260890.70
08/31/2006,24.761250,24.828751,24.525000,24.817499,15.604647,2283200,-,14.468570,14.122983,14.639082,15.106655,2265009.82
08/30/2006,24.446251,24.783751,24.311251,24.750000,15.562203,1612089,-,14.455979,14.096103,14.568698,15.056432,2257068.48
08/29/2006,24.232500,24.581249,23.996250,24.547501,15.434876,2669156,-,14.443423,14.059319,14.490887,14.993475,2282446.26
08/28/2006,23.456249,24.018749,23.456249,23.928749,15.045822,2129067,-,14.432140,14.027770,14.409185,14.896565,2291944.92
08/25/2006,23.400000,23.636250,23.377501,23.478750,14.762874,684444,-,14.422803,14.007398,14.360730,14.785507,2314240.02
08/24/2006,23.658751,23.670000,23.208750,23.535000,14.798240,1171733,-,14.413218,14.000183,14.321117,14.681523,2342618.70
08/23/2006,23.636250,23.872499,23.445000,23.625000,14.854835,1789422,-,14.403775,13.983064,14.257454,14.603713,2357530.70
08/22/2006,23.445000,23.996250,23.445000,23.692499,14.897273,1944000,-,14.393376,13.956892,14.187424,14.518827,2351893.38
08/21/2006,23.985001,23.985001,23.670000,23.827499,14.982153,1457333,-,14.383261,13.931143,14.119516,14.412722,2344060.50
08/18/2006,23.816250,24.108749,23.625000,24.052500,15.123630,1044356,-,14.370528,13.905112,14.036754,14.299542,2360913.84
08/17/2006,23.850000,24.232500,23.816250,24.018749,15.102410,1771289,-,14.354789,13.882335,13.937014,14.171508,2402044.50
08/16/2006,23.366249,23.782499,23.242500,23.748751,14.932640,2107556,-,14.339333,13.862245,13.854959,14.080965,2392771.60
08/15/2006,22.882500,23.051250,22.736250,23.006250,14.465775,1351467,-,14.324655,13.845127,13.813931,13.988299,2397781.36
08/14/2006,22.106251,22.578751,22.106251,22.162500,13.935244,3394311,-,14.311675,13.843712,13.754866,13.921806,2398316.46
08/11/2006,22.072500,22.094999,21.656250,21.825001,13.723036,1265156,-,14.302514,13.861821,13.711009,13.935953,2375532.46
08/10/2006,22.117500,22.297501,21.993750,22.297501,14.020132,2177333,-,14.294804,13.882052,13.683775,13.960711,2390848.00
08/09/2006,22.252501,22.781250,22.151251,22.275000,14.005982,4254933,-,14.285785,13.889408,13.643101,13.911195,2388846.22
08/08/2006,21.982500,22.320000,21.870001,22.004999,13.836215,2315378,-,14.276341,13.893936,13.624710,13.856020,2356275.56
08/07/2006,22.004999,22.162500,21.903749,22.027500,13.850360,1194400,-,14.266155,13.900868,13.633198,13.826311,2342892.44
08/04/2006,22.455000,22.556250,21.735001,22.016251,13.843288,1766311,-,14.257065,13.911478,13.627893,13.773965,2366935.10
08/03/2006,21.993750,22.758751,21.982500,22.578751,14.196974,1599911,-,14.247304,13.919259,13.625063,13.702520,2404254.22
08/02/2006,22.241249,22.443750,22.106251,22.275000,14.005982,1097511,-,14.236976,13.913883,13.620819,13.628954,2478755.56
08/01/2006,22.083750,22.117500,21.622499,21.948750,13.800844,2204889,-,14.227745,13.898321,13.621880,13.639564,2506195.56
07/31/2006,22.027500,22.410000,21.959999,22.387501,14.076720,1737600,-,14.219858,13.893087,13.654066,13.587926,2516348.44
07/28/2006,21.892500,22.342501,21.813749,22.218750,13.970614,2358578,-,14.207797,13.878798,13.665383,13.486065,2517251.56
07/27/2006,21.442499,21.870001,21.408751,21.510000,13.524971,2491378,-,14.195559,13.869602,13.674226,13.406839,2533975.12
07/26/2006,21.262501,21.611250,21.071251,21.397499,13.454233,1904000,-,14.186151,13.876534,13.684836,13.375007,2533957.34
07/25/2006,21.240000,21.588751,21.138750,21.532499,13.539118,2501422,-,14.177910,13.886154,13.700045,13.393399,2568554.68
07/24/2006,21.093750,21.240000,20.947500,21.195000,13.326904,3474578,-,14.169387,13.900160,13.732584,13.440085,2582586.68
07/21/2006,21.228750,21.240000,20.756250,20.879999,13.128840,4706756,-,14.161782,13.928880,13.769367,13.481820,2563468.46
07/20/2006,22.297501,22.308750,21.273750,21.408751,13.461308,6016178,-,14.155381,13.970473,13.817115,13.547606,2511656.90
07/19/2006,21.442499,22.567499,21.408751,22.443750,14.112088,5424267,-,14.146715,14.012067,13.857082,13.612684,2413813.34
07/18/2006,21.105000,21.228750,20.553749,21.127501,13.284465,3168889,-,14.134548,14.046870,13.837629,13.604196,2339715.56
07/17/2006,20.722500,20.868750,20.565001,20.767500,13.058105,1223378,-,14.126095,14.097800,13.866278,13.720205,2307196.44
07/14/2006,21.037500,21.059999,20.655001,20.958750,13.178356,2315733,-,14.118173,14.147458,13.914733,13.844702,2350407.10
07/13/2006,21.408751,21.600000,20.958750,21.003750,13.206653,2742844,-,14.109260,14.186788,13.975920,13.941612,2367120.00
07/12/2006,22.106251,22.106251,21.588751,21.690001,13.638151,2124711,-,14.100701,14.227533,14.012704,13.994665,2340108.46
07/11/2006,21.690001,22.308750,21.611250,22.275000,14.005982,2857867,-,14.089489,14.252291,14.008106,14.006691,2322289.80
07/10/2006,22.218750,22.252501,21.768749,21.858749,13.744256,2036711,-,14.076296,14.271248,13.988299,14.025082,2290081.80
07/07/2006,22.173750,22.252501,21.813749,21.926250,13.786696,3917778,-,14.065120,14.295582,13.985116,14.056914,2294510.24
07/06/2006,22.443750,22.556250,22.365000,22.443750,14.112088,2344889,-,14.054757,14.322604,13.995019,14.086624,2236357.34
07/05/2006,22.590000,22.635000,22.139999,22.308750,14.027206,2284178,-,14.044394,14.345664,13.994312,14.101479,2224448.00
07/03/2006,22.882500,23.028749,22.848749,22.972500,14.444555,1444978,-,14.035092,14.372403,13.996788,14.071062,2202151.10
06/30/2006,22.657499,22.747499,22.500000,22.747499,14.303077,1387378,-,14.022960,14.388955,13.994312,14.012350,2219772.42
06/29/2006,21.723749,22.511250,21.600000,22.500000,14.147457,2399644,-,14.012597,14.407630,14.021192,13.984763,2272792.86
06/28/2006,21.937500,21.993750,21.566250,21.847500,13.737183,1371200,-,14.003861,14.431964,14.050548,14.010229,2488728.86
06/27/2006,22.533751,22.533751,21.825001,21.881250,13.758406,2271733,-,13.997318,14.451770,14.083087,14.030742,2527048.86
06/26/2006,22.387501,22.601250,22.297501,22.567499,14.189898,1763378,-,13.990492,14.462805,14.106784,14.009521,2513002.64
06/23/2006,22.376249,22.702499,22.184999,22.365000,14.062575,2391200,-,13.980836,14.467898,14.106430,13.951516,2519127.08
06/22/2006,22.410000,22.545000,22.173750,22.398750,14.083797,1304000,-,13.971605,14.469879,14.122346,13.913318,2515381.30
06/21/2006,22.252501,22.927500,22.151251,22.680000,14.260638,1886133,-,13.961843,14.474547,14.129773,13.903415,2535013.30
06/20/2006,21.926250,22.184999,21.723749,21.825001,13.723036,2880978,-,13.949358,14.479357,14.113150,13.887145,2537111.08
06/19/2006,22.376249,22.421249,21.903749,22.038750,13.857434,3144089,-,13.939243,14.498173,14.088392,13.922513,2551859.52
06/16/2006,22.725000,22.747499,22.173750,22.308750,14.027206,3243822,-,13.929729,14.519536,14.072476,13.976274,2519726.18
06/15/2006,22.623751,22.950001,22.533751,22.905001,14.402113,2103378,-,13.918800,14.531420,14.039230,14.057621,2516421.30
06/14/2006,21.915001,22.320000,21.836250,22.173750,13.942319,1917333,-,13.906562,14.531703,13.994665,14.090868,2551271.08
06/13/2006,21.701250,21.948750,21.487499,21.543751,13.546191,1507556,-,13.895598,14.539484,13.991128,14.135432,2566542.20
06/12/2006,22.061251,22.106251,21.633751,21.645000,13.609855,1552356,-,13.887569,14.556744,14.010581,14.204047,2588410.64
06/09/2006,22.094999,22.230000,21.645000,21.757500,13.680593,2300000,-,13.879257,14.566789,14.042059,14.261344,2597244.40
06/08/2006,22.263750,22.376249,21.712500,22.241249,13.984760,3100889,-,13.871795,14.572306,14.096173,14.331374,2616631.06
06/07/2006,22.365000,22.927500,22.151251,22.421249,14.097941,1307644,-,13.863589,14.567355,14.157361,14.356132,2585034.62
06/06/2006,22.578751,22.635000,22.151251,22.387501,14.076720,2358044,-,13.854287,14.565374,14.229513,14.339155,2586341.30
06/05/2006,23.490000,23.512501,22.803749,22.893749,14.395040,1378222,-,13.844667,14.565232,14.318288,14.254271,2585068.42
06/02/2006,23.737499,23.782499,23.287500,23.602501,14.840683,2255111,-,13.834658,14.554056,14.390087,14.168678,2613214.20
06/01/2006,22.725000,23.467501,22.657499,23.433750,14.734578,2030933,-,13.820404,14.536796,14.425102,14.020838,2600648.86
05/31/2006,22.781250,22.905001,22.545000,22.882500,14.387963,2077244,-,13.808732,14.522224,14.445615,13.898462,2661322.64
05/30/2006,22.826250,22.860001,22.556250,22.635000,14.232342,2626400,-,13.798228,14.517273,14.488412,13.846824,2660567.10
05/26/2006,22.781250,22.781250,22.365000,22.556250,14.182823,1646222,-,13.789315,14.519253,14.520597,13.817114,2659804.44
05/25/2006,22.702499,22.961250,22.421249,22.871250,14.380890,2396533,-,13.780119,14.523922,14.559149,13.822773,2684149.34
05/24/2006,22.511250,22.826250,22.173750,22.635000,14.232342,3632267,-,13.770110,14.533542,14.588152,13.860972,2665758.24
05/23/2006,22.455000,22.725000,22.004999,22.151251,13.928172,5324978,-,13.760101,14.540899,14.633424,13.958590,2607552.02
05/22/2006,21.228750,21.251249,20.598749,21.037500,13.227874,2469511,-,13.752107,14.547690,14.700270,14.119871,2529671.12
05/19/2006,21.566250,21.611250,21.172501,21.532499,13.539118,2712533,-,13.748252,14.565233,14.807084,14.382306,2510190.24
05/18/2006,21.768749,21.903749,21.240000,21.251249,13.362275,1782756,-,13.743371,14.578673,14.893737,14.611495,2479703.14
05/17/2006,22.230000,22.263750,21.161249,21.487499,13.510821,3194756,-,13.739870,14.596216,14.987464,14.829365,2480645.36
05/16/2006,22.533751,22.556250,21.768749,22.061251,13.871582,2490489,-,13.734635,14.611778,15.080129,14.992769,2479936.02
05/15/2006,22.612499,22.635000,21.915001,22.162500,13.935244,3633867,-,13.727526,14.629038,15.122926,15.129999,2468712.90
05/12/2006,22.938749,23.118750,22.567499,22.646250,14.239417,3203022,-,13.720629,14.650825,15.141671,15.224080,2428430.22
05/11/2006,24.131250,24.209999,23.163750,23.478750,14.762874,2518667,-,13.711221,14.667802,15.151928,15.295525,2434952.90
05/10/2006,24.558750,24.626249,24.075001,24.187500,15.208519,2116178,-,13.700009,14.675300,15.121864,15.315331,2418659.56
05/09/2006,24.918751,24.918751,24.592501,24.716249,15.540983,1124000,-,13.686357,14.663699,15.077300,15.308258,2417356.44
05/08/2006,25.200001,25.334999,25.143749,25.211250,15.852226,1719378,-,13.671679,14.646298,15.025308,15.280670,2451041.78
05/05/2006,25.020000,25.177500,24.806250,25.177500,15.831005,1542933,-,13.655409,14.622247,14.965889,15.231861,2463552.00
05/04/2006,24.131250,24.795000,24.086250,24.716249,15.540983,3383911,-,13.640236,14.601875,14.920617,15.175979,2458752.00
05/03/2006,23.985001,24.120001,23.658751,24.086250,15.144855,3151378,-,13.623153,14.590840,14.874638,15.145562,2469665.78
05/02/2006,24.209999,24.344999,24.086250,24.243750,15.243887,1392267,-,13.606742,14.594518,14.838208,15.167490,2443335.10
05/01/2006,23.985001,23.985001,23.568750,23.658751,14.876054,1233778,-,13.591003,14.599045,14.792582,15.115852,2446353.76
04/28/2006,23.838751,23.906250,23.613750,23.782499,14.953862,1247467,-,13.577811,14.616163,14.769239,15.059262,2456305.76
04/27/2006,23.692499,23.917500,23.591249,23.793751,14.960939,2258133,-,13.563981,14.630877,14.727150,15.008331,2458794.64
04/26/2006,24.131250,24.243750,23.928749,24.075001,15.137781,1010133,-,13.548561,14.647854,14.676927,14.928397,2448154.64
04/25/2006,24.547501,24.558750,24.030001,24.277500,15.265107,1749422,-,13.532468,14.658323,14.606897,14.846342,2451818.64
04/24/2006,24.209999,24.502501,24.030001,24.434999,15.364139,1169333,-,13.513192,14.669641,14.543587,14.769946,2461559.08
04/21/2006,24.434999,24.525000,24.165001,24.288750,15.272182,2326044,-,13.492572,14.685627,14.478862,14.699916,2492307.54
04/20/2006,24.142500,24.434999,24.108749,24.232500,15.236811,4038400,-,13.472270,14.703453,14.407064,14.665254,2489248.00
04/19/2006,23.737499,24.480000,23.681250,24.434999,15.364139,13196444,-,13.451615,14.716327,14.344108,14.603714,2454561.78
04/18/2006,22.995001,23.737499,22.950001,23.422501,14.727504,3287200,-,13.429970,14.725948,14.276200,14.508926,2248677.34
04/17/2006,23.062500,23.287500,22.668751,22.758751,14.310152,1569422,-,13.411719,14.746461,14.246844,14.469313,2228432.00
04/13/2006,22.860001,23.006250,22.612499,22.972500,14.444555,2069600,-,13.396723,14.778859,14.247905,14.479216,2241882.68
04/12/2006,22.567499,22.702499,22.387501,22.522499,14.161604,2203911,-,13.381515,14.812954,14.246490,14.445970,2272993.80
04/11/2006,23.118750,23.152500,22.668751,22.770000,14.317226,2285600,-,13.367615,14.849455,14.281505,14.425456,2284641.80
04/10/2006,23.343750,23.400000,22.882500,23.062500,14.501145,1991022,-,13.353149,14.888926,14.295653,14.367452,2283843.58
04/07/2006,23.658751,23.726250,23.084999,23.321251,14.663840,3618400,-,13.339320,14.932359,14.283981,14.317228,2373185.80
04/06/2006,23.602501,23.850000,23.501249,23.737499,14.925569,1537422,-,13.325809,14.967303,14.256040,14.257809,2354611.58
04/05/2006,22.781250,23.355000,22.781250,23.253750,14.621401,3078578,-,13.310211,14.988100,14.220318,14.148873,2417838.26
04/04/2006,22.758751,23.141251,22.668751,22.927500,14.416260,3845867,-,13.295533,15.006350,14.201219,14.084502,2468792.92
04/03/2006,22.680000,23.051250,22.601250,22.792500,14.331376,2680889,-,13.282093,15.022195,14.194852,14.043474,2457082.70
03/31/2006,22.882500,23.096251,22.758751,22.916250,14.409186,2600978,-,13.268264,15.030967,14.215012,14.024375,2449024.04
03/30/2006,22.376249,22.556250,22.263750,22.443750,14.112088,1994044,-,13.253622,15.048934,14.245783,14.016594,2544184.92
03/29/2006,22.117500,22.308750,21.959999,22.196251,13.956469,3269333,-,13.240712,15.069306,14.294592,14.047011,2688967.16
03/28/2006,22.117500,22.207500,21.768749,21.847500,13.737183,1521067,-,13.228298,15.082180,14.353657,14.137555,2708961.84
03/27/2006,22.376249,22.455000,22.173750,22.263750,13.998910,1372978,-,13.217086,15.105241,14.398222,14.223854,2741228.50
03/24/2006,22.128750,22.488750,22.004999,22.376249,14.069646,2294400,-,13.205308,15.122218,14.431822,14.250734,2803752.94
03/23/2006,22.286249,22.477501,21.926250,22.004999,13.836215,2785511,-,13.192151,15.146693,14.460824,14.254271,2850593.82
03/22/2006,22.072500,22.286249,22.027500,22.230000,13.977686,1626844,-,13.179701,15.184750,14.509633,14.291762,2848963.60
03/21/2006,22.275000,22.725000,22.139999,22.275000,14.005982,5064622,-,13.167216,15.223514,14.560211,14.317935,2907712.06
03/20/2006,22.646250,22.725000,22.398750,22.488750,14.140385,2039467,-,13.155474,15.253931,14.626350,14.346230,2867219.62
03/17/2006,22.691250,22.905001,22.545000,22.792500,14.331376,2588267,-,13.144226,15.271615,14.692843,14.405650,2884876.50
03/16/2006,23.580000,23.580000,22.905001,22.927500,14.416260,2863467,-,13.130043,15.278972,14.762872,14.474972,2888501.38
03/15/2006,23.602501,23.703751,23.411249,23.636250,14.861904,1476978,-,13.114976,15.279962,14.826536,14.542173,2881875.60
03/14/2006,22.668751,23.242500,22.668751,23.219999,14.600178,721956,-,13.099061,15.266805,14.873930,14.569760,2871822.26
03/13/2006,22.747499,22.950001,22.646250,22.691250,14.267711,1430933,-,13.084489,15.259307,14.926983,14.572589,2879557.36
03/10/2006,22.533751,22.623751,22.275000,22.432501,14.105018,1495467,-,13.069917,15.258741,15.005148,14.612910,2868542.26
03/09/2006,22.972500,23.028749,22.578751,22.601250,14.211122,1188178,-,13.056406,15.261287,15.108070,14.667377,2879239.14
03/08/2006,22.533751,22.770000,22.421249,22.646250,14.239417,1829867,-,13.042612,15.261146,15.205688,14.727504,2872650.70
03/07/2006,23.242500,23.276251,22.601250,22.725000,14.288935,3159289,-,13.027863,15.260014,15.287743,14.802486,2862288.02
03/06/2006,23.613750,23.805000,23.287500,23.433750,14.734578,1929333,-,13.012443,15.256901,15.365554,14.906469,2826524.46
03/03/2006,23.692499,24.142500,23.647499,23.895000,15.024601,1619733,-,12.996138,15.241198,15.416485,14.980035,2826887.14
03/02/2006,23.737499,24.086250,23.737499,23.996250,15.088263,3529156,-,12.977675,15.219977,15.461757,15.050773,2846769.82
03/01/2006,23.580000,24.131250,23.557501,24.075001,15.137781,1704000,-,12.958612,15.196916,15.514810,15.110900,2796892.48
02/28/2006,23.523750,23.602501,23.197500,23.264999,14.628469,2051022,-,12.938805,15.172724,15.557252,15.178100,2787870.26
02/27/2006,23.377501,23.467501,23.208750,23.332500,14.670915,2808267,-,12.918893,15.163387,15.640368,15.281376,2769715.60
02/24/2006,23.591249,23.591249,23.242500,23.298750,14.649693,2344889,-,12.899086,15.152069,15.740461,15.397385,2747920.04
02/23/2006,23.917500,23.917500,23.523750,23.557501,14.812391,1302933,-,12.879068,15.138346,15.828529,15.548763,2757756.48
02/22/2006,23.906250,23.951250,23.602501,23.838751,14.989232,3929600,-,12.858872,15.121510,15.886180,15.683871,2770206.26
02/21/2006,24.581249,24.660000,24.187500,24.378750,15.328767,1834844,-,12.837439,15.100289,15.913414,15.773000,2742501.38
02/17/2006,24.716249,24.862499,24.525000,24.603750,15.470242,1543200,-,12.814378,15.074541,15.907401,15.824639,2801393.84
02/16/2006,25.222500,25.323750,24.761250,25.020000,15.731974,1731378,-,12.790045,15.048368,15.872386,15.852934,2822666.72
02/15/2006,25.155001,25.200001,24.727501,24.952499,15.689531,1371911,-,12.763306,15.009887,15.851165,15.872740,2840062.28
02/14/2006,24.851250,25.222500,24.693750,25.143749,15.809784,1726133,-,12.735931,14.975226,15.823224,15.918719,2958488.94
02/13/2006,24.772499,25.065001,24.750000,24.907499,15.661235,1193333,-,12.708131,14.941555,15.762744,15.936404,2966158.28
02/10/2006,25.436251,25.481251,24.840000,25.177500,15.831005,2236444,-,12.681109,14.899254,15.724192,15.999359,2974206.28
02/09/2006,25.683750,26.077499,25.650000,25.706249,16.163471,2706756,-,12.655149,14.856245,15.675030,16.083537,2968478.28
02/08/2006,25.458750,25.728750,25.278749,25.706249,16.163471,2173067,-,12.627703,14.809842,15.631527,16.108295,2980904.94
02/07/2006,25.245001,25.593750,25.098749,25.256250,15.880524,2304089,-,12.601636,14.764711,15.610305,16.088488,2947404.48
02/06/2006,24.918751,25.256250,24.828751,25.200001,15.845149,2902222,-,12.577090,14.723684,15.612073,16.053827,2942003.58
02/03/2006,25.008751,25.267500,24.941250,25.053749,15.753194,2274933,-,12.553322,14.681100,15.596158,15.990164,2960540.48
02/02/2006,25.740000,25.841249,25.166250,25.334999,15.930039,2241956,-,12.528317,14.632291,15.559728,15.891839,2938238.26
02/01/2006,25.312500,25.717501,25.312500,25.683750,16.149323,3625156,-,12.502533,14.577682,15.498186,15.829590,2923624.92
01/31/2006,25.503750,25.559999,25.233749,25.424999,15.986625,2786311,-,12.474698,14.512604,15.414009,15.727729,2893397.36
01/30/2006,26.201250,26.302500,25.785000,25.908751,16.290792,2245689,-,12.447146,14.451062,15.324880,15.589084,2895642.70
01/27/2006,26.246250,26.594999,26.212500,26.516251,16.672781,6458133,-,12.419204,14.387823,15.221604,15.449025,2914218.70
01/26/2006,25.987499,26.280001,25.841249,26.100000,16.411051,2689689,-,12.389884,14.316096,15.099936,15.266523,2819639.16
01/25/2006,24.896250,25.424999,24.851250,25.391251,15.965405,4698756,-,12.365515,14.248895,14.991000,15.154758,2800350.26
01/24/2006,24.221251,24.806250,24.221251,24.705000,15.533911,5626311,-,12.343657,14.193154,14.902932,15.132122,2742405.36
01/23/2006,24.063749,24.232500,23.760000,24.187500,15.208519,3260356,-,12.324063,14.146043,14.835378,15.170320,2708892.48
01/20/2006,24.367500,24.367500,23.366249,23.490000,14.769944,2277956,-,12.305459,14.098791,14.781618,15.202151,2689157.36
01/19/2006,24.108749,24.716249,24.075001,24.344999,15.307552,7359022,-,12.288517,14.061583,14.740590,15.227617,2694014.24
01/18/2006,23.940001,24.963751,23.928749,24.063749,15.130705,9233156,-,12.268782,14.010935,14.673390,15.166782,2597825.80
01/17/2006,22.938749,23.253750,22.803749,23.219999,14.600178,4269067,-,12.250425,13.965805,14.613617,15.100289,2499639.12
01/13/2006,23.681250,23.805000,23.490000,23.681250,14.890205,3134400,-,12.235358,13.922513,14.580016,15.060676,2477831.12
01/12/2006,23.568750,23.895000,23.557501,23.613750,14.847759,4499200,-,12.220220,13.864226,14.543586,14.994183,2465774.24
01/11/2006,24.480000,24.513750,24.052500,24.322500,15.293404,4636444,-,12.205684,13.807494,14.506449,14.933348,2433406.24
01/10/2006,24.828751,25.110001,24.828751,25.031250,15.739043,2704000,-,12.187328,13.741567,14.439956,14.827242,2388689.80
01/09/2006,24.772499,25.447500,24.727501,25.312500,15.915890,4564267,-,12.168052,13.664181,14.351535,14.673743,2373171.58
01/06/2006,24.727501,24.761250,24.525000,24.693750,15.526832,3040000,-,12.148316,13.587926,14.252149,14.500436,2397112.90
01/05/2006,23.568750,23.940001,23.535000,23.895000,15.024601,2922311,-,12.130950,13.521008,14.177875,14.361084,2376032.02
01/04/2006,23.107500,23.535000,23.062500,23.377501,14.699207,2769511,-,12.115317,13.464843,14.134725,14.253563,2340403.58
01/03/2006,22.905001,23.118750,22.680000,23.006250,14.465775,2532178,-,12.100604,13.413205,14.090160,14.179997,2326044.48
12/30/2005,22.455000,22.702499,22.342501,22.590000,14.204048,974311,-,12.087694,13.359869,14.064695,14.126944,2316584.92
12/29/2005,22.590000,22.972500,22.567499,22.623751,14.225268,1108711,-,12.076801,13.316436,14.060805,14.099356,2353909.36
12/28/2005,22.792500,22.837500,22.500000,22.646250,14.239417,880178,-,12.065518,13.269750,14.026851,14.092990,2380737.80
12/27/2005,22.612499,22.860001,22.590000,22.635000,14.232342,2030311,-,12.054766,13.227590,13.998910,14.079550,2394085.36
12/23/2005,22.410000,22.713751,22.410000,22.590000,14.204048,858756,-,12.045216,13.186138,13.979457,14.052670,2445367.14
12/22/2005,22.230000,22.635000,22.207500,22.556250,14.182823,1311733,-,12.035278,13.146525,13.964602,14.029327,2555836.46
12/21/2005,22.230000,22.578751,22.218750,22.477501,14.133311,1371111,-,12.026789,13.096160,13.946918,14.003862,2592631.14
12/20/2005,22.218750,22.342501,22.049999,22.184999,13.949394,1947467,-,12.017947,13.043956,13.926050,13.994665,2618474.70
12/19/2005,22.466249,22.612499,22.184999,22.207500,13.963543,2613867,-,12.010626,12.997836,13.894219,14.015886,2605962.70
12/16/2005,22.286249,22.353750,22.083750,22.162500,13.935244,1035289,-,12.004224,12.954686,13.856020,14.000324,2588382.24
12/15/2005,22.252501,22.297501,22.083750,22.151251,13.928172,1252889,-,11.998388,12.912668,13.804029,14.002446,2639269.34
12/14/2005,22.500000,22.623751,22.320000,22.522499,14.161604,1143289,-,11.992305,12.870226,13.753098,14.022253,2674218.68
12/13/2005,22.263750,22.803749,22.241249,22.432501,14.105018,1718489,-,11.986646,12.823963,13.701460,13.960712,2702513.78
12/12/2005,22.410000,22.488750,22.151251,22.207500,13.963543,2836711,-,11.982083,12.776428,13.650529,13.918269,2687866.66
12/09/2005,22.072500,22.331249,21.971251,22.218750,13.970614,1925422,-,11.977061,12.730732,13.604903,13.906244,2654814.22
12/08/2005,22.500000,22.612499,21.948750,22.151251,13.928172,2544356,-,11.973418,12.683196,13.565290,13.899877,2671592.90
12/07/2005,22.286249,22.432501,22.207500,22.331249,14.041350,4779467,-,11.969138,12.634104,13.527799,13.889974,2644608.00
12/06/2005,22.353750,22.725000,22.218750,22.522499,14.161604,2606844,-,11.963126,12.581193,13.468026,13.857435,2593223.10
12/05/2005,22.027500,22.106251,21.847500,21.959999,13.807918,2601156,-,11.955840,12.527857,13.405424,13.772551,2565859.56
12/02/2005,22.331249,22.590000,22.083750,22.196251,13.956469,7293244,-,11.949438,12.479614,13.353786,13.711717,2545747.56
12/01/2005,21.971251,22.511250,21.959999,22.466249,14.126238,2109600,-,11.942081,12.427834,13.299672,13.605611,2454314.68
11/30/2005,21.746250,21.746250,21.521250,21.543751,13.546191,1595733,-,11.933982,12.375489,13.215141,13.483943,2463440.02
11/29/2005,21.791250,21.892500,21.678749,21.757500,13.680593,1950044,-,11.929419,12.338847,13.136622,13.442208,2502817.80
11/28/2005,22.128750,22.128750,21.802500,22.016251,13.843288,3328089,-,11.923902,12.306025,13.053152,13.382788,2498222.26
11/25/2005,22.094999,22.196251,21.982500,22.117500,13.906951,498044,-,11.916015,12.272495,12.960840,13.303562,2457603.60
11/23/2005,21.937500,22.173750,21.937500,21.993750,13.829140,2034044,-,11.905439,12.234722,12.858978,13.230703,2498848.06
11/22/2005,21.150000,21.836250,21.071251,21.813749,13.715961,3829067,-,11.894794,12.202748,12.772679,13.165625,2485976.96
11/21/2005,21.003750,21.352501,21.003750,21.172501,13.312758,1159822,-,11.885704,12.176434,12.695929,13.078618,2436961.84
11/18/2005,20.666250,21.059999,20.666250,20.992500,13.199578,1511289,-,11.878170,12.158750,12.641107,13.038297,2456664.96
11/17/2005,20.418751,20.576250,20.272499,20.508751,12.895411,2113778,-,11.871733,12.142621,12.586993,12.995855,2462899.62
11/16/2005,20.441250,20.643749,20.407499,20.531250,12.909555,2898578,-,11.864483,12.129889,12.532172,12.993733,2449936.06
11/15/2005,20.700001,21.093750,20.666250,20.879999,13.128840,3174489,-,11.858435,12.116024,12.488315,12.946339,2432657.84
11/14/2005,20.834999,20.913750,20.643749,20.812500,13.086398,1729156,-,11.851007,12.096076,12.426419,12.831037,2405733.40
11/11/2005,20.834999,20.981251,20.666250,20.756250,13.051030,1725244,-,11.843686,12.069621,12.378672,12.723516,2387304.94
11/10/2005,20.891251,21.059999,20.610001,20.958750,13.178356,1801511,-,11.834914,12.042599,12.334108,12.618117,2414501.40
11/09/2005,20.486250,21.093750,20.452499,20.958750,13.178356,3950667,-,11.825577,12.018124,12.286360,12.487254,2413543.18
11/08/2005,20.306250,20.610001,20.272499,20.430000,12.845892,2273600,-,11.813269,11.991385,12.210671,12.379733,2351934.28
11/07/2005,20.295000,20.610001,20.295000,20.531250,12.909555,2520800,-,11.802022,11.973559,12.144532,12.313240,2339665.84
11/04/2005,20.373751,20.531250,20.115000,20.317499,12.775155,2549600,-,11.789501,11.950358,12.081222,12.243918,2320145.84
11/03/2005,20.441250,20.756250,20.351250,20.475000,12.874187,4323822,-,11.778466,11.933664,12.032767,12.178132,2288481.84
11/02/2005,19.158751,19.957500,19.158751,19.777500,12.435616,3178667,-,11.766122,11.915130,11.980775,12.070611,2240695.18
11/01/2005,19.001249,19.125000,18.877501,19.046249,11.975821,2531556,-,11.756290,11.910179,11.949297,12.030291,2198410.72
10/31/2005,18.978750,19.147499,18.956249,19.102501,12.011190,2880800,-,11.750171,11.917536,11.942930,12.021802,2166837.38
10/28/2005,18.855000,19.091249,18.641251,19.080000,11.997045,2400622,-,11.744760,11.922063,11.928783,12.033828,2120144.04
10/27/2005,19.248751,19.282499,18.809999,18.877501,11.869719,1928089,-,11.738040,11.925175,11.912867,12.050098,2098247.16
10/26/2005,19.530001,19.653749,19.203751,19.248751,12.103152,5761333,-,11.732699,11.935644,11.899073,12.085466,2112833.82
10/25/2005,19.338751,19.575001,19.282499,19.372499,12.180961,1985956,-,11.723397,11.933381,11.867595,12.041609,2035676.50
10/24/2005,19.316250,19.485001,19.248751,19.428749,12.216331,1140889,-,11.715085,11.937766,11.828336,11.975823,2009710.26
10/21/2005,19.170000,19.440001,19.057501,19.271250,12.117297,2051556,-,11.705713,11.939181,11.792260,11.918526,2000792.92
10/20/2005,19.057501,19.136250,18.764999,18.764999,11.798980,2059200,-,11.697295,11.945830,11.756184,11.887401,1988752.02
10/19/2005,18.764999,19.136250,18.652500,19.136250,12.032411,2840533,-,11.691318,11.956724,11.734609,11.890938,1986951.14
10/18/2005,19.001249,19.046249,18.821251,18.911249,11.890938,2450133,-,11.684951,11.963656,11.708436,11.868303,1942709.36
10/17/2005,19.383751,19.440001,19.248751,19.293751,12.131446,1547556,-,11.681132,11.970447,11.699594,11.864058,1907639.14
10/14/2005,19.496250,19.575001,19.271250,19.338751,12.159743,4594400,-,11.676781,11.974408,11.694996,11.823738,1889180.46
10/13/2005,18.652500,19.575001,18.562500,19.440001,12.223403,6382222,-,11.672113,11.980350,11.695349,11.775637,1821765.34
10/12/2005,18.911249,18.956249,18.416250,18.551250,11.664578,3151467,-,11.666949,11.987141,11.685092,11.712681,1714028.46
10/11/2005,18.461250,18.551250,18.281250,18.326250,11.523105,2663289,-,11.664261,12.007089,11.713387,11.693582,1682373.34
10/10/2005,18.753750,18.798750,18.495001,18.517500,11.643356,1321867,-,11.662386,12.025905,11.757245,11.680849,1644826.68
10/07/2005,18.900000,18.945000,18.641251,18.776251,11.806054,1734844,-,11.659804,12.042033,11.796504,11.665994,1643192.90
10/06/2005,18.911249,19.068750,18.618750,18.821251,11.834351,3579644,-,11.656020,12.057029,11.825860,11.624966,1645928.90
10/05/2005,18.978750,19.012501,18.686251,18.776251,11.806054,3000356,-,11.652023,12.067499,11.847081,11.578279,1618419.58
10/04/2005,19.023750,19.226250,18.776251,18.843750,11.848495,2558044,-,11.647178,12.081788,11.867595,11.548569,1591863.12
10/03/2005,18.686251,18.821251,18.629999,18.652500,11.728244,986133,-,11.642969,12.094379,11.881742,11.535129,1578791.12
09/30/2005,18.393749,18.607500,18.382500,18.573750,11.678727,1184089,-,11.639998,12.111922,11.883510,11.566253,1582995.58
09/29/2005,18.202499,18.506250,18.045000,18.438749,11.593843,2764356,-,11.638442,12.130313,11.884571,11.615062,1594474.68
09/28/2005,18.270000,18.371250,17.988750,18.247499,11.473589,1195111,-,11.636991,12.154364,11.902609,11.657504,1603626.68
09/27/2005,18.022499,18.213751,18.022499,18.123751,11.395775,2210222,-,11.635683,12.167380,11.921001,11.733193,1618551.12
09/26/2005,18.303749,18.427500,18.202499,18.281250,11.494809,1238667,-,11.633702,12.176717,11.948943,11.833640,1601781.34
09/23/2005,18.033751,18.258751,18.033751,18.123751,11.395775,1595556,-,11.632004,12.188742,11.961675,11.927014,1617664.00
09/22/2005,18.247499,18.292500,17.910000,18.078751,11.367482,2721600,-,11.632181,12.205578,11.988909,12.026753,1685246.22
09/21/2005,18.371250,18.573750,18.236250,18.303749,11.508955,2565867,-,11.633136,12.221989,12.017912,12.115882,1886524.44
09/20/2005,18.866249,19.035000,18.607500,18.629999,11.714092,3564622,-,11.634339,12.229346,12.051866,12.186620,1896684.44
09/19/2005,19.395000,19.395000,19.035000,19.147499,12.039487,1720267,-,11.633738,12.233448,12.083344,12.228355,1868691.56
09/16/2005,19.305000,19.383751,19.203751,19.350000,12.166814,1297156,-,11.629316,12.220857,12.093247,12.200767,1857719.10
09/15/2005,19.327499,19.350000,19.023750,19.113750,12.018266,2560267,-,11.624223,12.202324,12.092540,12.154081,1862135.10
09/14/2005,19.665001,19.732500,19.350000,19.451250,12.230477,1390489,-,11.618105,12.186196,12.111285,12.147715,1827438.20
09/13/2005,19.698750,19.934999,19.642500,19.721251,12.400248,1378311,-,11.611950,12.163701,12.099260,12.108809,1817455.98
09/12/2005,19.575001,19.777500,19.541250,19.766251,12.428540,2144978,-,11.604417,12.136397,12.099260,12.064245,1818805.32
09/09/2005,19.665001,19.833750,19.586250,19.709999,12.393170,1823022,-,11.596459,12.109375,12.092186,11.996337,1801111.10
09/08/2005,19.372499,19.586250,19.361250,19.496250,12.258772,1465600,-,11.588890,12.087730,12.095016,11.951066,1784334.22
09/07/2005,19.192499,19.440001,19.102501,19.428749,12.216331,2034667,-,11.582559,12.070611,12.099260,11.919941,1789360.00
09/06/2005,19.080000,19.305000,19.068750,19.293751,12.131446,1828267,-,11.576193,12.053917,12.107395,11.917111,1770136.88
09/02/2005,18.731251,18.843750,18.686251,18.708750,11.763609,807733,-,11.572338,12.039770,12.112346,11.938333,1762472.88
09/01/2005,18.900000,18.933750,18.360001,18.607500,11.699948,3085067,-,11.570357,12.039204,12.140641,11.985727,1789996.44
08/31/2005,18.674999,19.012501,18.629999,19.012501,11.954603,1753600,-,11.566926,12.044438,12.178486,12.030999,1756010.66
08/30/2005,18.787500,18.843750,18.674999,18.832500,11.841424,870222,-,11.562859,12.041467,12.208903,12.074855,1747774.22
08/29/2005,18.686251,19.068750,18.686251,19.012501,11.954603,1660178,-,11.559393,12.038355,12.249930,12.089710,1751856.00
08/26/2005,19.046249,19.091249,18.663750,18.686251,11.749463,1544800,-,11.553981,12.033828,12.275396,12.134275,1754357.32
08/25/2005,18.978750,19.091249,18.933750,18.990000,11.940455,966400,-,11.548428,12.030149,12.310411,12.188035,1752463.98
08/24/2005,19.046249,19.316250,18.922501,19.001249,11.947528,1934489,-,11.543088,12.020954,12.341181,12.238966,1766076.42
08/23/2005,19.608749,19.620001,19.293751,19.383751,12.188034,1064444,-,11.537393,12.012607,12.361695,12.278579,1767486.20
08/22/2005,19.507500,19.698750,19.417500,19.631250,12.343658,952889,-,11.529683,11.998318,12.378319,12.297678,1770703.98
08/19/2005,19.417500,19.552500,19.406250,19.462500,12.237551,546133,-,11.519532,11.981341,12.385039,12.286360,1780426.64
08/18/2005,19.451250,19.473749,19.282499,19.327499,12.152667,1305778,-,11.508391,11.969457,12.403430,12.295556,1796143.98
08/17/2005,19.417500,19.833750,19.417500,19.709999,12.393170,2657422,-,11.497215,11.955168,12.425712,12.325973,1798721.76
08/16/2005,19.676250,19.676250,19.057501,19.068750,11.989972,1903467,-,11.485366,11.934230,12.445873,12.342950,1775004.44
08/15/2005,19.406250,19.754999,19.406250,19.721251,12.400248,687644,-,11.475817,11.924043,12.452593,12.410150,1759434.66
08/12/2005,19.485001,19.608749,19.462500,19.541250,12.287068,695022,-,11.464145,11.909189,12.425712,12.416517,1785838.22
08/11/2005,19.642500,19.844999,19.575001,19.799999,12.449762,1449511,-,11.452049,11.901266,12.416163,12.432786,1829683.56
08/10/2005,19.833750,20.047501,19.563749,19.631250,12.343658,1969156,-,11.437972,11.882167,12.405552,12.443397,1821260.46
08/09/2005,19.575001,19.788750,19.563749,19.687500,12.379026,628444,-,11.425345,11.863351,12.397771,12.444811,1814940.46
08/08/2005,19.687500,19.743750,19.417500,19.451250,12.230477,696622,-,11.411905,11.849345,12.372659,12.458959,1841687.14
08/05/2005,19.788750,19.889999,19.485001,19.608749,12.329507,624622,-,11.400092,11.838451,12.357097,12.483717,1862851.58
08/04/2005,19.856251,20.047501,19.788750,19.811251,12.456837,1223644,-,11.385803,11.818928,12.311118,12.511305,1872451.58
08/03/2005,19.980000,20.115000,19.822500,19.980000,12.562943,995378,-,11.370029,11.797848,12.250284,12.525452,1902325.36
08/02/2005,19.844999,20.182501,19.844999,20.137501,12.661975,1568711,-,11.353476,11.775637,12.182730,12.548795,1919884.46
08/01/2005,19.833750,19.980000,19.766251,19.822500,12.463911,785956,-,11.336959,11.748190,12.104919,12.495035,1907180.46
07/29/2005,19.991249,20.013750,19.687500,19.799999,12.449762,1240178,-,11.320053,11.723008,12.033474,12.434908,1929484.46
07/28/2005,19.732500,20.002501,19.575001,19.968750,12.555871,1871644,-,11.304066,11.703484,11.964859,12.399539,1964586.68
07/27/2005,19.541250,19.709999,19.327499,19.653749,12.357804,2204178,-,11.286630,11.679009,11.902610,12.367707,1965344.02
07/26/2005,19.844999,19.991249,19.698750,19.912500,12.520501,1672533,-,11.271032,11.657364,11.854862,12.350730,1948803.58
07/25/2005,19.878750,20.002501,19.799999,19.844999,12.478058,1904444,-,11.255328,11.630484,11.797919,12.286359,1987907.58
07/22/2005,20.126249,20.205000,19.901251,20.047501,12.605385,1196356,-,11.240969,11.593842,11.745219,12.230477,1996151.14
07/21/2005,20.261250,20.373751,19.957500,20.036249,12.598310,1758044,-,11.226397,11.555926,11.701716,12.110931,1993304.90
07/20/2005,19.417500,20.396250,19.305000,20.351250,12.796373,3221956,-,11.211754,11.516879,11.669884,11.975115,1982657.80
07/19/2005,19.046249,19.395000,18.956249,19.282499,12.124372,1941333,-,11.195874,11.476418,11.620368,11.816664,1934024.90
07/18/2005,19.023750,19.023750,18.742500,18.866249,11.862644,1371733,-,11.182469,11.447981,11.598440,11.714802,1938003.58
07/15/2005,19.113750,19.305000,18.945000,19.237499,12.096075,2032800,-,11.168675,11.425062,11.591720,11.632040,1954069.36
07/14/2005,19.293751,19.620001,19.226250,19.462500,12.237551,4974667,-,11.153255,11.395211,11.565193,11.530178,1960090.70
07/13/2005,18.461250,19.485001,18.337500,19.383751,12.188034,12785511,-,11.138895,11.358145,11.527349,11.437513,1890504.92
07/12/2005,18.877501,19.023750,18.731251,18.888750,11.876791,3073867,-,11.125136,11.318674,11.494456,11.358994,1673612.48
07/11/2005,18.528749,18.956249,18.483749,18.956249,11.919231,2164978,-,11.113394,11.286134,11.474296,11.309478,1680949.36
07/08/2005,17.786249,18.213751,17.775000,18.146250,11.409928,1171644,-,11.102536,11.252888,11.453075,11.259962,1712501.36
07/07/2005,17.493750,17.910000,17.482500,17.876249,11.240153,1517956,-,11.094649,11.237467,11.464746,11.292501,1725991.14
07/06/2005,17.898750,18.022499,17.808750,17.831249,11.211860,825422,-,11.089273,11.226149,11.474650,11.364653,1755669.36
07/05/2005,17.415001,17.741249,17.381250,17.662500,11.105756,891378,-,11.082376,11.220915,11.481370,11.424073,1760439.14
07/01/2005,17.673750,17.763750,17.471251,17.549999,11.035019,1445778,-,11.075550,11.218227,11.500115,11.482077,1769662.24
06/30/2005,17.898750,17.955000,17.617500,17.617500,11.077460,1260267,-,11.068264,11.219358,11.531239,11.551399,1794328.90
06/29/2005,18.067499,18.101250,17.921249,17.988750,11.310893,984178,-,11.060483,11.212850,11.571913,11.600208,1807440.00
06/28/2005,17.955000,18.191250,17.887501,18.135000,11.402850,1716889,-,11.053833,11.202098,11.581109,11.617185,1826855.10
06/27/2005,18.180000,18.236250,18.022499,18.101250,11.381628,1073511,-,11.046441,11.185687,11.581109,11.629918,1842378.66
06/24/2005,18.562500,18.618750,18.135000,18.168751,11.424074,1445067,-,11.038200,11.167579,11.595964,11.639114,1904343.10
06/23/2005,18.956249,19.181250,18.652500,18.663750,11.735316,2183911,-,11.027413,11.153148,11.609050,11.646187,1931935.98
06/22/2005,18.967501,19.046249,18.821251,19.023750,11.961677,1385778,-,11.013867,11.134615,11.589951,11.636992,2072279.10
06/21/2005,18.495001,18.798750,18.472500,18.776251,11.806054,1341778,-,10.999189,11.126126,11.562010,11.584646,2098078.20
06/20/2005,18.405001,18.719999,18.326250,18.584999,11.685798,1074311,-,10.984051,11.121882,11.544326,11.538666,2092707.52
06/17/2005,18.629999,18.843750,18.607500,18.652500,11.728244,1785244,-,10.973016,11.120468,11.524519,11.518153,2096767.96
06/16/2005,18.292500,18.472500,18.281250,18.393749,11.565548,1450133,-,10.961132,11.115657,11.498346,11.511079,2100590.20
06/15/2005,18.292500,18.450001,17.988750,18.258751,11.480662,1647022,-,10.949071,11.111979,11.493748,11.543618,2106842.66
06/14/2005,18.517500,18.584999,18.303749,18.337500,11.530178,2004978,-,10.938142,11.109574,11.486321,11.545033,2100986.66
06/13/2005,18.191250,18.371250,18.123751,18.247499,11.473589,1225333,-,10.927178,11.108159,11.473588,11.532300,2098949.32
06/10/2005,18.562500,18.573750,18.146250,18.281250,11.494809,1439022,-,10.917133,11.110423,11.458733,11.552814,2130931.54
06/09/2005,18.303749,18.528749,18.123751,18.517500,11.643356,1332000,-,10.907513,11.117780,11.416291,11.571913,2160019.54
06/08/2005,18.405001,18.506250,18.180000,18.191250,11.438220,1434667,-,10.896655,11.123722,11.369604,11.542911,2174691.54
06/07/2005,18.213751,18.382500,18.022499,18.045000,11.346260,1471556,-,10.888025,11.127400,11.329991,11.539374,2183770.64
06/06/2005,18.281250,18.337500,18.101250,18.258751,11.480662,1124978,-,10.879501,11.138152,11.301343,11.549985,2174979.52
06/03/2005,18.787500,18.832500,18.528749,18.540001,11.657507,2007822,-,10.870376,11.147914,11.262437,11.530885,2172903.08
06/02/2005,18.416250,18.967501,18.405001,18.911249,11.890938,2887289,-,10.860579,11.155836,11.215397,11.485613,2174956.42
06/01/2005,18.000000,18.438749,17.977501,18.281250,11.494809,1028356,-,10.848695,11.155978,11.151026,11.443878,2172648.86
05/31/2005,18.562500,18.562500,18.123751,18.135000,11.402850,1653156,-,10.837519,11.161212,11.095497,11.427609,2193772.40
05/27/2005,18.584999,18.629999,18.416250,18.573750,11.678727,1965778,-,10.826059,11.170833,11.036078,11.414876,2196634.62
05/26/2005,18.303749,18.584999,18.292500,18.584999,11.685798,1754844,-,10.811982,11.177765,10.964633,11.364653,2255783.06
05/25/2005,18.157499,18.202499,17.943750,18.056250,11.353334,1104622,-,10.800417,11.183424,10.893189,11.260669,2292591.96
05/24/2005,17.797501,18.157499,17.763750,18.135000,11.402850,2717333,-,10.792247,11.198137,10.857466,11.196298,2309925.30
05/23/2005,18.022499,18.281250,18.000000,18.213751,11.452371,1873333,-,10.782520,11.216529,10.821037,11.120609,2290412.42
05/20/2005,17.696251,17.977501,17.696251,17.955000,11.289668,933511,-,10.772016,11.231808,10.795925,11.052701,2295095.10
05/19/2005,17.932501,18.045000,17.786249,17.820000,11.204787,1901156,-,10.762537,11.255717,10.780009,10.993989,2323269.32
05/18/2005,17.842501,18.348749,17.775000,18.247499,11.473589,2995289,-,10.754897,11.278919,10.774350,10.945181,2315470.20
05/17/2005,17.808750,18.191250,17.763750,18.022499,11.332113,1909511,-,10.745242,11.299150,10.738274,10.858173,2300842.64
05/16/2005,17.617500,17.966249,17.617500,17.932501,11.275525,1377156,-,10.738628,11.326172,10.710333,10.763386,2335745.76
05/13/2005,17.133751,18.078751,17.111250,17.775000,11.176491,3627733,-,10.732438,11.356023,10.675671,10.657280,2383157.30
05/12/2005,16.931250,17.212500,16.863750,16.931250,10.645962,2316622,-,10.726496,11.386723,10.640656,10.564614,2376751.98
05/11/2005,16.920000,17.043751,16.740000,17.032499,10.709626,1054044,-,10.721580,11.434400,10.643486,10.525708,2369422.20
05/10/2005,16.886250,17.055000,16.796249,16.931250,10.645962,1225689,-,10.717018,11.484057,10.648437,10.518634,2379624.88
05/09/2005,17.133751,17.145000,16.942499,17.133751,10.773289,790311,-,10.712420,11.530320,10.693002,10.521464,2393550.22
05/06/2005,16.998751,17.077499,16.953751,17.021250,10.702550,2140267,-,10.707716,11.579694,10.734030,10.539148,2423347.56
05/05/2005,17.111250,17.291250,16.987499,17.043751,10.716699,2175022,-,10.706655,11.627088,10.779655,10.566028,2496129.78
05/04/2005,16.706249,16.920000,16.627501,16.863750,10.603518,2333867,-,10.705452,11.669531,10.818207,10.603519,2560040.90
05/03/2005,16.458750,16.627501,16.402500,16.514999,10.384235,1495378,-,10.705806,11.711549,10.857113,10.618374,2596204.44
05/02/2005,16.334999,16.391251,16.132500,16.245001,10.214465,1940889,-,10.706053,11.754415,10.905921,10.657280,2589068.44
04/29/2005,16.211250,16.379999,15.682500,16.301250,10.249834,3440711,-,10.707751,11.799829,10.968170,10.694063,2586490.66
04/28/2005,16.166250,16.559999,16.121250,16.312500,10.256906,3742578,-,10.708317,11.844959,11.035017,10.716699,2565189.32
04/27/2005,16.695000,17.032499,16.593750,16.920000,10.638886,1846133,-,10.709555,11.892495,11.115304,10.761263,2552575.98
04/26/2005,16.818750,17.212500,16.818750,16.976250,10.674256,3001867,-,10.712773,11.931259,11.180382,10.778240,2607596.44
04/25/2005,17.549999,17.617500,17.347500,17.415001,10.950131,1063911,-,10.715992,11.963091,11.227776,10.864540,2651436.44
04/22/2005,17.662500,17.696251,17.392500,17.448750,10.971354,1352533,-,10.719953,11.979926,11.274463,10.928911,2668631.10
04/21/2005,17.594999,17.718750,17.358749,17.639999,11.091607,2679111,-,10.722394,11.994498,11.324333,10.993282,2683550.22
04/20/2005,17.336250,17.370001,17.021250,17.100000,10.752068,1915822,-,10.724198,12.010626,11.372434,11.032895,2699096.88
04/19/2005,17.032499,17.145000,16.830000,17.133751,10.773289,1954933,-,10.727416,12.031706,11.429731,11.095851,2707043.56
04/18/2005,16.650000,16.875000,16.537500,16.830000,10.582297,2493067,-,10.732580,12.054483,11.478894,11.154563,2721754.68
04/15/2005,16.908751,16.965000,16.571251,16.661249,10.476195,4171733,-,10.739265,12.071743,11.543972,11.242278,2704824.90
04/14/2005,17.235001,17.280001,16.998751,17.021250,10.702550,2824711,-,10.747399,12.096218,11.621429,11.353335,2689984.02
04/13/2005,17.257500,17.325001,17.088751,17.190001,10.808657,9201067,-,10.754049,12.115034,11.684739,11.469344,2673745.80
04/12/2005,18.157499,18.438749,17.910000,18.348749,11.537251,2675733,-,10.758788,12.131304,11.748757,11.582524,2560798.24
04/11/2005,18.641251,18.652500,18.292500,18.438749,11.593843,1073244,-,10.759814,12.126494,11.788016,11.591013,2542396.46
04/08/2005,18.461250,18.618750,18.382500,18.472500,11.615064,1277333,-,10.759955,12.120835,11.819140,11.620015,2594926.24
04/07/2005,18.056250,18.270000,18.000000,18.270000,11.487738,1976356,-,10.759566,12.102867,11.862644,11.655384,2609194.70
04/06/2005,18.180000,18.225000,18.045000,18.101250,11.381628,1762756,-,10.759389,12.085042,11.906501,11.711973,2597162.70
04/05/2005,18.135000,18.225000,18.011250,18.067499,11.360409,1354222,-,10.758116,12.065518,11.961676,11.763612,2604848.02
04/04/2005,18.258751,18.315001,18.090000,18.225000,11.459443,1903111,-,10.756737,12.049673,12.027815,11.803225,2632295.14
04/01/2005,18.832500,18.945000,18.337500,18.427500,11.586769,2824444,-,10.754261,12.028593,12.093247,11.845667,2656650.70
03/31/2005,19.012501,19.125000,18.528749,18.866249,11.862644,2893422,-,10.752988,12.006240,12.149483,11.889524,2695169.82
03/30/2005,18.584999,19.012501,18.584999,18.990000,11.940455,2065600,-,10.751573,11.984029,12.207842,11.900134,2708789.38
03/29/2005,18.764999,19.023750,18.450001,18.483749,11.622137,1888622,-,10.747788,11.963798,12.270444,11.914989,2742595.60
03/28/2005,19.012501,19.327499,18.888750,18.900000,11.883863,1032000,-,10.749239,11.944416,12.337291,11.985019,2737088.04
03/24/2005,19.181250,19.282499,19.035000,19.035000,11.968750,1021156,-,10.749345,11.922770,12.405199,12.018266,2810055.16
03/23/2005,19.035000,19.361250,18.990000,19.170000,12.053634,2110489,-,10.751608,11.888250,12.460374,12.069904,2848688.04
03/22/2005,19.091249,19.406250,18.877501,18.922501,11.898011,2771911,-,10.754084,11.857550,12.499633,12.101028,2858465.82
03/21/2005,18.809999,18.888750,18.528749,18.697500,11.756538,2084533,-,10.754756,11.826426,12.539953,12.159740,2842149.38
03/18/2005,19.012501,19.012501,18.832500,18.900000,11.883863,1796267,-,10.754579,11.799970,12.578505,12.252406,2844508.50
03/17/2005,19.192499,19.293751,18.978750,19.125000,12.025339,4923200,-,10.755287,11.774363,12.608568,12.340828,2854990.28
03/16/2005,19.158751,19.338751,18.956249,19.035000,11.968750,3595289,-,10.756171,11.749039,12.632619,12.409443,2798560.06
03/15/2005,19.743750,19.754999,19.226250,19.226250,12.089002,1971289,-,10.758611,11.732204,12.665866,12.515549,2759822.28
03/14/2005,19.485001,19.642500,19.383751,19.597500,12.322436,1741689,-,10.759778,11.715651,12.690270,12.625899,2730336.06
03/11/2005,19.934999,20.013750,19.372499,19.428749,12.216331,2107467,-,10.757586,11.693723,12.687441,12.689563,2706926.28
03/10/2005,19.901251,19.968750,19.631250,19.856251,12.485133,2342222,-,10.755534,11.673209,12.666219,12.792132,2693377.82
03/09/2005,19.777500,19.901251,19.631250,19.665001,12.364878,1511200,-,10.750194,11.646046,12.626960,12.850844,2655991.16
03/08/2005,19.934999,20.070000,19.721251,19.856251,12.485133,2263911,-,10.744499,11.621712,12.603617,12.898237,2645955.60
03/07/2005,20.070000,20.283751,20.047501,20.171249,12.683196,3654667,-,10.737390,11.594549,12.569663,12.920166,2613089.82
03/04/2005,20.407499,20.452499,20.171249,20.306250,12.768083,3747733,-,10.729750,11.561869,12.531111,12.904604,2558465.82
03/03/2005,20.722500,20.756250,20.103750,20.216249,12.711490,3307467,-,10.720767,11.527207,12.464971,12.876309,2502172.50
03/02/2005,20.666250,20.902500,20.598749,20.722500,13.029809,1950133,-,10.710828,11.489717,12.414394,12.855795,2459290.72
03/01/2005,20.790001,21.082500,20.745001,20.981251,13.192504,1564178,-,10.699970,11.449255,12.345072,12.816182,2465655.18
02/28/2005,20.936251,21.116249,20.430000,20.610001,12.959071,1921956,-,10.689006,11.408086,12.266553,12.754641,2468800.06
02/25/2005,20.790001,21.183750,20.778749,21.059999,13.242020,2280178,-,10.679032,11.376254,12.183437,12.685318,2458828.50
02/24/2005,20.520000,20.834999,20.238750,20.790001,13.072253,5779378,-,10.668846,11.337490,12.086881,12.540307,2441701.38
02/23/2005,20.778749,20.801250,20.205000,20.418751,12.838816,5370578,-,10.657386,11.300282,11.969103,12.403077,2343315.60
02/22/2005,19.980000,20.643749,19.923750,20.205000,12.704416,4142044,-,10.648049,11.263499,11.856985,12.308996,2254746.70
02/18/2005,19.844999,20.081249,19.754999,19.923750,12.527575,1138578,-,10.639737,11.232516,11.742037,12.219160,2217491.60
02/17/2005,20.171249,20.227501,19.732500,19.856251,12.485133,1812000,-,10.634644,11.210587,11.644065,12.157618,2224414.26
02/16/2005,19.833750,19.946251,19.687500,19.889999,12.506351,2375644,-,10.629551,11.192054,11.540081,12.053634,2249016.92
02/15/2005,19.968750,20.317499,19.889999,20.092501,12.633681,3111911,-,10.623114,11.176916,11.438220,11.972994,2238657.82
02/14/2005,20.047501,20.137501,19.934999,20.002501,12.577091,4597156,-,10.615015,11.156119,11.344139,11.873962,2214622.26
02/11/2005,18.731251,19.653749,18.697500,19.507500,12.265847,5193867,-,10.607092,11.127683,11.261730,11.778466,2181900.48
02/10/2005,18.764999,18.922501,18.607500,18.753750,11.791907,1923644,-,10.602529,11.105330,11.181089,11.681556,2130666.70
02/09/2005,18.719999,18.787500,18.528749,18.607500,11.699948,2098489,-,10.602600,11.085382,11.131573,11.633455,2118716.48
02/08/2005,18.528749,18.956249,18.517500,18.922501,11.898011,3456444,-,10.602918,11.071376,11.058714,11.535130,2119317.36
02/07/2005,18.911249,19.001249,18.753750,18.776251,11.806054,2313156,-,10.603166,11.051287,10.989745,11.404973,2061272.92
02/04/2005,18.202499,19.012501,18.202499,18.945000,11.912159,2690489,-,10.603060,11.031905,10.916532,11.264913,2051066.68
02/03/2005,18.247499,18.292500,18.045000,18.202499,11.445293,1646578,-,10.603343,11.011249,10.842612,11.130512,2019660.46
02/02/2005,18.551250,18.787500,18.506250,18.607500,11.699948,3429689,-,10.607198,11.002195,10.800523,11.026529,2022476.46
02/01/2005,18.393749,18.562500,18.247499,18.517500,11.643356,2012800,-,10.612114,10.987057,10.753483,10.903445,1996417.80
01/31/2005,18.157499,18.551250,18.123751,18.483749,11.622137,3553689,-,10.616040,10.981398,10.727664,10.814316,2053262.24
01/28/2005,18.157499,18.202499,17.707500,17.966249,11.296745,1755644,-,10.619082,10.976305,10.709626,10.744994,2056981.34
01/27/2005,17.628750,18.045000,17.504999,17.988750,11.310893,3699733,-,10.627252,10.970646,10.706089,10.680623,2056625.80
01/26/2005,16.998751,17.133751,16.852501,17.043751,10.716699,1990756,-,10.636908,10.967251,10.700076,10.629692,2050302.26
01/25/2005,16.728750,16.976250,16.706249,16.852501,10.596447,1374756,-,10.650171,10.975881,10.720590,10.582298,2073208.92
01/24/2005,16.830000,16.920000,16.537500,16.548750,10.405455,2147022,-,10.662939,10.981398,10.748177,10.574517,2086876.46
01/21/2005,16.728750,16.886250,16.661249,16.807501,10.568151,2726578,-,10.677369,10.986067,10.784253,10.568151,2090264.90
01/20/2005,16.469999,16.852501,16.436251,16.548750,10.405455,3120889,-,10.691305,10.992150,10.808304,10.554711,2086220.46
01/19/2005,17.167500,17.201250,16.571251,16.650000,10.469116,4750400,-,10.707680,11.000214,10.839782,10.574517,2082928.02
01/18/2005,17.133751,17.415001,17.066250,17.100000,10.752068,3574400,-,10.723844,11.003751,10.858174,10.603520,2064995.58
01/14/2005,17.088751,17.426250,17.066250,17.381250,10.928911,3755911,-,10.736223,10.994980,10.870907,10.641011,2110942.24
01/13/2005,17.145000,17.178749,16.897499,16.942499,10.653036,1613244,-,10.746409,10.976588,10.881164,10.674257,2130712.90
01/12/2005,17.055000,17.235001,16.863750,17.178749,10.801584,4680356,-,10.757479,10.961875,10.916886,10.731554,2160096.02
01/11/2005,16.582500,16.706249,16.256250,16.290001,10.242761,2952800,-,10.768479,10.946313,10.941998,10.770460,2113152.02
01/10/2005,16.447500,16.998751,16.379999,16.728750,10.518636,2599378,-,10.781106,10.943059,10.990453,10.858881,2094172.46
01/07/2005,16.638750,16.728750,16.290001,16.447500,10.341792,1956089,-,10.792353,10.934004,11.014503,10.921838,2121848.90
01/06/2005,16.740000,16.818750,16.548750,16.593750,10.433750,2202489,-,10.800771,10.924525,11.055177,11.000356,2150544.00
01/05/2005,17.010000,17.077499,16.807501,16.863750,10.603518,2320356,-,10.807774,10.908539,11.105047,11.061897,2142096.00
01/04/2005,17.651251,17.707500,16.987499,17.111250,10.759143,2101689,-,10.813044,10.892835,11.152795,11.105048,2140670.22
01/03/2005,18.123751,18.180000,17.639999,17.696251,11.126977,1658400,-,10.818667,10.871473,11.202311,11.112829,2160755.56
12/31/2004,17.932501,18.101250,17.865000,17.910000,11.261375,496978,-,10.826024,10.846290,11.225654,11.100803,2184311.12
12/30/2004,17.910000,18.011250,17.741249,17.853750,11.226007,571200,-,10.833487,10.810497,11.220349,11.088071,2222837.34
12/29/2004,17.482500,17.865000,17.471251,17.797501,11.190639,1430044,-,10.839216,10.772016,11.216458,11.102218,2254074.68
12/28/2004,17.820000,17.831249,17.696251,17.696251,11.126977,472889,-,10.842966,10.733252,11.196652,11.113536,2288593.80
12/27/2004,17.684999,17.842501,17.617500,17.730000,11.148197,1009422,-,10.850888,10.697883,11.190285,11.122025,2335013.36
12/23/2004,17.572500,17.763750,17.561251,17.696251,11.126977,620622,-,10.857042,10.656573,11.177553,11.107169,2398648.92
12/22/2004,17.549999,17.651251,17.403749,17.572500,11.049165,923467,-,10.864894,10.619082,11.163051,11.109999,2481649.82
12/21/2004,17.370001,17.639999,17.358749,17.549999,11.035019,933067,-,10.874373,10.579469,11.154563,11.148197,2530648.92
12/20/2004,17.381250,17.482500,17.167500,17.235001,10.836954,1163378,-,10.885302,10.543534,11.152441,11.200542,2551152.02
12/17/2004,17.741249,17.808750,17.392500,17.504999,11.006722,2268356,-,10.898919,10.514391,11.157746,11.291793,2584732.46
12/16/2004,17.876249,18.011250,17.504999,17.707500,11.134049,1721422,-,10.911687,10.486379,11.175430,11.350505,2564017.78
12/15/2004,18.202499,18.292500,18.056250,18.078751,11.367482,1423378,-,10.922227,10.457518,11.187102,11.352627,2557610.68
12/14/2004,17.797501,18.056250,17.786249,17.977501,11.303820,1423822,-,10.931210,10.423564,11.169418,11.330698,2579541.34
12/13/2004,17.696251,17.898750,17.662500,17.831249,11.211860,860089,-,10.940689,10.389893,11.161283,11.279768,2628136.90
12/10/2004,17.493750,17.696251,17.493750,17.493750,10.999645,942133,-,10.949213,10.354524,11.158100,11.258546,2707633.78
12/09/2004,17.583750,17.955000,17.280001,17.741249,11.155269,2279289,-,10.960389,10.316609,11.151734,11.247936,2758140.46
12/08/2004,18.315001,18.371250,18.022499,18.180000,11.431146,1484711,-,10.971637,10.273742,11.125914,11.216104,2915832.90
12/07/2004,18.843750,18.956249,18.348749,18.382500,11.558474,3042133,-,10.980550,10.232432,11.097973,11.160929,2956819.56
12/06/2004,18.528749,18.866249,18.438749,18.686251,11.749463,1857689,-,10.990311,10.189989,11.060482,11.104340,2927996.46
12/03/2004,18.551250,18.708750,18.438749,18.438749,11.593843,1910133,-,11.001169,10.145566,11.005307,11.023699,2916695.12
12/02/2004,17.752501,17.966249,17.617500,17.741249,11.155269,2961067,-,11.015140,10.108642,10.941290,11.000356,2918055.12
12/01/2004,17.077499,17.763750,17.066250,17.730000,11.148197,2632178,-,11.031197,10.082186,10.883993,11.021577,2927198.22
11/30/2004,17.437500,17.448750,17.122499,17.167500,10.794511,1326133,-,11.048846,10.062521,10.822452,11.008137,2959616.00
11/29/2004,17.741249,17.820000,17.482500,17.493750,10.999645,2128533,-,11.063913,10.043280,10.783900,11.042798,3004643.56
11/26/2004,17.370001,17.448750,17.291250,17.325001,10.893543,554222,-,11.078026,10.018098,10.737921,11.057653,2998856.90
11/24/2004,17.257500,17.325001,17.055000,17.235001,10.836954,1802844,-,11.094260,9.991784,10.696539,11.055531,3038515.58
11/23/2004,17.403749,17.459999,17.156250,17.302500,10.879395,1120178,-,11.109751,9.965469,10.648084,11.035724,3053479.14
11/22/2004,17.291250,17.572500,17.178749,17.482500,10.992575,1787378,-,11.125207,9.947502,10.585835,11.035017,3072615.14
11/19/2004,17.831249,17.898750,17.302500,17.403749,10.943058,2126756,-,11.141123,9.926139,10.527123,11.016625,3102430.24
11/18/2004,17.763750,18.135000,17.639999,18.067499,11.360409,4855022,-,11.153891,9.901947,10.464521,10.986916,3116474.68
11/17/2004,17.786249,18.236250,17.775000,18.078751,11.367482,3739644,-,11.162627,9.860071,10.389893,10.882225,3090764.46
11/16/2004,17.403749,17.662500,17.336250,17.516251,11.013795,1737867,-,11.173592,9.813243,10.295105,10.746409,3044986.70
11/15/2004,17.493750,17.775000,17.459999,17.718750,11.141124,3383556,-,11.186501,9.773488,10.209513,10.636766,3079392.02
11/12/2004,17.594999,17.741249,17.280001,17.730000,11.148197,3136089,-,11.198916,9.726236,10.115079,10.525001,3073960.90
11/11/2004,16.987499,17.403749,16.908751,17.291250,10.872323,2058133,-,11.211613,9.692848,10.025596,10.418188,3052279.12
11/10/2004,17.156250,17.167500,16.886250,16.920000,10.638886,2316444,-,11.226751,9.662431,9.936113,10.337547,3047386.68
11/09/2004,17.088751,17.358749,17.066250,17.291250,10.872323,2524356,-,11.244152,9.632721,9.866791,10.260444,3038261.36
11/08/2004,17.122499,17.358749,17.066250,17.190001,10.808657,2956267,-,11.261836,9.601172,9.776601,10.136654,3014716.46
11/05/2004,16.852501,17.100000,16.728750,16.931250,10.645962,3853778,-,11.279379,9.571746,9.698082,10.037621,2999635.56
11/04/2004,15.918750,16.503750,15.885000,16.402500,10.313499,5871733,-,11.299398,9.548119,9.634773,9.942126,2943728.00
11/03/2004,16.312500,16.334999,15.907500,15.918750,10.009325,4744444,-,11.323838,9.533264,9.599404,9.897562,2885624.90
11/02/2004,15.930000,16.008751,15.727500,15.772500,9.917368,3082400,-,11.351425,9.522512,9.583488,9.843801,2835431.14
11/01/2004,16.031250,16.076250,15.828750,15.941250,10.023473,2333156,-,11.378800,9.518410,9.571109,9.782260,2789731.58
10/29/2004,16.132500,16.267500,15.918750,16.031250,10.080063,2003822,-,11.404018,9.510770,9.550949,9.705156,2775594.68
10/28/2004,15.907500,16.256250,15.873750,16.008751,10.065917,3983200,-,11.430686,9.502282,9.519117,9.633004,2772560.02
10/27/2004,15.322500,15.772500,15.210000,15.693750,9.867853,3390844,-,11.457708,9.494925,9.471016,9.534679,2753905.80
10/26/2004,15.367500,15.412500,15.221250,15.322500,9.634419,1780089,-,11.487311,9.487851,9.428220,9.473138,2737134.26
10/25/2004,15.435000,15.705000,15.423750,15.615000,9.818336,2249067,-,11.517516,9.480353,9.414780,9.416548,2752215.14
10/22/2004,15.603750,15.626250,15.367500,15.412500,9.691009,3105956,-,11.546271,9.466206,9.395680,9.358543,2747473.80
10/21/2004,15.266250,15.738750,15.120000,15.693750,9.867853,2836178,-,11.572161,9.449653,9.387546,9.327419,2777916.46
10/20/2004,14.782500,15.153750,14.692500,15.063750,9.471723,2423289,-,11.596919,9.439750,9.381533,9.301246,2799349.34
10/19/2004,14.985000,15.131250,14.793750,14.793750,9.301952,2133067,-,11.622915,9.444701,9.399571,9.323175,2775521.78
10/18/2004,14.726250,14.760000,14.557500,14.715000,9.252437,3156000,-,11.649017,9.447814,9.442721,9.359958,2760328.88
10/15/2004,14.827500,14.973750,14.681250,14.883750,9.358542,2793867,-,11.673669,9.449795,9.471723,9.396742,2754428.44
10/14/2004,14.737500,14.748750,14.377500,14.445000,9.082669,4191200,-,11.698533,9.450502,9.490822,9.405231,2739127.10
10/13/2004,14.703750,14.861250,14.512500,14.715000,9.252437,4770667,-,11.724352,9.462386,9.515580,9.407352,2700076.44
10/12/2004,14.197500,14.557500,14.062500,14.422500,9.068521,3373422,-,11.748650,9.468186,9.529020,9.383302,2639573.32
10/11/2004,14.658750,14.748750,14.580000,14.692500,9.238291,1958222,-,11.772772,9.487002,9.574646,9.413011,2598960.00
10/08/2004,15.097500,15.187500,14.827500,14.917500,9.379765,2842400,-,11.795372,9.502989,9.608954,9.432818,2607187.56
10/07/2004,15.378750,15.502500,15.266250,15.277500,9.606123,1232622,-,11.815497,9.515156,9.626638,9.447672,2600286.22
10/06/2004,15.288750,15.457500,15.131250,15.412500,9.691009,1401067,-,11.834667,9.516288,9.609661,9.461820,2647694.22
10/05/2004,15.333750,15.570000,15.243750,15.378750,9.669788,2519911,-,11.853377,9.518410,9.576414,9.475968,2684026.66
10/04/2004,15.300000,15.525000,15.266250,15.300000,9.620274,3853600,-,11.869611,9.519541,9.544229,9.525483,2687904.00
10/01/2004,14.737500,15.108750,14.703750,15.018750,9.443429,4834933,-,11.886659,9.523786,9.502140,9.546705,2683653.34
09/30/2004,14.400000,14.602500,14.287500,14.478750,9.103889,3467467,-,11.905298,9.544724,9.503908,9.576414,2658988.46
09/29/2004,14.265000,14.456250,14.197500,14.332500,9.011930,10163911,-,11.926979,9.572170,9.516287,9.623808,2658766.24
09/28/2004,14.928750,14.951250,14.681250,14.895000,9.365618,3534044,-,11.948306,9.605417,9.523361,9.674739,2511187.58
09/27/2004,14.996250,15.232500,14.895000,15.007500,9.436353,1600978,-,11.965460,9.626779,9.519824,9.736281,2513530.70
09/24/2004,15.547500,15.592500,15.086250,15.153750,9.528313,1292622,-,11.983852,9.649132,9.514873,9.785089,2549905.80
09/23/2004,15.592500,15.648750,15.367500,15.502500,9.747599,1978133,-,12.004118,9.665826,9.511690,9.805603,2589459.58
09/22/2004,15.986250,16.076250,15.558750,15.637500,9.832485,3418222,-,12.022156,9.680964,9.502847,9.757502,2842584.92
09/21/2004,15.907500,16.267500,15.716250,16.166250,10.164947,4253067,-,12.043059,9.709966,9.484809,9.676861,2808014.26
09/20/2004,15.176250,15.795000,15.165000,15.637500,9.832485,3577511,-,12.062193,9.733027,9.462174,9.562974,2789948.48
09/17/2004,15.435000,15.558750,15.288750,15.491250,9.740522,1839200,-,12.080939,9.771225,9.452624,9.457576,2752981.38
09/16/2004,15.176250,15.457500,15.176250,15.232500,9.577829,2537156,-,12.099613,9.805603,9.448380,9.431403,2766933.38
09/15/2004,15.480000,15.491250,15.052500,15.142500,9.521240,2551022,-,12.118288,9.843094,9.454392,9.408767,2756992.04
09/14/2004,15.682500,15.941250,15.592500,15.873750,9.981033,2076978,-,12.137139,9.880585,9.454039,9.371984,2763863.16
09/13/2004,15.592500,16.031250,15.570000,15.783750,9.924441,3278133,-,12.154046,9.917085,9.417963,9.303368,2760072.94
09/10/2004,14.928750,15.547500,14.861250,15.480000,9.733450,2828978,-,12.170351,9.956981,9.377289,9.244656,2744245.40
09/09/2004,14.197500,14.760000,14.152500,14.737500,9.266584,3569511,-,12.185241,10.004375,9.333785,9.217776,2714915.62
09/08/2004,14.343750,14.613750,14.298750,14.355000,9.026078,1450756,-,12.199742,10.059692,9.339091,9.248193,2675420.52
09/07/2004,14.400000,14.490000,14.175000,14.355000,9.026078,3458133,-,12.216577,10.114301,9.373752,9.292758,2677632.06
09/03/2004,14.265000,14.467500,13.871250,13.961250,8.778498,3112000,-,12.231963,10.168627,9.395327,9.361373,2630209.84
09/02/2004,14.591250,15.086250,14.535000,15.075000,9.478796,2052000,-,12.250036,10.225500,9.423975,9.447672,2596522.72
09/01/2004,14.625000,14.996250,14.602500,14.872500,9.351470,1813511,-,12.265174,10.266669,9.419731,9.465357,2597372.50
08/31/2004,14.422500,14.591250,14.321250,14.557500,9.153406,1860178,-,12.284096,10.308687,9.436001,9.500018,2603470.28
08/30/2004,14.827500,14.850000,14.692500,14.782500,9.294881,1347111,-,12.304468,10.348158,9.455453,9.536094,2590257.84
08/27/2004,14.973750,15.007500,14.793750,14.850000,9.337322,2202222,-,12.321269,10.383951,9.491176,9.532557,2590464.06
08/26/2004,15.165000,15.176250,14.962500,15.052500,9.464648,1058400,-,12.336972,10.416491,9.526191,9.509921,2604423.18
08/25/2004,14.872500,15.322500,14.703750,15.221250,9.570754,2966578,-,12.355293,10.453840,9.552363,9.449794,2618096.06
08/24/2004,15.558750,15.581250,14.996250,15.063750,9.471723,2234756,-,12.374322,10.494019,9.556961,9.429988,2622446.28
08/23/2004,15.423750,15.637500,15.288750,15.446250,9.712230,797422,-,12.390450,10.528256,9.573231,9.454746,2650931.60
08/20/2004,15.063750,15.378750,14.951250,15.333750,9.641492,1626311,-,12.405234,10.572254,9.573938,9.429281,2671633.82
08/19/2004,15.491250,15.558750,15.210000,15.356250,9.655642,1852089,-,12.421998,10.617526,9.583488,9.400279,2691697.82
08/18/2004,14.737500,15.468750,14.703750,15.423750,9.698083,3050489,-,12.435792,10.672842,9.625223,9.374106,2720494.26
08/17/2004,14.973750,15.198750,14.861250,15.131250,9.514165,2552267,-,12.448454,10.729857,9.664129,9.371983,2698600.92
08/16/2004,14.715000,14.883750,14.625000,14.726250,9.259512,2534133,-,12.461788,10.780222,9.722133,9.374813,2685560.92
08/13/2004,14.490000,14.557500,14.321250,14.490000,9.110963,2012000,-,12.476749,10.829455,9.780845,9.449794,2676520.92
08/12/2004,14.310000,14.377500,13.871250,14.096250,8.863381,4628089,-,12.486511,10.887742,9.852997,9.542460,2684266.70
08/11/2004,14.298750,14.906250,14.220000,14.906250,9.372691,3907822,-,12.497511,10.954518,9.927979,9.654932,2646668.48
08/10/2004,15.367500,15.491250,15.255000,15.457500,9.719304,1231911,-,12.505539,11.016201,9.984569,9.683935,2629139.60
08/09/2004,15.007500,15.165000,14.895000,15.041250,9.457576,1373422,-,12.513002,11.068264,10.062733,9.691716,2681784.94
08/06/2004,15.176250,15.255000,14.793750,14.872500,9.351470,2860978,-,12.523330,11.116790,10.155753,9.718596,2710810.72
08/05/2004,15.480000,15.480000,14.917500,14.940000,9.393910,2028800,-,12.532030,11.165881,10.275299,9.766698,2689594.72
08/04/2004,15.030000,15.525000,15.007500,15.390000,9.676862,2238667,-,12.540625,11.206343,10.378576,9.876341,2677157.38
08/03/2004,15.660000,15.705000,15.086250,15.176250,9.542459,1745511,-,12.548477,11.237326,10.467351,9.956274,2657617.82
08/02/2004,15.783750,16.020000,15.671250,15.918750,10.009325,1342756,-,12.556116,11.267743,10.560017,10.069454,2651658.72
07/30/2004,15.761250,16.166250,15.750000,15.963750,10.037621,2369600,-,12.558380,11.290662,10.649853,10.111896,2679361.82
07/29/2004,15.525000,16.008751,15.513750,15.885000,9.988106,2497333,-,12.561528,11.309337,10.743934,10.163535,2668677.38
07/28/2004,15.435000,15.513750,14.951250,15.367500,9.662714,3603022,-,12.564216,11.324050,10.849686,10.201025,2655203.60
07/27/2004,15.513750,15.592500,15.221250,15.581250,9.797115,3217689,-,12.569026,11.347959,10.968171,10.285203,2645379.60
07/26/2004,15.615000,15.727500,15.221250,15.468750,9.726377,2713778,-,12.572704,11.372010,11.066142,10.433751,2646053.38
07/23/2004,16.166250,16.222500,15.592500,15.637500,9.832485,3641067,-,12.577196,11.396768,11.166943,10.592910,2653820.48
07/22/2004,16.413750,16.796249,16.177500,16.683750,10.490341,3601689,-,12.579813,11.424214,11.256425,10.783900,2637735.14
07/21/2004,17.246250,17.302500,16.559999,16.661249,10.476195,3456356,-,12.580627,11.430014,11.308771,10.880811,2610504.92
07/20/2004,16.728750,16.987499,16.695000,16.976250,10.674256,2784978,-,12.577125,11.439917,11.357580,10.978428,2610497.80
07/19/2004,16.672501,16.807501,16.368750,16.593750,10.433750,3651200,-,12.571572,11.447274,11.380216,11.050580,2648593.80
07/16/2004,17.055000,17.122499,16.706249,16.785000,10.554006,3419733,-,12.565807,11.468778,11.412755,11.187810,2650200.92
07/15/2004,16.526251,16.728750,16.312500,16.481251,10.363014,3270311,-,12.559972,11.487028,11.433269,11.324333,2654721.82
07/14/2004,17.527500,17.549999,16.492500,16.706249,10.504486,14634400,-,12.554666,11.504147,11.481724,11.498347,2678929.82
07/13/2004,18.011250,18.213751,17.831249,17.943750,11.282598,1689689,-,12.550281,11.514333,11.535484,11.651139,2443395.60
07/12/2004,18.146250,18.180000,17.808750,18.000000,11.317966,3349778,-,12.542393,11.508533,11.530532,11.698533,2517692.48
07/09/2004,18.405001,18.753750,18.382500,18.674999,11.742391,1729156,-,12.537583,11.509240,11.560242,11.740976,2515996.48
07/08/2004,18.146250,18.663750,18.112499,18.225000,11.459443,2536800,-,12.529095,11.510513,11.568377,11.728950,2561336.92
07/07/2004,18.056250,18.393749,18.011250,18.213751,11.452371,2040089,-,12.524850,11.516596,11.616478,11.736731,2587799.14
07/06/2004,18.438749,18.461250,18.067499,18.123751,11.395775,2894578,-,12.521597,11.526500,11.671299,11.736731,2602648.92
07/02/2004,18.652500,18.843750,18.506250,18.776251,11.806054,1887467,-,12.519439,11.534281,11.703131,11.709851,2655374.24
07/01/2004,19.417500,19.417500,18.764999,18.956249,11.919231,2486756,-,12.514275,11.537535,11.698887,11.637699,2721795.56
06/30/2004,19.293751,19.440001,19.001249,19.248751,12.103152,1362489,-,12.506848,11.543477,11.704192,11.542204,2724213.32
06/29/2004,18.731251,19.136250,18.731251,19.136250,12.032411,1594756,-,12.499527,11.555078,11.709143,11.465100,2730462.20
06/28/2004,19.170000,19.170000,18.652500,18.697500,11.756538,1561333,-,12.493302,11.563000,11.730365,11.419829,2805573.30
06/25/2004,18.438749,18.900000,18.405001,18.674999,11.742391,1087022,-,12.488492,11.572479,11.758660,11.362531,2875011.52
06/24/2004,18.742500,18.911249,18.461250,18.483749,11.622137,1427644,-,12.487749,11.596247,11.765733,11.379508,2900195.52
06/23/2004,18.191250,18.495001,17.966249,18.348749,11.537251,2094489,-,12.489376,11.628644,11.774929,11.407803,2924479.98
06/22/2004,17.752501,18.236250,17.696251,18.213751,11.452371,2118400,-,12.487324,11.665286,11.768917,11.496225,2915347.54
06/21/2004,17.853750,18.011250,17.606251,17.696251,11.126977,1199556,-,12.484177,11.699240,11.757598,11.605867,2938266.66
06/18/2004,17.459999,17.820000,17.437500,17.628750,11.084535,1357422,-,12.481948,11.742531,11.754415,11.696411,3007230.20
06/17/2004,17.887501,17.943750,17.313749,17.437500,10.964280,2900178,-,12.481948,11.787945,11.757952,11.760074,3062625.76
06/16/2004,18.168751,18.213751,17.876249,18.022499,11.332113,1742044,-,12.482903,11.842271,11.758306,11.866180,3047215.98
06/15/2004,18.270000,18.416250,18.146250,18.416250,11.579693,3184089,-,12.482832,11.889665,11.727888,11.953187,3067976.88
06/14/2004,18.067499,18.101250,17.628750,17.786249,11.183565,3659022,-,12.480923,11.922629,11.691813,12.040901,3039079.10
06/10/2004,18.978750,19.035000,18.776251,18.945000,11.912159,1832533,-,12.478482,11.958280,11.682617,12.154788,3003852.44
06/09/2004,19.305000,19.372499,18.877501,18.933750,11.905086,2629511,-,12.471833,11.977379,11.635223,12.151959,3049052.44
06/08/2004,19.563749,19.822500,19.462500,19.754999,12.421468,3291911,-,12.464971,11.999308,11.600208,12.142055,3047877.34
06/07/2004,19.530001,19.957500,19.485001,19.957500,12.548797,1955822,-,12.454891,12.006240,11.518153,12.041608,3045740.46
06/04/2004,19.305000,19.395000,18.990000,19.136250,12.032411,1900267,-,12.441840,12.010626,11.439280,11.909329,3079111.14
06/03/2004,18.809999,18.922501,18.629999,18.641251,11.721169,2082133,-,12.431194,12.010484,11.389764,11.812420,3138380.46
06/02/2004,19.518749,19.530001,18.990000,19.125000,12.025339,2399289,-,12.420761,12.012748,11.379154,11.755830,3151536.02
06/01/2004,19.361250,19.541250,19.158751,19.406250,12.202181,2748178,-,12.405729,12.005391,11.351213,11.650431,3157112.90
05/28/2004,19.485001,19.889999,19.361250,19.811251,12.456837,3031378,-,12.389954,11.999025,11.302050,11.502590,3176140.46
05/27/2004,19.192499,19.743750,19.170000,19.597500,12.322436,3864178,-,12.373543,12.001855,11.229898,11.342724,3179480.90
05/26/2004,18.618750,19.057501,18.337500,18.900000,11.883863,2824711,-,12.356814,12.010484,11.163405,11.210445,3164634.68
05/25/2004,18.123751,18.776251,18.022499,18.776251,11.806054,1800178,-,12.340934,12.020246,11.136879,11.118487,3166581.34
05/24/2004,18.168751,18.258751,17.887501,18.157499,11.416998,1406933,-,12.323957,12.022934,11.136879,11.058360,3186561.78
05/21/2004,18.067499,18.090000,17.617500,17.853750,11.226007,1261689,-,12.311330,12.048824,11.154209,10.994697,3192412.46
05/20/2004,17.741249,17.797501,17.392500,17.594999,11.063313,1447556,-,12.299800,12.071885,11.190285,10.969231,3228382.24
05/19/2004,18.078751,18.315001,17.741249,17.741249,11.155269,2727911,-,12.290887,12.104565,11.226361,10.967109,3256051.56
05/18/2004,17.257500,17.684999,17.246250,17.448750,10.971354,1835378,-,12.283353,12.140358,11.267035,11.002478,3270510.22
05/17/2004,16.987499,17.415001,16.762501,17.055000,10.723773,1823644,-,12.276138,12.185347,11.329284,11.051994,3350600.88
05/14/2004,17.684999,17.763750,17.223749,17.268749,10.858173,3111822,-,12.268286,12.242078,11.427255,11.101510,3382556.44
05/13/2004,17.212500,17.786249,17.178749,17.493750,10.999645,3251378,-,12.259763,12.296122,11.505774,11.117072,3367740.44
05/12/2004,17.437500,17.538750,16.852501,17.437500,10.964280,3102133,-,12.250496,12.340969,11.567315,11.116365,3350698.66
05/11/2004,17.549999,17.865000,17.370001,17.820000,11.204787,2836800,-,12.242220,12.384968,11.665640,11.155271,3351873.78
05/10/2004,17.156250,17.336250,16.807501,17.145000,10.780365,2240178,-,12.233024,12.424864,11.767502,11.215397,3350849.78
05/07/2004,17.459999,17.898750,17.370001,17.448750,10.971354,3456000,-,12.224748,12.467589,11.896951,11.313722,3381269.34
05/06/2004,17.842501,18.033751,16.233749,17.561251,11.042091,4689778,-,12.215764,12.512861,12.005886,11.411339,3372560.00
05/05/2004,18.337500,18.528749,18.225000,18.303749,11.508955,3731556,-,12.203951,12.560113,12.118359,11.485613,3340997.32
05/04/2004,18.056250,18.573750,17.943750,18.236250,11.466516,3645778,-,12.186549,12.594209,12.210671,11.531593,3350751.98
05/03/2004,17.887501,18.326250,17.516251,17.842501,11.218934,4480711,-,12.170138,12.635095,12.321375,11.606574,3342867.54
04/30/2004,17.763750,17.898750,17.325001,17.516251,11.013795,2857689,-,12.153020,12.689138,12.445519,11.753001,3339032.88
04/29/2004,17.775000,17.932501,17.246250,17.482500,10.992575,5404533,-,12.140676,12.756621,12.556223,11.894475,3379479.10
04/28/2004,18.416250,18.596251,18.000000,18.056250,11.353334,3264978,-,12.129677,12.824105,12.654901,12.018265,3335434.66
04/27/2004,18.911249,19.102501,18.629999,18.776251,11.806054,3996178,-,12.114716,12.890598,12.730590,12.176010,3353527.10
04/26/2004,19.395000,19.440001,18.573750,18.708750,11.763609,3859911,-,12.095298,12.930635,12.790363,12.319606,3333599.98
04/23/2004,19.181250,19.203751,18.697500,19.001249,11.947528,2782578,-,12.075103,12.971804,12.840587,12.480180,3293274.64
04/22/2004,18.674999,18.900000,17.662500,18.742500,11.784833,5530844,-,12.055226,13.015661,12.881615,12.600434,3312542.20
04/21/2004,19.237499,19.586250,18.911249,19.035000,11.968750,5208533,-,12.037541,13.058670,12.893640,12.751104,3239576.88
04/20/2004,20.182501,20.227501,19.293751,19.428749,12.216331,2607644,-,12.018937,13.098707,12.886920,12.889749,3178202.66
04/19/2004,19.912500,20.171249,19.687500,20.171249,12.683196,1674933,-,11.994922,13.137895,12.858979,13.036175,3168339.56
04/16/2004,19.721251,19.901251,19.192499,19.766251,12.428540,5350311,-,11.969138,13.154165,12.819012,13.138037,3190929.78
04/15/2004,20.137501,20.295000,19.260000,19.451250,12.230477,5033244,-,11.941798,13.167747,12.827501,13.217971,3147816.90
04/14/2004,20.328751,20.722500,20.328751,20.565001,12.930779,2346222,-,11.914494,13.194344,12.853674,13.291537,3132848.02
04/13/2004,21.285000,21.397499,20.958750,21.059999,13.242020,2641867,-,11.883688,13.207642,12.825732,13.285171,3154156.46
04/12/2004,20.767500,21.352501,20.767500,21.262501,13.369349,1637867,-,11.850689,13.215282,12.760654,13.261120,3149004.46
04/08/2004,21.183750,21.363750,20.767500,20.913750,13.150063,3264356,-,11.817159,13.221648,12.727761,13.200994,3186072.90
04/07/2004,21.183750,21.375000,20.700001,21.138750,13.291537,4647733,-,11.783630,13.236645,12.689209,13.162796,3188657.78
04/06/2004,21.206249,21.375000,21.003750,21.240000,13.355200,4127200,-,11.749853,13.253197,12.659500,13.036176,3179432.90
04/05/2004,21.498751,21.892500,21.307501,21.757500,13.680593,2129689,-,11.717314,13.274277,12.638986,12.884091,3187736.90
04/02/2004,21.487499,21.915001,21.318750,21.791250,13.701816,2780089,-,11.683961,13.287010,12.615996,12.681782,3264072.90
04/01/2004,20.745001,21.228750,20.621250,21.037500,13.227874,1739200,-,11.651917,13.305967,12.608922,12.499987,3264670.24
03/31/2004,20.790001,21.026251,20.542500,20.621250,12.966146,1897689,-,11.623127,13.345438,12.625545,12.437031,3304945.80
03/30/2004,20.250000,20.655001,20.058750,20.463751,12.867112,4092533,-,11.595327,13.396652,12.639339,12.415810,3310275.58
03/29/2004,20.565001,20.902500,20.497499,20.677500,13.001514,2570756,-,11.566396,13.447158,12.654194,12.366294,3310768.04
03/26/2004,20.261250,20.452499,20.058750,20.306250,12.768083,3185067,-,11.537995,13.488469,12.664097,12.260188,3373571.58
03/25/2004,19.754999,20.351250,19.687500,20.306250,12.768083,3624356,-,11.510124,13.541380,12.671525,12.254528,3392686.24
03/24/2004,18.719999,19.293751,18.641251,19.125000,12.025339,4863733,-,11.484093,13.595424,12.694868,12.215623,3384504.90
03/23/2004,19.001249,19.158751,18.629999,18.821251,11.834351,2739911,-,11.460502,13.670688,12.763837,12.282823,3341121.80
03/22/2004,18.438749,18.686251,18.180000,18.540001,11.657507,2678133,-,11.439493,13.747509,12.832805,12.393881,3353258.70
03/19/2004,19.316250,19.575001,18.731251,18.900000,11.883863,3699556,-,11.418024,13.825744,12.925471,12.550210,3365118.26
03/18/2004,20.036249,20.250000,19.552500,20.036249,12.598310,3198400,-,11.394752,13.885447,13.027333,12.717857,3328609.80
03/17/2004,19.923750,20.396250,19.799999,20.283751,12.753933,3121867,-,11.367730,13.929870,13.116815,12.814060,3296410.68
03/16/2004,19.698750,19.732500,19.282499,19.676250,12.371953,2922044,-,11.340001,13.968209,13.197456,12.862869,3289288.90
03/15/2004,19.698750,19.777500,18.978750,18.990000,11.940455,2799200,-,11.313687,14.011218,13.312758,12.942095,3287701.36
03/12/2004,20.081249,20.328751,19.811251,20.216249,12.711490,1699467,-,11.286488,14.056065,13.406131,13.068007,3265669.36
03/11/2004,19.991249,20.306250,19.608749,19.687500,12.379026,3060178,-,11.255116,14.088463,13.461660,13.088521,3265662.24
03/10/2004,20.576250,20.711250,20.070000,20.193750,12.697343,2831022,-,11.224275,14.125812,13.549728,13.174113,3247742.24
03/09/2004,20.711250,20.823750,20.160000,20.587500,12.944924,3450844,-,11.190038,14.154107,13.611623,13.244850,3213395.58
03/08/2004,21.498751,21.802500,20.924999,21.026251,13.220799,5839911,-,11.155589,14.173064,13.662907,13.271730,3161137.82
03/05/2004,21.341249,21.903749,21.240000,21.566250,13.560338,3421422,-,11.119088,14.183817,13.710655,13.300732,3085877.38
03/04/2004,21.059999,21.600000,20.981251,21.566250,13.560338,2371022,-,11.080501,14.180704,13.707472,13.336808,3043148.50
03/03/2004,20.981251,21.183750,20.711250,21.059999,13.242020,2399289,-,11.042162,14.178299,13.684836,13.419571,3024915.62
03/02/2004,21.408751,21.566250,20.924999,20.936251,13.164211,3160889,-,11.008102,14.182119,13.700752,13.532043,3021226.72
03/01/2004,20.587500,21.059999,20.463751,20.992500,13.199578,2785600,-,10.974643,14.177167,13.722326,13.683421,2996099.60
02/27/2004,21.161249,21.330000,20.418751,20.542500,12.916630,3761156,-,10.940830,14.173772,13.743547,13.744255,3032186.72
02/26/2004,21.116249,21.375000,20.812500,21.048750,13.234947,3020533,-,10.908609,14.178865,13.782099,13.834799,2994760.94
02/25/2004,21.105000,21.375000,20.767500,21.318750,13.404715,3111644,-,10.876247,14.182968,13.815346,13.925342,2967312.06
02/24/2004,20.992500,21.375000,20.666250,21.014999,13.213724,4219289,-,10.841940,14.180421,13.851068,13.978395,2955569.84
02/23/2004,22.184999,22.230000,21.183750,21.487499,13.510821,3251556,-,10.807597,14.172074,13.910841,14.054084,2963237.40
02/20/2004,22.511250,22.612499,21.892500,22.139999,13.921098,4288978,-,10.772900,14.164152,13.951162,14.120577,2969541.40
02/19/2004,24.176250,24.176250,22.882500,22.882500,14.387963,4880000,-,10.737602,14.157361,13.987591,14.078135,2924581.40
02/18/2004,23.400000,23.490000,22.781250,22.848749,14.366743,3202311,-,10.698909,14.136706,14.028265,13.950101,2891217.84
02/17/2004,23.006250,23.523750,22.938749,23.343750,14.677988,4169600,-,10.659367,14.129632,14.086270,13.869460,2907328.06
02/13/2004,22.365000,22.432501,21.746250,21.959999,13.807918,2999822,-,10.617101,14.115909,14.121992,13.761232,2927312.06
02/12/2004,22.477501,22.556250,21.948750,21.982500,13.822068,1843644,-,10.579221,14.111382,14.184948,13.742840,2934256.06
02/11/2004,22.275000,22.567499,21.982500,22.488750,14.140385,3745956,-,10.541978,14.104449,14.264527,13.729400,2949717.40
02/10/2004,22.106251,22.230000,21.915001,22.162500,13.935244,1882578,-,10.500632,14.087897,14.331020,13.705349,2892972.50
02/09/2004,22.837500,22.848749,22.117500,22.218750,13.970614,2139822,-,10.458473,14.075023,14.423686,13.723741,2917216.06
02/06/2004,21.903749,22.691250,21.836250,22.545000,14.175752,2114489,-,10.417516,14.062856,14.508925,13.767598,2934247.18
02/05/2004,21.510000,21.588751,21.172501,21.465000,13.496676,2804444,-,10.375852,14.043049,14.578601,13.781746,2930990.28
02/04/2004,21.363750,21.363750,20.756250,20.846251,13.107619,3194667,-,10.336345,14.027346,14.647216,13.897048,2945964.52
02/03/2004,21.768749,21.959999,21.375000,21.566250,13.560338,4284800,-,10.297687,14.008530,14.732808,14.106430,2962910.30
02/02/2004,21.959999,22.263750,21.476250,21.622499,13.595707,3411644,-,10.256730,13.985186,14.788337,14.303079,2912149.42
01/30/2004,21.892500,21.937500,21.577499,21.667500,13.624000,2384267,-,10.214465,13.955335,14.834670,14.482751,2899888.10
01/29/2004,22.173750,22.275000,21.476250,21.768749,13.687665,3491289,-,10.171598,13.930718,14.862611,14.627055,2942492.54
01/28/2004,22.871250,22.950001,22.027500,22.106251,13.899878,3393600,-,10.127882,13.907092,14.894797,14.799655,2960995.64
01/27/2004,22.927500,23.006250,22.387501,22.455000,14.119163,4186489,-,10.083105,13.891813,14.912128,14.956691,2961616.08
01/26/2004,23.017500,23.051250,22.477501,22.916250,14.409186,4542400,-,10.037444,13.873987,14.911774,15.123631,2935397.42
01/23/2004,23.737499,23.782499,22.522499,22.770000,14.317226,5946489,-,9.990475,13.838901,14.885955,15.250251,2902392.98
01/22/2004,23.805000,23.962500,23.197500,23.298750,14.649693,2809956,-,9.944354,13.802118,14.858014,15.375457,2848680.98
01/21/2004,24.052500,24.446251,23.613750,24.176250,15.201442,3752978,-,9.897137,13.771701,14.795765,15.397385,2855891.64
01/20/2004,24.750000,24.975000,24.299999,24.693750,15.526832,2164178,-,9.845994,13.735201,14.707697,15.359187,2883804.52
01/16/2004,24.299999,24.626249,24.075001,24.480000,15.392429,4117156,-,9.793542,13.678611,14.603006,15.273595,2895166.30
01/15/2004,23.838751,24.367500,23.557501,23.962500,15.067040,5710933,-,9.742611,13.624143,14.479216,15.186589,2869251.62
01/14/2004,24.457500,24.783751,24.075001,24.513750,15.413657,4140800,-,9.690973,13.582691,14.377354,15.098167,2816092.52
01/13/2004,25.458750,25.503750,24.423750,24.603750,15.470242,3215289,-,9.637142,13.522706,14.265236,14.989939,2824960.08
01/12/2004,24.873751,25.155001,24.648750,25.110001,15.788566,2694578,-,9.583842,13.457911,14.163728,14.867564,2848314.74
01/09/2004,24.918751,25.447500,24.682501,24.930000,15.675386,3346756,-,9.530011,13.385759,14.038169,14.699917,2868659.62
01/08/2004,24.671249,24.918751,24.299999,24.761250,15.569280,3271111,-,9.477241,13.317285,13.894218,14.521658,2882906.72
01/07/2004,23.715000,23.737499,23.332500,23.647499,14.868976,1874133,-,9.425532,13.227165,13.771489,14.340571,2867201.84
01/06/2004,23.557501,23.715000,23.264999,23.568750,14.819464,1588444,-,9.377289,13.151052,13.707118,14.194145,2879575.18
01/05/2004,23.242500,23.523750,23.040001,23.332500,14.670915,2765778,-,9.332724,13.074231,13.633905,14.056207,2927438.30
01/02/2004,23.006250,23.321251,22.860001,23.096251,14.522366,2842667,-,9.287629,13.005050,13.601012,13.932416,2943057.86
12/31/2003,22.590000,22.815001,22.207500,22.556250,14.182823,1697600,-,9.244126,12.945065,13.574486,13.771843,3008136.96
12/30/2003,22.792500,22.938749,22.590000,22.792500,14.331376,1699111,-,9.201011,12.883241,13.544422,13.656541,3036430.30
12/29/2003,22.432501,22.725000,22.398750,22.657499,14.246492,2164178,-,9.155527,12.818870,13.501626,13.540532,3057811.64
12/26/2003,22.049999,22.533751,22.004999,22.443750,14.112088,1113689,-,9.108416,12.758885,13.454939,13.459891,3082432.08
12/24/2003,21.881250,22.230000,21.881250,22.094999,13.892803,837956,-,9.061588,12.698051,13.413912,13.376422,3285093.42
12/23/2003,21.217501,21.915001,21.172501,21.881250,13.758406,2076889,-,9.014831,12.629435,13.387385,13.266779,3342647.18
12/22/2003,21.240000,21.521250,21.059999,21.318750,13.404715,1284978,-,8.968215,12.567611,13.358737,13.202407,3346567.18
12/19/2003,21.465000,21.622499,20.947500,21.375000,13.440084,1459378,-,8.923297,12.510031,13.324075,13.220092,3360844.50
12/18/2003,20.902500,21.600000,20.902500,21.363750,13.433012,2214844,-,8.879086,12.453724,13.260412,13.211603,3395397.38
12/17/2003,20.452499,20.666250,20.216249,20.542500,12.916630,1904533,-,8.835335,12.395719,13.208420,13.269608,3431064.94
12/16/2003,21.138750,21.228750,20.238750,20.722500,13.029809,4589956,-,8.794838,12.349882,13.167746,13.377128,3469934.28
12/15/2003,22.016251,22.117500,20.891251,20.947500,13.171284,1889867,-,8.753952,12.296404,13.135914,13.432303,3469715.60
12/12/2003,21.420000,21.487499,21.037500,21.375000,13.440084,1648089,-,8.713419,12.246039,13.102667,13.462720,3541703.14
12/11/2003,20.497499,21.262501,20.497499,21.116249,13.277391,2524533,-,8.671790,12.172755,13.087459,13.449988,3571283.58
12/10/2003,20.587500,20.700001,19.934999,20.351250,12.796373,4602667,-,8.630515,12.098481,13.084983,13.451402,3610771.58
12/09/2003,21.892500,21.915001,20.790001,20.857500,13.114694,3566756,-,8.590796,12.028169,13.077909,13.507992,3602023.12
12/08/2003,21.183750,21.678749,21.071251,21.600000,13.581557,2040978,-,8.551113,11.953611,13.046077,13.515066,3609297.78
12/05/2003,21.757500,21.825001,21.037500,21.240000,13.355200,3211822,-,8.509696,11.868019,13.023442,13.428059,3629168.00
12/04/2003,22.848749,22.882500,21.802500,22.286249,14.013055,4007822,-,8.469977,11.793462,13.024503,13.309221,3630017.78
12/03/2003,22.342501,22.848749,22.027500,22.252501,13.991837,5168800,-,8.427888,11.707304,12.958717,13.147232,3621404.46
12/02/2003,21.915001,21.993750,21.600000,21.600000,13.581557,3347022,-,8.384880,11.634586,12.892578,12.958364,3603820.46
12/01/2003,21.723749,21.746250,21.093750,21.431250,13.475452,2616711,-,8.344560,11.563849,12.863222,12.839525,3635525.36
11/28/2003,21.071251,21.285000,21.059999,21.172501,13.312758,908711,-,8.303709,11.506552,12.810169,12.742615,3629784.92
11/26/2003,21.476250,21.543751,20.902500,21.138750,13.291537,3094756,-,8.262717,11.456328,12.756055,12.724930,3675420.48
11/25/2003,21.318750,21.588751,21.195000,21.251249,13.362275,2991378,-,8.221760,11.409783,12.700526,12.718564,3715192.92
11/24/2003,20.025000,20.981251,20.025000,20.969999,13.185431,1951644,-,8.180449,11.358004,12.644997,12.647826,3762471.14
11/21/2003,20.193750,20.283751,19.833750,20.216249,12.711490,3553156,-,8.139634,11.302970,12.538892,12.577089,3799063.14
11/20/2003,19.732500,19.912500,19.293751,19.350000,12.166814,4041956,-,8.101613,11.261518,12.456483,12.618824,3833121.80
11/19/2003,19.383751,19.822500,19.271250,19.709999,12.393170,1746756,-,8.067128,11.233930,12.397063,12.739785,3907303.12
11/18/2003,19.743750,19.811251,19.226250,19.248751,12.103152,2798578,-,8.031866,11.201957,12.337998,12.770202,3944135.12
11/17/2003,19.991249,20.137501,19.541250,19.709999,12.393170,4514489,-,7.998407,11.191771,12.308995,12.826792,3946419.56
11/14/2003,20.587500,20.857500,19.844999,19.889999,12.506351,4416444,-,7.964347,11.182858,12.243917,12.886919,3964115.56
11/13/2003,20.947500,21.217501,20.610001,20.891251,13.135912,3424622,-,7.930145,11.155271,12.174241,12.877723,3943907.56
11/12/2003,20.598749,21.195000,20.508751,21.037500,13.227874,2875556,-,7.892690,11.109008,12.079807,12.787180,3985294.24
11/11/2003,19.844999,20.283751,19.709999,20.126249,12.654899,2892178,-,7.854456,11.058078,11.971933,12.682488,4006065.78
11/10/2003,20.700001,20.778749,19.822500,19.844999,12.478058,3260889,-,7.818734,11.026670,11.862290,12.642169,4018700.44
11/07/2003,21.217501,21.217501,20.643749,20.879999,13.128840,3170489,-,7.782941,11.000215,11.771746,12.500694,4029395.54
11/06/2003,20.913750,21.375000,20.857500,21.273750,13.376422,5148622,-,7.744743,10.963997,11.641590,12.294141,4057134.20
11/05/2003,20.081249,20.306250,19.957500,20.193750,12.697343,2732267,-,7.706899,10.920423,11.504006,12.054342,4034983.10
11/04/2003,20.227501,20.441250,20.058750,20.148750,12.669050,2821422,-,7.671707,10.880386,11.395778,11.905794,4021237.32
11/03/2003,20.261250,20.756250,20.160000,20.666250,12.994439,3052978,-,7.637187,10.838651,11.293562,11.791199,4034679.10
10/31/2003,19.653749,19.822500,19.305000,19.743750,12.414395,4584178,-,7.601465,10.789417,11.161637,11.600916,4032775.10
10/30/2003,19.496250,19.912500,19.293751,19.451250,12.230477,4383022,-,7.570835,10.749239,11.073569,11.470759,4010595.54
10/29/2003,19.023750,19.642500,19.023750,19.372499,12.180961,3711822,-,7.541055,10.703401,10.950840,11.372434,4000599.10
10/28/2003,18.787500,19.518749,18.584999,19.485001,12.251700,4059111,-,7.513008,10.657846,10.819976,11.261377,4002986.66
10/27/2003,17.628750,17.775000,17.325001,17.594999,11.063313,2485867,-,7.484677,10.605500,10.671428,11.082411,3985392.00
10/24/2003,17.302500,17.628750,17.223749,17.594999,11.063313,2492800,-,7.462643,10.564614,10.587604,11.042799,3964174.22
10/23/2003,17.302500,17.628750,17.190001,17.459999,10.978427,3981600,-,7.438132,10.524294,10.499536,10.989038,3957022.22
10/22/2003,17.988750,18.112499,17.797501,17.831249,11.211860,3546756,-,7.414400,10.488218,10.431982,10.953669,3959141.34
10/21/2003,17.943750,18.450001,17.302500,18.326250,11.523105,6096622,-,7.391764,10.443512,10.356647,10.885762,3915448.88
10/20/2003,17.707500,17.831249,17.549999,17.639999,11.091607,3112267,-,7.367890,10.387205,10.298288,10.795925,3831153.78
10/17/2003,17.921249,18.112499,17.662500,17.673750,11.112827,2768178,-,7.344971,10.333586,10.245943,10.722358,3825376.00
10/16/2003,17.370001,17.921249,17.325001,17.887501,11.247230,3395200,-,7.320885,10.289163,10.220831,10.676379,3798976.00
10/15/2003,18.000000,18.236250,17.527500,17.606251,11.070388,11246756,-,7.294217,10.242618,10.198549,10.529246,3796547.56
10/14/2003,16.469999,16.751249,16.379999,16.638750,10.462045,3715644,-,7.268221,10.206825,10.193243,10.378575,3605959.10
10/13/2003,16.920000,17.100000,16.717501,16.965000,10.667184,2272889,-,7.245373,10.190555,10.208806,10.260444,3572056.88
10/10/2003,16.953751,17.010000,16.537500,16.740000,10.525709,1998844,-,7.222525,10.167778,10.197134,10.132410,3594202.66
10/09/2003,17.257500,17.336250,16.762501,16.897499,10.624741,3187022,-,7.200490,10.140332,10.202793,10.010034,3601781.34
10/08/2003,17.212500,17.235001,16.616249,16.751249,10.532781,3998222,-,7.178137,10.110905,10.210928,9.910294,3574113.78
10/07/2003,16.469999,16.931250,16.323750,16.897499,10.624741,3848000,-,7.155254,10.083176,10.224014,9.827532,3548410.68
10/06/2003,16.863750,16.863750,16.312500,16.469999,10.355939,4579022,-,7.129470,10.056862,10.272469,9.800652,3511132.46
10/03/2003,16.818750,17.280001,16.683750,16.942499,10.653036,5489244,-,7.104995,10.037056,10.352049,9.769527,3476423.14
10/02/2003,15.131250,15.648750,15.063750,15.547500,9.775894,3127111,-,7.082359,10.006497,10.375746,9.765283,3475763.60
10/01/2003,14.827500,15.266250,14.827500,15.210000,9.563682,4498933,-,7.064958,9.994472,10.428091,9.867852,3475936.04
09/30/2003,15.120000,15.176250,14.726250,14.760000,9.280734,4165244,-,7.046672,9.976787,10.483974,10.007912,3514357.38
09/29/2003,15.086250,15.232500,14.613750,14.928750,9.386840,3930489,-,7.031499,9.951746,10.574164,10.157167,3487089.84
09/26/2003,15.198750,15.221250,14.748750,14.793750,9.301952,3034489,-,7.016750,9.927696,10.662585,10.261858,3491665.84
09/25/2003,15.772500,15.930000,15.255000,15.311250,9.627343,3254311,-,7.004230,9.897561,10.763386,10.395552,3536734.28
09/24/2003,16.481251,16.481251,15.311250,15.435000,9.705156,3577156,-,6.988950,9.875916,10.841904,10.511561,3564490.72
09/23/2003,15.952500,16.559999,15.952500,16.469999,10.355939,4289600,-,6.977102,9.857666,10.891421,10.620497,3699383.16
09/22/2003,16.290001,16.312500,15.795000,15.975000,10.044697,4932267,-,6.962106,9.817770,10.902739,10.744287,3676592.04
09/19/2003,16.976250,17.077499,16.740000,16.875000,10.610593,2329689,-,6.948206,9.775327,10.927143,10.934570,3619573.36
09/18/2003,16.942499,17.325001,16.818750,17.178749,10.801584,3190489,-,6.933811,9.717606,10.916886,10.986208,3636472.92
09/17/2003,17.392500,17.752501,17.325001,17.437500,10.964280,5083378,-,6.921255,9.661016,10.873736,10.988331,3665267.58
09/16/2003,16.706249,17.190001,16.605000,17.133751,10.773289,5355289,-,6.905869,9.606690,10.820683,10.960036,3632051.58
09/15/2003,17.122499,17.156250,16.593750,16.593750,10.433750,3781244,-,6.892854,9.556183,10.763740,10.991160,3613475.58
09/12/2003,16.908751,16.965000,16.593750,16.920000,10.638886,5256089,-,6.878105,9.495774,10.693002,11.063312,3594807.14
09/11/2003,17.178749,17.381250,16.706249,17.156250,10.787436,7751022,-,6.865761,9.433525,10.613423,11.131220,3625427.58
09/10/2003,17.561251,17.730000,16.998751,17.167500,10.794511,3588356,-,6.851260,9.356987,10.532782,11.172248,3538652.48
09/09/2003,18.596251,18.731251,18.292500,18.438749,11.593843,2912800,-,6.836335,9.276488,10.441885,11.162345,3508728.92
09/08/2003,18.393749,19.046249,18.303749,19.001249,11.947528,5399289,-,6.812602,9.180002,10.297581,11.061190,3529971.58
09/05/2003,17.302500,18.112499,17.235001,17.696251,11.126977,3406044,-,6.785439,9.073897,10.120738,10.919715,3500254.24
09/04/2003,16.908751,17.482500,16.706249,17.212500,10.822805,5493956,-,6.762874,8.984626,10.008973,10.847563,3498752.02
09/03/2003,17.235001,17.459999,16.897499,16.987499,10.681331,3914133,-,6.740733,8.897053,9.913831,10.759142,3452108.46
09/02/2003,17.459999,17.718750,17.212500,17.628750,11.084535,3523911,-,6.719229,8.814149,9.843801,10.681331,3415608.92
08/29/2003,17.482500,18.011250,17.448750,17.741249,11.155269,3795644,-,6.693092,8.729406,9.772003,10.536319,3385418.70
08/28/2003,18.000000,18.123751,17.786249,18.000000,11.317966,4557422,-,6.667732,8.646502,9.690655,10.322693,3368609.82
08/27/2003,17.392500,17.887501,17.358749,17.808750,11.197714,4041067,-,6.639437,8.566003,9.582427,10.095626,3359328.04
08/26/2003,16.762501,17.043751,16.481251,17.010000,10.695479,2044978,-,6.615139,8.491446,9.480211,9.893317,3320314.70
08/25/2003,17.010000,17.100000,16.672501,16.830000,10.582297,3493511,-,6.593777,8.425660,9.402754,9.721425,3299212.48
08/22/2003,17.561251,17.572500,16.672501,16.751249,10.532781,2957778,-,6.577012,8.355630,9.339091,9.533972,3287680.04
08/21/2003,16.638750,16.672501,16.188749,16.548750,10.405455,3475200,-,6.559469,8.291401,9.280732,9.321760,3288458.70
08/20/2003,15.423750,16.020000,15.356250,15.806250,9.938590,3883200,-,6.541785,8.227171,9.216715,9.170382,3293630.26
08/19/2003,15.356250,15.806250,15.210000,15.750000,9.903222,3831200,-,6.523711,8.179636,9.178517,9.068520,3282972.48
08/18/2003,14.310000,15.401250,14.287500,15.322500,9.634419,3179378,-,6.504612,8.127715,9.117329,9.006272,3237854.26
08/15/2003,14.141250,14.478750,14.118750,14.343750,9.019003,1424978,-,6.487175,8.087677,9.037042,9.007686,3265914.70
08/14/2003,14.433750,14.535000,14.208750,14.388750,9.047297,2135200,-,6.470022,8.054572,8.995307,9.058617,3298997.36
08/13/2003,14.467500,14.760000,14.355000,14.591250,9.174626,4087556,-,6.454459,8.018213,8.932705,9.069228,3306496.02
08/12/2003,14.096250,14.276250,13.848750,14.276250,8.976562,1362133,-,6.437942,7.978600,8.901227,9.067106,3275139.56
08/11/2003,13.376250,13.893750,13.320000,13.848750,8.707760,1881867,-,6.420576,7.943232,8.892031,9.084083,3322062.24
08/08/2003,14.220000,14.287500,13.252500,13.376250,8.410663,2823378,-,6.405474,7.911259,8.874700,9.144209,3338328.90
08/07/2003,13.983750,14.265000,13.871250,14.141250,8.891678,1448178,-,6.389310,7.873060,8.850296,9.239705,3301182.22
08/06/2003,14.400000,14.546250,14.141250,14.186250,8.919972,3273778,-,6.376118,7.823969,8.791938,9.263048,3306883.54
08/05/2003,15.300000,15.345000,14.737500,14.760000,9.280734,1717333,-,6.361016,7.769784,8.744544,9.288514,3280083.54
08/04/2003,15.288750,15.446250,15.075000,15.345000,9.648565,2020533,-,6.342977,7.701169,8.692905,9.228387,3291934.22
08/01/2003,15.086250,15.221250,14.928750,15.153750,9.528313,3380178,-,6.318290,7.629300,8.622876,9.066398,3293962.68
07/31/2003,14.681250,14.805000,14.377500,14.557500,9.153406,2377778,-,6.299156,7.557148,8.517123,8.931997,3296533.34
07/30/2003,14.580000,14.580000,14.073750,14.557500,9.153406,1803644,-,6.276732,7.490938,8.435775,8.796182,3305456.00
07/29/2003,14.838750,14.895000,14.400000,14.546250,9.146331,2713067,-,6.253919,7.425718,8.326133,8.735348,3332149.34
07/28/2003,14.748750,14.973750,14.557500,14.805000,9.309027,1984089,-,6.228525,7.371392,8.207294,8.699979,3315416.88
07/25/2003,14.557500,14.906250,14.310000,14.895000,9.365618,2843556,-,6.200654,7.314660,8.080321,8.605191,3303260.44
07/24/2003,14.793750,14.917500,14.332500,14.512500,9.125111,5456267,-,6.172465,7.256090,7.944151,8.460887,3289768.88
07/23/2003,14.197500,14.625000,13.950000,14.591250,9.174626,3135733,-,6.144559,7.203037,7.821068,8.320827,3241423.98
07/22/2003,13.365000,13.882500,13.173750,13.803750,8.679464,6420000,-,6.119907,7.154794,7.684545,8.200574,3227592.88
07/21/2003,12.768750,12.858750,12.600000,12.768750,8.028681,2801867,-,6.099641,7.112069,7.577379,8.157424,3119473.76
07/18/2003,13.151250,13.218750,12.723750,13.016250,8.184303,4159289,-,6.082664,7.078398,7.518313,8.179353,3114495.98
07/17/2003,12.600000,12.881250,12.273750,12.397500,7.795250,5287911,-,6.064980,7.046142,7.459601,8.102249,3062936.86
07/16/2003,13.770000,13.837500,13.353750,13.590000,8.545066,4642133,-,6.047897,7.027467,7.434489,8.075369,3020296.86
07/15/2003,14.231250,14.321250,13.702500,13.983750,8.792646,10321778,-,6.027136,6.989552,7.380729,7.916917,2959580.42
07/14/2003,13.545000,13.612500,12.948750,13.297500,8.361148,3150044,-,6.006905,6.942865,7.311406,7.714609,2816469.30
07/11/2003,12.408750,12.690000,12.386250,12.600000,7.922575,2081333,-,5.987947,6.900140,7.247389,7.555450,2801306.64
07/10/2003,12.330000,12.408750,12.003750,12.285000,7.724513,3174667,-,5.968530,6.866327,7.217326,7.427416,2822840.86
07/09/2003,12.757500,13.050000,12.465000,12.678750,7.972093,4630222,-,5.951305,6.839306,7.190799,7.321309,2841096.86
07/08/2003,13.095000,13.252500,12.791250,13.117500,8.247968,3422578,-,5.935177,6.797288,7.170285,7.168517,2779489.76
07/07/2003,12.566250,13.241250,12.555000,13.117500,8.247968,4426489,-,5.917033,6.742396,7.123245,6.997333,2740380.42
07/03/2003,11.812500,12.037500,11.700000,11.790000,7.413268,2847822,-,5.899525,6.693021,7.092475,6.857273,2685651.52
07/02/2003,11.418750,12.026250,11.362500,11.970000,7.526447,6787111,-,5.886227,6.661614,7.089999,6.816953,2671850.64
07/01/2003,10.845000,11.081250,10.743750,11.070000,6.960549,3412267,-,5.874661,6.622991,7.075144,6.793610,2573983.98
06/30/2003,11.058750,11.126250,10.631250,10.766250,6.769559,2092178,-,5.867871,6.591301,7.086816,6.844541,2535448.86
06/27/2003,10.687500,10.923750,10.631250,10.766250,6.769559,3974933,-,5.863237,6.563289,7.108744,6.908204,2531834.64
06/26/2003,10.451250,10.586250,10.305000,10.563750,6.642232,3913422,-,5.861221,6.530750,7.125721,6.939329,2476766.20
06/25/2003,10.350000,10.833750,10.338750,10.597500,6.663452,3330933,-,5.859665,6.498918,7.118647,7.007236,2428097.76
06/24/2003,10.035000,10.316250,9.978750,10.248750,6.444168,3161778,-,5.857437,6.464540,7.107329,7.060289,2373665.76
06/23/2003,10.732500,10.800000,10.383750,10.395000,6.536127,2089156,-,5.857225,6.434547,7.095658,7.172054,2325137.76
06/20/2003,10.878750,11.013750,10.743750,10.890000,6.847369,2014400,-,5.854961,6.403564,7.061350,7.249158,2296058.64
06/19/2003,11.418750,11.553750,11.002500,11.148750,7.010066,2955200,-,5.853369,6.366922,7.021737,7.327676,2272063.98
06/18/2003,11.418750,11.745000,11.261250,11.598750,7.293015,4093333,-,5.852414,6.328582,6.967270,7.363045,2235310.20
06/17/2003,11.846250,12.105000,11.677500,11.880000,7.469860,2090400,-,5.852167,6.286847,6.894764,7.356678,2182343.10
06/16/2003,11.418750,11.902500,11.250000,11.778750,7.406196,989867,-,5.852273,6.236907,6.815892,7.329090,2161749.32
06/13/2003,11.497500,11.632500,11.216250,11.261250,7.080802,2916889,-,5.852768,6.189513,6.767083,7.309284,2164380.42
06/12/2003,11.486250,11.677500,11.238750,11.643750,7.321310,2996711,-,5.857012,6.152022,6.736666,7.312114,2144042.64
06/11/2003,11.565000,11.666250,11.283750,11.441250,7.193982,3733778,-,5.862494,6.100384,6.692455,7.230058,2103267.54
06/10/2003,11.756250,12.026250,11.621250,12.026250,7.561815,3350311,-,5.867658,6.049453,6.656379,7.154369,2058490.64
06/09/2003,11.925000,11.970000,11.565000,11.621250,7.307162,1575289,-,5.875475,5.994419,6.616412,7.019261,2056239.98
06/06/2003,12.273750,12.442500,11.981250,12.138750,7.632554,4582400,-,5.883503,5.948723,6.578214,6.873543,2064129.76
06/05/2003,11.238750,11.835000,11.227500,11.711250,7.363752,3079111,-,5.886121,5.898500,6.513843,6.715798,2003706.64
06/04/2003,11.306250,11.576250,11.160000,11.497500,7.229352,2510133,-,5.891886,5.855774,6.474231,6.571494,1979548.42
06/03/2003,11.362500,11.452500,11.216250,11.441250,7.193982,2519733,-,5.896413,5.815596,6.455839,6.432849,1971608.88
06/02/2003,11.576250,11.700000,11.396250,11.463750,7.208130,3708267,-,5.898500,5.789847,6.428605,6.302693,1949832.88
05/30/2003,10.878750,11.340000,10.800000,11.306250,7.109098,2695200,-,5.899844,5.758723,6.391114,6.224882,1929183.98
05/29/2003,10.260000,10.597500,10.215000,10.338750,6.500757,966044,-,5.899879,5.732974,6.346903,6.161218,1925153.76
05/28/2003,9.900000,10.417500,9.843750,10.237500,6.437093,1733244,-,5.905892,5.714158,6.333463,6.154851,1969008.00
05/27/2003,9.146250,9.911250,9.112500,9.877500,6.210734,1933778,-,5.911728,5.690108,6.330280,6.158388,2008890.68
05/23/2003,9.450000,9.517500,9.258750,9.303750,5.849974,2309867,-,5.919756,5.662379,6.313303,6.213564,2025070.24
05/22/2003,9.348750,9.697500,9.270000,9.630000,6.055112,2121956,-,5.926618,5.640309,6.295973,6.282886,2032654.24
05/21/2003,9.112500,9.450000,8.988750,9.416250,5.920712,3508711,-,5.933267,5.610033,6.282179,6.311888,2006284.46
05/20/2003,9.472500,9.528750,9.202500,9.292500,5.842899,2823911,-,5.938855,5.580323,6.278288,6.376967,1983040.02
05/19/2003,9.776250,9.832500,9.360000,9.371250,5.892416,3138311,-,5.946495,5.551887,6.265909,6.478829,1964453.36
05/16/2003,10.282500,10.327500,10.046250,10.226250,6.430019,1876444,-,5.956115,5.525997,6.240090,6.554517,1933399.14
05/15/2003,10.316250,10.338750,10.091250,10.293750,6.472462,1376267,-,5.965877,5.491053,6.187037,6.557347,1922341.38
05/14/2003,10.248750,10.282500,9.900000,10.237500,6.437093,2168978,-,5.978645,5.457948,6.120544,6.532589,1936778.70
05/13/2003,10.316250,10.406250,10.192500,10.293750,6.472462,3039022,-,5.990246,5.426258,6.051222,6.512075,1922906.70
05/12/2003,10.451250,10.800000,10.428750,10.755000,6.762486,2444178,-,5.997992,5.398104,5.974825,6.502172,1876060.48
05/09/2003,10.260000,10.541250,10.113750,10.406250,6.543199,1014044,-,6.003085,5.365141,5.883928,6.413043,1849153.80
05/08/2003,10.091250,10.226250,10.068750,10.091250,6.345135,2552978,-,6.019496,5.334724,5.806117,6.309059,1849205.36
05/07/2003,10.687500,10.777500,10.350000,10.451250,6.571496,1581333,-,6.034138,5.304872,5.739624,6.252469,1829566.24
05/06/2003,10.777500,11.047500,10.687500,10.912500,6.861518,3155911,-,6.052707,5.277002,5.665703,6.179610,1825077.36
05/05/2003,10.530000,10.710000,10.440000,10.575000,6.649304,1606311,-,6.070215,5.245736,5.582941,6.052990,1791571.58
05/02/2003,9.753750,10.327500,9.731250,10.271250,6.458315,3166222,-,6.090799,5.220978,5.499117,5.925663,1797176.92
05/01/2003,9.900000,9.945000,9.630000,9.900000,6.224881,2391911,-,6.111879,5.203718,5.428026,5.816727,1754112.04
04/30/2003,9.821250,9.990000,9.675000,9.911250,6.231956,3158044,-,6.129952,5.187024,5.377095,5.708499,1723507.60
04/29/2003,9.821250,10.170000,9.753750,10.136250,6.373430,4087467,-,6.149865,5.172735,5.302467,5.590368,1677260.50
04/28/2003,8.853750,9.461250,8.820000,9.337500,5.871195,1549867,-,6.167372,5.151372,5.216168,5.447479,1611678.28
04/25/2003,8.988750,9.022500,8.685000,8.752500,5.503361,1467111,-,6.187002,5.136235,5.163115,5.354813,1601185.82
04/24/2003,9.180000,9.270000,9.033750,9.191250,5.779237,1690044,-,6.205747,5.128171,5.139064,5.303175,1587992.94
04/23/2003,9.168750,9.337500,9.112500,9.292500,5.842899,2157778,-,6.226261,5.114589,5.106171,5.226778,1586727.18
04/22/2003,8.583750,8.966250,8.471250,8.898750,5.595319,1893778,-,6.249710,5.098178,5.075401,5.151797,1580636.50
04/21/2003,8.527500,8.673750,8.426250,8.550000,5.376034,1485511,-,6.276308,5.088416,5.056655,5.112891,1556780.50
04/17/2003,8.100000,8.662500,8.100000,8.538750,5.368960,1911467,-,6.296043,5.086294,5.083182,5.072571,1548481.84
04/16/2003,8.291250,8.437500,8.145000,8.178750,5.142601,1221511,-,6.316946,5.085728,5.097329,5.039325,1540343.16
04/15/2003,7.852500,8.178750,7.740000,8.032500,5.050643,1480000,-,6.341704,5.091104,5.131283,5.045691,1542216.94
04/14/2003,7.638750,7.920000,7.638750,7.863750,4.944537,609333,-,6.369928,5.101715,5.156749,5.014566,1536864.06
04/11/2003,7.942500,8.010000,7.751250,7.863750,4.944537,735378,-,6.398719,5.116145,5.171250,4.984857,1635925.40
04/10/2003,7.931250,7.987500,7.751250,7.931250,4.986979,635200,-,6.424361,5.130151,5.165237,4.971417,1724019.62
04/09/2003,8.077500,8.257500,7.942500,7.976250,5.015273,814667,-,6.448977,5.142035,5.153212,4.974954,1758728.96
04/08/2003,8.313750,8.313750,8.066250,8.100000,5.093085,1117511,-,6.473771,5.151938,5.129515,4.985564,1777488.06
04/07/2003,8.302500,8.493750,8.223750,8.280000,5.206264,1444978,-,6.497149,5.156466,5.096622,4.999004,1777621.40
04/04/2003,7.998750,8.021250,7.762500,7.908750,4.972831,1060711,-,6.520528,5.162125,5.057363,5.000419,1784378.72
04/03/2003,8.178750,8.246250,7.976250,8.010000,5.036495,1121422,-,6.546948,5.178819,5.038617,5.093793,1805749.38
04/02/2003,8.021250,8.370000,7.931250,8.280000,5.206264,1900000,-,6.576623,5.191268,5.020933,5.155334,1869432.94
04/01/2003,7.447500,7.683750,7.380000,7.537500,4.739398,957956,-,6.607075,5.202445,5.001480,5.216875,1873740.50
03/31/2003,7.458750,7.481250,7.256250,7.391250,4.647440,1494933,-,6.637421,5.224656,5.007139,5.298931,1880865.82
03/28/2003,7.706250,7.875000,7.593750,7.650000,4.810137,3237778,-,6.668157,5.257478,5.028007,5.357642,1892263.16
03/27/2003,7.672500,8.100000,7.380000,7.987500,5.022348,1969778,-,6.699600,5.286764,5.043215,5.359057,1860533.38
03/26/2003,8.257500,8.280000,7.953750,8.145000,5.121380,1561244,-,6.730901,5.317747,5.043215,5.331469,1852737.82
03/25/2003,8.111250,8.538750,8.055000,8.313750,5.227485,1871200,-,6.765597,5.347032,5.029775,5.273465,1848001.82
03/24/2003,8.392500,8.628750,8.280000,8.302500,5.220413,2113156,-,6.800860,5.375610,5.027299,5.194239,1845969.82
03/21/2003,9.157500,9.472500,9.090000,9.393750,5.906564,1430933,-,6.837360,5.394426,5.031190,5.114306,1861244.48
03/20/2003,9.022500,9.236250,8.797500,8.988750,5.651910,2675822,-,6.872446,5.400934,5.006432,4.983442,1867923.60
03/19/2003,9.292500,9.416250,9.045000,9.258750,5.821678,2493689,-,6.908487,5.421589,5.003602,4.886532,1855655.16
03/18/2003,9.022500,9.022500,8.516250,8.842500,5.559951,3158756,-,6.942688,5.440122,4.982027,4.786085,1841296.04
03/17/2003,7.695000,8.437500,7.638750,8.325000,5.234558,3727378,-,6.980462,5.459080,4.979905,4.715348,1842604.48
03/14/2003,7.818750,8.032500,7.582500,7.672500,4.824283,2742756,-,7.019686,5.480301,4.983442,4.698371,1820200.92
03/13/2003,7.470000,7.627500,7.301250,7.548750,4.746473,2689067,-,7.062128,5.502088,4.997943,4.727373,1785381.36
03/12/2003,7.200000,7.233750,6.873750,7.222500,4.541335,803467,-,7.108461,5.524583,5.015628,4.754961,1753336.90
03/11/2003,7.065000,7.245000,7.008750,7.053750,4.435228,2346489,-,7.154759,5.551604,5.043569,4.786085,1762526.22
03/10/2003,7.087500,7.098750,6.986250,7.031250,4.421081,1894578,-,7.204381,5.584851,5.072925,4.860359,1728055.10
03/07/2003,7.177500,7.413750,7.166250,7.312500,4.597924,1585600,-,7.255312,5.618805,5.107233,4.948074,1708787.54
03/06/2003,7.413750,7.560000,7.346250,7.447500,4.682809,1323556,-,7.306101,5.649929,5.140833,5.029422,1725242.66
03/05/2003,7.695000,7.717500,7.526250,7.661250,4.817210,2098133,-,7.359437,5.675394,5.173726,5.120673,1750515.54
03/04/2003,7.920000,7.987500,7.695000,7.717500,4.852578,1475378,-,7.413728,5.688410,5.203435,5.177970,1861960.88
03/03/2003,8.235000,8.313750,8.032500,8.055000,5.064790,696711,-,7.466781,5.700577,5.239865,5.244463,2002670.20
02/28/2003,8.313750,8.313750,8.043750,8.133750,5.114306,1098844,-,7.518030,5.721798,5.269928,5.268514,2002951.10
02/27/2003,7.785000,8.077500,7.773750,7.987500,5.022348,1016622,-,7.568253,5.745424,5.296455,5.268514,2046634.66
02/26/2003,7.818750,8.043750,7.706250,7.717500,4.852578,1571022,-,7.616001,5.763109,5.324396,5.276295,2048346.66
02/25/2003,8.077500,8.257500,7.886250,8.235000,5.177969,1356889,-,7.661627,5.790979,5.357289,5.301053,2040526.22
02/24/2003,8.178750,8.628750,8.167500,8.426250,5.298223,1480622,-,7.709834,5.816162,5.364362,5.285491,2056629.32
02/21/2003,8.775000,8.775000,8.392500,8.606250,5.411403,1886578,-,7.761543,5.846154,5.373912,5.266392,2051573.32
02/20/2003,8.696250,8.910000,8.617500,8.898750,5.595319,1012978,-,7.803985,5.869356,5.393718,5.252244,2043210.64
02/19/2003,8.786250,8.797500,8.415000,8.572500,5.390182,861689,-,7.843598,5.904159,5.396902,5.226779,2043551.96
02/18/2003,8.707500,8.887500,8.640000,8.775000,5.517509,845689,-,7.884378,5.943489,5.415647,5.228901,2045980.40
02/14/2003,8.043750,8.448750,8.043750,8.437500,5.305296,808356,-,7.931171,5.978433,5.432270,5.235267,2060968.84
02/13/2003,8.021250,8.178750,7.942500,8.133750,5.114306,1025244,-,7.984755,6.026959,5.481433,5.271343,2063007.94
02/12/2003,8.088750,8.302500,8.043750,8.111250,5.100159,807467,-,8.038161,6.090481,5.539437,5.324396,2073143.06
02/11/2003,8.021250,8.246250,8.010000,8.111250,5.100159,1626756,-,8.090082,6.146222,5.613004,5.372497,2064199.06
02/10/2003,7.976250,8.100000,7.773750,7.987500,5.022348,1853244,-,8.142039,6.207622,5.687278,5.413525,2058215.06
02/07/2003,8.505000,8.505000,8.100000,8.122500,5.107233,700978,-,8.196860,6.256855,5.768980,5.443234,2065388.40
02/06/2003,8.381250,8.493750,8.280000,8.381250,5.269928,1070578,-,8.253096,6.318113,5.821679,5.481432,2084463.96
02/05/2003,8.617500,8.741250,8.437500,8.493750,5.340665,1504533,-,8.308519,6.370459,5.869780,5.535193,2081530.62
02/04/2003,8.696250,8.741250,8.505000,8.606250,5.411403,1315200,-,8.363730,6.419834,5.936981,5.567025,2107183.96
02/03/2003,9.033750,9.123750,8.865000,8.876250,5.581173,1212356,-,8.421451,6.448553,6.003828,5.602393,2106341.30
01/31/2003,8.381250,9.078750,8.212500,9.011250,5.666057,5562400,-,8.478465,6.467228,6.050161,5.629273,2095503.96
01/30/2003,8.932500,9.168750,8.381250,8.977500,5.644834,5140089,-,8.536788,6.486185,6.081639,5.691522,2005006.18
01/29/2003,8.628750,9.000000,8.336250,8.876250,5.581173,2370667,-,8.594439,6.501182,6.095079,5.754479,1934743.06
01/28/2003,8.696250,8.775000,8.448750,8.763750,5.510435,1752622,-,8.647315,6.517168,6.109580,5.853511,1929960.84
01/27/2003,8.505000,8.820000,8.392500,8.460000,5.319443,1124178,-,8.699166,6.524100,6.128679,5.961032,1921548.40
01/24/2003,9.213750,9.213750,8.606250,8.730000,5.489213,1782844,-,8.750839,6.539380,6.167585,6.094725,1962908.40
01/23/2003,9.303750,9.382500,8.887500,9.236250,5.807532,2129244,-,8.805378,6.542775,6.199063,6.161926,1958280.86
01/22/2003,8.887500,9.112500,8.741250,9.000000,5.658983,4305600,-,8.855672,6.553386,6.216393,6.204368,1946591.98
01/21/2003,9.483750,9.585000,9.101250,9.168750,5.765089,2115378,-,8.908796,6.568665,6.231248,6.306937,1898887.10
01/17/2003,9.416250,9.517500,9.225000,9.303750,5.849974,1314222,-,8.963794,6.597950,6.216393,6.405262,1934430.20
01/16/2003,10.012500,10.237500,9.810000,10.001250,6.288546,2064800,-,9.021021,6.621435,6.196941,6.471048,1940977.76
01/15/2003,10.091250,10.372500,9.810000,9.978750,6.274398,1651289,-,9.076903,6.633036,6.188806,6.471755,1952579.54
01/14/2003,10.383750,10.665000,10.248750,10.451250,6.571496,1580000,-,9.134271,6.634026,6.189867,6.435679,1967615.98
01/13/2003,10.845000,10.912500,10.361250,10.473750,6.585642,1324444,-,9.192382,6.624264,6.156620,6.365649,1978567.10
01/10/2003,9.798750,10.687500,9.731250,10.586250,6.656379,1769600,-,9.249184,6.615493,6.139643,6.296327,1985505.78
01/09/2003,9.843750,10.136250,9.708750,9.798750,6.161218,2876889,-,9.299832,6.594130,6.128679,6.240444,1995720.90
01/08/2003,9.967500,10.068750,9.787500,9.911250,6.231956,1764889,-,9.353804,6.589603,6.160511,6.236200,1973379.56
01/07/2003,10.676250,10.968750,10.451250,10.631250,6.684674,2062400,-,9.405265,6.582388,6.177488,6.228419,1959269.34
01/06/2003,10.293750,10.901250,10.271250,10.732500,6.748338,1775733,-,9.455560,6.558762,6.210027,6.155559,1969123.56
01/03/2003,10.046250,10.428750,9.933750,10.350000,6.507833,3224178,-,9.505995,6.537540,6.240444,6.027525,2040970.68
01/02/2003,9.776250,10.023750,9.562500,10.012500,6.295619,2607200,-,9.557917,6.510943,6.278288,5.922833,2041729.78
12/31/2002,9.326250,9.630000,9.191250,9.405000,5.913638,1001778,-,9.615037,6.510094,6.350087,5.905857,2031592.90
12/30/2002,9.472500,9.573750,9.326250,9.337500,5.871195,1086844,-,9.671910,6.509811,6.468925,5.944055,2048421.34
12/27/2002,9.427500,9.562500,9.360000,9.371250,5.892416,1262933,-,9.727297,6.505850,6.569726,5.947592,2084547.58
12/26/2002,9.731250,10.046250,9.697500,9.697500,6.097554,622933,-,9.780527,6.482224,6.683613,5.982960,2111088.04
12/24/2002,9.776250,9.877500,9.618750,9.731250,6.118775,931200,-,9.831670,6.474301,6.752936,6.016914,2184373.38
12/23/2002,9.427500,9.877500,9.292500,9.787500,6.154145,2408356,-,9.882671,6.445299,6.855505,6.084822,2221916.50
12/20/2002,9.180000,9.652500,9.146250,9.472500,5.956079,2587200,-,9.935052,6.414033,6.942158,6.126557,2227432.94
12/19/2002,8.583750,9.022500,8.550000,8.696250,5.467992,7670400,-,9.991713,6.376259,7.034824,6.264495,2211514.72
12/18/2002,9.033750,9.067500,8.235000,8.685000,5.460920,8510844,-,10.051486,6.341598,7.103793,6.453363,2096243.60
12/17/2002,9.945000,10.091250,9.675000,9.742500,6.125850,710756,-,10.107475,6.306937,7.156492,6.633743,2033809.84
12/16/2002,9.607500,10.057500,9.540000,10.012500,6.295619,3283022,-,10.158724,6.255299,7.180896,6.794317,2108494.28
12/13/2002,9.855000,9.855000,9.337500,9.393750,5.906564,1102222,-,10.210645,6.214271,7.185848,6.993796,2083239.18
12/12/2002,10.147500,10.215000,9.855000,9.933750,6.246101,1180000,-,10.261222,6.188664,7.209545,7.191860,2100700.52
12/11/2002,10.552500,10.552500,10.091250,10.237500,6.437093,2162044,-,10.301967,6.156408,7.190092,7.384266,2123032.96
12/10/2002,10.338750,10.867500,10.248750,10.811250,6.797853,1227822,-,10.341084,6.120615,7.172408,7.488957,2130472.96
12/09/2002,11.238750,11.238750,10.440000,10.451250,6.571496,1468444,-,10.378611,6.072230,7.115464,7.626188,2138405.40
12/06/2002,11.193750,11.778750,11.081250,11.666250,7.335457,1030044,-,10.415995,6.028656,7.103792,7.757759,2178864.08
12/05/2002,12.037500,12.082500,11.362500,11.700000,7.356678,983111,-,10.445882,5.976877,7.058167,7.805153,2297463.20
12/04/2002,11.745000,11.902500,11.306250,11.553750,7.264720,1595111,-,10.475874,5.921136,7.051800,7.754222,2427877.42
12/03/2002,12.712500,12.723750,12.296250,12.296250,7.731586,910311,-,10.508873,5.856623,7.039775,7.679240,2497189.42
12/02/2002,13.601250,13.668750,12.937500,13.185000,8.290410,1532000,-,10.537522,5.787584,6.996625,7.567475,2546904.98
11/29/2002,13.005000,13.027500,12.487500,12.543750,7.887206,360267,-,10.566100,5.716705,6.898301,7.377899,2547836.54
11/27/2002,12.375000,12.993750,12.138750,12.993750,8.170157,1327556,-,10.597047,5.651344,6.808111,7.227229,2574542.32
11/26/2002,12.386250,12.588750,11.835000,11.902500,7.484007,2211911,-,10.624069,5.582870,6.706956,6.995918,2617678.32
11/25/2002,12.566250,13.106250,12.487500,12.993750,8.170157,1654756,-,10.651727,5.528261,6.612168,6.855858,2684147.66
11/22/2002,12.408750,12.768750,12.352500,12.543750,7.887206,923911,-,10.676308,5.469124,6.500403,6.604740,2691473.88
11/21/2002,11.711250,12.476250,11.520000,12.420000,7.809397,2787200,-,10.700182,5.423428,6.399603,6.449826,2705658.78
11/20/2002,10.192500,11.013750,10.181250,10.890000,6.847369,1273067,-,10.726390,5.384098,6.284301,6.311181,2686421.44
11/19/2002,10.473750,10.755000,10.305000,10.361250,6.514904,670489,-,10.759849,5.374478,6.226296,6.349379,2686074.76
11/18/2002,10.485000,10.878750,10.428750,10.518750,6.613937,1037511,-,10.795642,5.370799,6.159449,6.400310,2710085.42
11/15/2002,10.001250,10.338750,9.877500,10.170000,6.394650,1626933,-,10.830693,5.362877,6.141411,6.425775,2720008.98
11/14/2002,9.888750,10.226250,9.607500,10.147500,6.380504,2131556,-,10.865920,5.363018,6.116653,6.418702,2720830.32
11/13/2002,9.281250,9.540000,9.123750,9.315000,5.857046,1332000,-,10.901041,5.357076,6.081285,6.388992,2712503.20
11/12/2002,9.337500,9.832500,9.236250,9.675000,6.083407,3192178,-,10.937541,5.370517,6.023988,6.417994,2739982.32
11/11/2002,9.641250,9.663750,8.966250,9.000000,5.658983,1551467,-,10.971884,5.385230,6.004888,6.368478,2696588.54
11/08/2002,10.215000,10.305000,9.911250,10.080000,6.338061,1544800,-,11.010648,5.416920,5.955372,6.396066,2681424.08
11/07/2002,10.732500,10.743750,10.215000,10.215000,6.422946,1920356,-,11.046300,5.439981,5.868012,6.349379,2685445.42
11/06/2002,11.362500,11.531250,11.013750,11.497500,7.229352,3892533,-,11.081386,5.461626,5.750234,6.257421,2683216.08
11/05/2002,10.935000,11.193750,10.698750,11.171250,7.024213,1641600,-,11.111520,5.475632,5.575513,6.103213,2621139.64
11/04/2002,10.777500,11.452500,10.687500,10.923750,6.868591,2644889,-,11.139390,5.503503,5.410695,5.918589,2602773.42
11/01/2002,9.562500,10.192500,9.292500,10.057500,6.323914,2403111,-,11.169453,5.530666,5.244463,5.857047,2576856.98
10/31/2002,9.832500,10.057500,9.438750,9.675000,6.083407,2127556,-,11.204327,5.586690,5.140479,5.814605,2567937.88
10/30/2002,9.135000,9.843750,8.988750,9.776250,6.147069,1671378,-,11.238528,5.643280,5.067619,5.773577,2569139.64
10/29/2002,9.225000,9.315000,8.505000,8.887500,5.588245,2280356,-,11.278106,5.683458,4.991930,5.629981,2585459.64
10/28/2002,9.945000,9.967500,9.393750,9.438750,5.934859,1759822,-,11.321220,5.742029,4.944890,5.641299,2580336.08
10/25/2002,8.887500,9.427500,8.842500,9.337500,5.871195,1059378,-,11.364441,5.786027,4.867079,5.514679,2569232.08
10/24/2002,8.808750,9.405000,8.640000,8.752500,5.503361,2555111,-,11.406529,5.820830,4.793159,5.386644,2579896.96
10/23/2002,8.133750,9.101250,7.897500,9.045000,5.687278,5368089,-,11.448052,5.860302,4.755314,5.243048,2584986.74
10/22/2002,8.606250,8.763750,8.223750,8.235000,5.177969,3262133,-,11.487700,5.888879,4.699432,5.047813,2516561.84
10/21/2002,9.348750,9.978750,9.180000,9.945000,6.253175,2100356,-,11.529683,5.939386,4.642488,4.902801,2469141.40
10/18/2002,8.943750,9.438750,8.685000,9.382500,5.899490,1843200,-,11.567068,5.966407,4.543810,4.631878,2471918.28
10/17/2002,8.831250,9.090000,8.685000,9.022500,5.673130,2893156,-,11.605620,6.004747,4.486159,4.466352,2503681.84
10/16/2002,7.942500,8.100000,7.470000,7.492500,4.711102,2589956,-,11.640175,6.035730,4.433460,4.361661,2484897.84
10/15/2002,8.910000,9.213750,8.718750,9.067500,5.701425,4287200,-,11.676923,6.089207,4.435228,4.353880,2473486.28
10/14/2002,7.143750,7.548750,7.143750,7.425000,4.668661,2808356,-,11.709957,6.115946,4.387834,4.248482,2420119.16
10/11/2002,7.031250,7.425000,6.952500,7.301250,4.590850,2684178,-,11.748084,6.169989,4.415068,4.219479,2403728.04
10/10/2002,5.962500,6.603750,5.951250,6.468750,4.067394,1791289,-,11.785222,6.234502,4.465645,4.199673,2391882.70
10/09/2002,5.737500,6.210000,5.625000,5.940000,3.734930,1906844,-,11.823066,6.320801,4.554421,4.267581,2414501.36
10/08/2002,5.962500,6.063750,5.681250,5.928750,3.727855,5389156,-,11.863492,6.426624,4.685992,4.351051,2408602.70
10/07/2002,6.165000,6.333750,5.568750,5.636250,3.543938,4444978,-,11.901867,6.527213,4.816148,4.382175,2356736.02
10/04/2002,7.323750,7.413750,6.693750,6.750000,4.244237,2020267,-,11.946785,6.616766,4.949842,4.455742,2308519.12
10/03/2002,7.267500,7.695000,7.222500,7.357500,4.626218,1975289,-,11.991598,6.687503,5.057716,4.505966,2380174.22
10/02/2002,7.143750,7.942500,7.087500,7.368750,4.633292,2296622,-,12.034358,6.791487,5.130576,4.505258,2379923.56
10/01/2002,6.986250,7.391250,6.772500,7.391250,4.647440,2534044,-,12.074113,6.884295,5.225364,4.516576,2374476.46
09/30/2002,7.087500,7.143750,6.750000,6.963750,4.378639,1624444,-,12.112806,6.997050,5.333946,4.527187,2348688.02
09/27/2002,7.031250,7.346250,6.918750,6.986250,4.392786,3491378,-,12.160660,7.116737,5.477189,4.610657,2337872.02
09/26/2002,7.773750,7.773750,6.975000,7.548750,4.746473,6960000,-,12.204623,7.244206,5.632103,4.731618,2331399.12
09/25/2002,6.873750,7.278750,6.693750,7.267500,4.569629,7503822,-,12.247278,7.362762,5.770041,4.841260,2330142.24
09/24/2002,6.108750,6.716250,6.018750,6.423750,4.039099,5060711,-,12.291241,7.468160,5.938042,5.020933,2221358.24
09/23/2002,6.975000,7.098750,6.626250,6.806250,4.279606,3396089,-,12.340156,7.591668,6.156974,5.250122,2170723.58
09/20/2002,7.807500,7.886250,7.537500,7.548750,4.746473,1578578,-,12.389919,7.703574,6.354331,5.443942,2126293.36
09/19/2002,7.143750,7.537500,7.053750,7.346250,4.619145,1695556,-,12.429320,7.804587,6.573263,5.609467,2169632.02
09/18/2002,7.481250,7.706250,7.267500,7.548750,4.746473,3484356,-,12.466528,7.897253,6.787950,5.755893,2190936.90
09/17/2002,8.100000,8.100000,7.245000,7.560000,4.753546,5535378,-,12.504372,7.999963,6.958427,5.934151,2163011.56
09/16/2002,8.561250,8.651250,8.156250,8.291250,5.213338,2021067,-,12.543348,8.115548,7.146588,6.140704,2101109.34
09/13/2002,9.000000,9.202500,8.775000,8.910000,5.602394,1633156,-,12.578328,8.229576,7.292661,6.343720,2094785.78
09/12/2002,9.686250,10.080000,9.225000,9.292500,5.842899,1825333,-,12.614156,8.303992,7.393108,6.532589,2122074.66
09/11/2002,10.271250,10.507500,9.956250,10.125000,6.366356,1255733,-,12.650409,8.378125,7.474809,6.698821,2149424.00
09/10/2002,9.900000,10.215000,9.843750,10.068750,6.330987,1871022,-,12.681604,8.452682,7.512300,6.855151,2188602.68
09/09/2002,9.956250,9.956250,9.517500,9.888750,6.217808,1533689,-,12.710359,8.539972,7.580915,7.063826,2198456.90
09/06/2002,10.316250,10.406250,10.035000,10.181250,6.401725,1668000,-,12.738866,8.629667,7.650238,7.264720,2212355.56
09/05/2002,9.337500,9.855000,9.270000,9.675000,6.083407,1715200,-,12.772820,8.703092,7.720975,7.537058,2277281.78
09/04/2002,10.800000,10.901250,9.607500,10.383750,6.529052,2705956,-,12.811407,8.779630,7.777919,7.820008,2289788.44
09/03/2002,11.317500,11.351250,10.800000,10.845000,6.819076,1022489,-,12.844760,8.848528,7.820715,7.982703,2272351.98
08/30/2002,11.576250,11.891250,11.418750,11.520000,7.243499,793244,-,12.874859,8.907523,7.831679,8.152473,2276202.64
08/29/2002,11.711250,12.183750,11.520000,11.913750,7.491076,1745867,-,12.902552,8.960293,7.838045,8.241602,2299820.42
08/28/2002,12.431250,12.431250,11.756250,11.936250,7.505227,1808889,-,12.926638,9.015609,7.854315,8.253627,2320039.08
08/27/2002,13.297500,13.398750,12.600000,12.611250,7.929650,788711,-,12.949204,9.084932,7.898172,8.250798,2314040.86
08/26/2002,13.241250,13.466250,12.926250,13.387500,8.417738,723289,-,12.969293,9.152274,7.952994,8.169450,2334821.30
08/23/2002,13.972500,13.995000,13.083750,13.083750,8.226747,1349067,-,12.986411,9.200092,7.969971,8.098005,2397991.08
08/22/2002,14.287500,14.850000,14.073750,14.512500,9.125111,1957156,-,13.005617,9.251447,7.959714,8.035756,2418510.18
08/21/2002,13.770000,14.186250,13.455000,14.175000,8.912900,2187644,-,13.018632,9.290919,7.892513,7.904892,2475109.28
08/20/2002,13.083750,13.455000,12.881250,12.971250,8.156009,2487378,-,13.029349,9.338313,7.938139,7.735830,2485795.52
08/19/2002,13.185000,13.938750,13.083750,13.545000,8.516769,2024178,-,13.043567,9.416407,7.994021,7.658726,2464503.08
08/16/2002,11.902500,12.948750,11.823750,12.937500,8.134789,1204622,-,13.051843,9.491671,8.082443,7.510885,2483758.18
08/15/2002,11.925000,12.195000,11.497500,12.105000,7.611332,1592622,-,13.059059,9.579385,8.193854,7.434489,2485287.08
08/14/2002,11.250000,11.891250,10.968750,11.891250,7.476931,2809600,-,13.072746,9.685633,8.351598,7.455003,2478042.64
08/13/2002,11.632500,12.172500,11.283750,11.317500,7.116171,1946844,-,13.089511,9.793295,8.511465,7.545547,2457511.08
08/12/2002,11.970000,12.318750,11.812500,12.251250,7.703290,891111,-,13.108044,9.904211,8.647634,7.736538,2444014.20
08/09/2002,12.240000,12.476250,11.902500,12.093750,7.604259,2239200,-,13.122687,10.012439,8.773193,7.841936,2455516.42
08/08/2002,12.093750,12.937500,11.700000,12.431250,7.816471,3431378,-,13.134818,10.121940,8.886726,7.883671,2442325.30
08/07/2002,12.150000,12.318750,11.036250,11.486250,7.222278,1953956,-,13.144297,10.231866,8.985758,7.880134,2396819.52
08/06/2002,11.812500,12.206250,11.610000,11.745000,7.384972,2019378,-,13.154872,10.367682,9.087266,8.140447,2377343.96
08/05/2002,11.711250,11.857500,11.036250,11.193750,7.038360,1618844,-,13.163927,10.495999,9.212118,8.329316,2362986.62
08/02/2002,12.420000,12.453750,11.587500,11.722500,7.370826,1988800,-,13.174926,10.642425,9.386839,8.654000,2396099.52
08/01/2002,13.083750,13.320000,12.397500,12.431250,7.816471,2091911,-,13.189852,10.787154,9.564035,8.953219,2389852.40
07/31/2002,14.051250,14.062500,13.185000,13.331250,8.382371,2922222,-,13.200392,10.925940,9.639371,9.248194,2371214.18
07/30/2002,13.803750,14.557500,13.725000,14.355000,9.026078,1611911,-,13.210224,11.065293,9.697729,9.477382,2337071.96
07/29/2002,13.410000,14.085000,13.050000,13.927500,8.757277,2795822,-,13.219031,11.198279,9.751136,9.558730,2333111.08
07/26/2002,12.656250,13.050000,12.330000,12.757500,8.021608,2034133,-,13.226635,11.332397,9.848046,9.704449,2296245.30
07/25/2002,13.207500,13.488750,11.700000,12.375000,7.781102,5603022,-,13.232719,11.478257,9.982093,9.889781,2310764.42
07/24/2002,13.882500,15.626250,13.747500,15.626250,9.825407,1962756,-,13.241738,11.625815,10.096687,10.091382,2238894.20
07/23/2002,16.200001,16.391251,14.535000,14.748750,9.273660,2024267,-,13.238165,11.720745,10.100931,10.034085,2259283.52
07/22/2002,16.717501,17.145000,16.121250,16.357500,10.285203,1244622,-,13.236291,11.814825,10.135946,10.094919,2246732.40
07/19/2002,16.762501,17.088751,16.312500,16.481251,10.363014,1083644,-,13.227484,11.905510,10.110127,10.119677,2289199.96
07/18/2002,17.718750,17.865000,16.818750,17.122499,10.766217,3167733,-,13.216025,12.011050,10.086077,10.174852,2361089.74
07/17/2002,18.078751,18.202499,16.368750,16.976250,10.674256,6897156,-,13.200816,12.073723,10.060611,10.030548,2338417.74
07/16/2002,15.806250,16.785000,15.637500,15.648750,9.839558,2064622,-,13.187093,12.130596,10.075466,9.918076,2276437.28
07/15/2002,15.952500,16.312500,15.243750,16.245001,10.214465,2528978,-,13.176978,12.204729,10.148325,9.943541,2341187.50
07/12/2002,15.975000,16.188749,15.480000,15.705000,9.874926,1174578,-,13.165518,12.297961,10.178035,9.991642,2384787.50
07/11/2002,14.906250,15.806250,14.557500,15.581250,9.797115,3745511,-,13.159223,12.420902,10.224014,10.074405,2397319.06
07/10/2002,15.806250,15.817500,14.692500,14.715000,9.252437,2760800,-,13.150097,12.540872,10.289092,10.101992,2351422.18
07/09/2002,16.087500,16.143749,15.525000,15.716250,9.882000,2088089,-,13.139522,12.665512,10.390600,10.167778,2324874.62
07/08/2002,17.268749,17.516251,16.582500,16.751249,10.532781,2440267,-,13.127426,12.777701,10.499536,10.176974,2366890.62
07/05/2002,16.391251,17.358749,16.267500,17.358749,10.914763,1704889,-,13.116285,12.886778,10.586896,10.100578,2404609.72
07/03/2002,14.850000,15.232500,14.197500,14.827500,9.323176,2997600,-,13.104790,12.995572,10.667183,9.997301,2423825.72
07/02/2002,15.637500,15.918750,15.187500,15.187500,9.549535,3192800,-,13.104295,13.136197,10.847209,10.090674,2409176.84
07/01/2002,17.358749,17.527500,16.008751,16.053749,10.094212,3214667,-,13.109105,13.272862,11.012735,10.232856,2366586.62
06/28/2002,17.437500,17.887501,16.863750,17.010000,10.695479,2363733,-,13.112324,13.410092,11.141123,10.353109,2321233.72
06/27/2002,16.998751,17.246250,16.312500,17.021250,10.702550,2228622,-,13.112430,13.535863,11.262083,10.364427,2314815.94
06/26/2002,15.176250,16.166250,15.165000,16.020000,10.072989,4914311,-,13.117558,13.668425,11.380922,10.373623,2303743.94
06/25/2002,16.424999,16.683750,15.648750,15.761250,9.910293,2340533,-,13.126896,13.810465,11.542911,10.476192,2250383.94
06/24/2002,15.412500,16.076250,15.131250,15.862500,9.973959,1834133,-,13.141644,13.935387,11.748049,10.613423,2258542.16
06/21/2002,16.121250,16.200001,15.412500,15.536250,9.768820,1215022,-,13.157383,14.053519,11.939393,10.822098,2256476.38
06/20/2002,16.650000,16.785000,15.615000,15.716250,9.882000,1974133,-,13.175846,14.171225,12.168936,11.073215,2279594.60
06/19/2002,16.987499,17.088751,16.256250,16.312500,10.256906,2756800,-,13.196289,14.301524,12.405198,11.337065,2298330.60
06/18/2002,17.549999,18.101250,17.448750,17.448750,10.971354,1508978,-,13.219632,14.413713,12.630143,11.603745,2292398.16
06/17/2002,17.662500,18.045000,17.549999,17.966249,11.296745,1827733,-,13.238873,14.519960,12.849075,11.792613,2310503.04
06/14/2002,17.066250,17.381250,16.548750,17.190001,10.808657,3881778,-,13.251712,14.629320,13.068007,11.929136,2320188.38
06/13/2002,17.415001,18.112499,17.021250,17.167500,10.794511,2375022,-,13.266284,14.759053,13.300733,12.159740,2297863.04
06/12/2002,17.459999,17.673750,16.728750,17.651251,11.098680,4787111,-,13.277955,14.892463,13.526738,12.388221,2327347.48
06/11/2002,19.170000,19.293751,17.887501,17.943750,11.282598,2721956,-,13.289379,15.025449,13.729754,12.609629,2276552.82
06/10/2002,19.406250,19.620001,19.125000,19.181250,12.060705,1422756,-,13.299318,15.163670,13.894218,12.882675,2248067.48
06/07/2002,18.270000,19.597500,18.112499,19.530001,12.279993,2986933,-,13.308974,15.281377,13.990067,13.056688,2303386.58
06/06/2002,20.542500,20.610001,19.743750,19.912500,12.520501,1281067,-,13.316649,15.371496,14.117041,13.264656,2258138.58
06/05/2002,20.272499,20.598749,20.092501,20.553749,12.923702,1230400,-,13.324217,15.460201,14.273017,13.473331,2245882.58
06/04/2002,19.777500,20.520000,19.642500,20.452499,12.860038,1783022,-,13.330301,15.532211,14.321825,13.656541,2233425.70
06/03/2002,21.026251,21.093750,19.991249,20.137501,12.661975,1272000,-,13.335677,15.609881,14.354718,13.905536,2232378.60
05/31/2002,21.206249,21.543751,20.812500,20.857500,13.114694,1466222,-,13.341937,15.693351,14.398929,14.206877,2265943.04
05/30/2002,20.565001,20.924999,20.126249,20.801250,13.079324,1579644,-,13.344165,15.768898,14.486997,14.441725,2311031.04
05/29/2002,21.498751,21.510000,21.093750,21.172501,13.312758,1156089,-,13.349046,15.861706,14.634130,14.665255,2335246.16
05/28/2002,22.578751,22.578751,21.993750,22.286249,14.013055,980178,-,13.354281,15.941214,14.758274,14.849880,2355233.72
05/24/2002,21.825001,22.072500,21.678749,21.948750,13.800844,1301511,-,13.356969,15.999926,14.831841,14.905762,2360794.60
05/23/2002,23.163750,23.231251,22.353750,22.837500,14.359671,3274489,-,13.362769,16.054677,14.916372,14.923447,2359503.94
05/22/2002,23.096251,23.467501,22.702499,23.231251,14.607250,1676444,-,13.366766,16.094007,14.997720,14.969426,2348670.16
05/21/2002,24.288750,24.446251,23.309999,23.467501,14.755801,1160000,-,13.366129,16.128244,15.085080,15.072702,2361850.62
05/20/2002,24.738750,24.738750,24.299999,24.412500,15.349991,1215111,-,13.363618,16.165734,15.165014,14.987110,2378718.18
05/17/2002,25.379999,25.379999,24.558750,24.930000,15.675386,1413867,-,13.355908,16.204499,15.216652,14.803900,2451512.84
05/16/2002,24.221251,24.750000,23.996250,24.592501,15.463172,952533,-,13.344908,16.239443,15.280669,14.590981,2516682.62
05/15/2002,24.007500,25.132500,23.580000,24.356251,15.314624,2760089,-,13.333590,16.263352,15.356711,14.532269,2571985.74
05/14/2002,24.232500,24.378750,23.647499,24.108749,15.159004,2009511,-,13.323722,16.284573,15.457512,14.603006,2562719.96
05/13/2002,22.421249,23.208750,22.387501,23.174999,14.571880,2982222,-,13.315552,16.314990,15.558313,14.666669,2621077.30
05/10/2002,23.445000,23.478750,22.117500,22.230000,13.977686,1396711,-,13.310919,16.343992,15.637538,14.757920,2632063.98
05/09/2002,24.502501,24.873751,23.490000,23.568750,14.819464,3368000,-,13.311520,16.352339,15.732680,14.909298,2644922.64
05/08/2002,23.456249,25.200001,23.411249,24.873751,15.640013,4678133,-,13.308231,16.341163,15.774415,15.026014,2635052.42
05/07/2002,22.365000,22.421249,21.408751,22.106251,13.899878,2034133,-,13.303810,16.314424,15.812260,15.097459,2580821.32
05/06/2002,22.500000,22.578751,21.375000,21.498751,13.517895,3798133,-,13.306922,16.317395,15.910585,15.342917,2571278.22
05/03/2002,22.365000,22.398750,21.318750,21.543751,13.546191,5302133,-,13.314633,16.313292,16.048876,15.629403,2537728.00
05/02/2002,25.211250,25.481251,23.501249,23.658751,14.876054,4708978,-,13.324111,16.309473,16.209804,15.970357,2485889.78
05/01/2002,25.110001,25.908751,24.592501,25.481251,16.021992,1801156,-,13.323121,16.289242,16.330765,16.181154,2432853.34
04/30/2002,24.806250,25.537500,24.705000,25.121250,15.795637,1450667,-,13.316755,16.238028,16.402917,16.312019,2431356.44
04/29/2002,25.020000,25.177500,24.221251,24.626249,15.484391,1433422,-,13.311662,16.202235,16.500534,16.449956,2424231.10
04/26/2002,26.156250,26.212500,24.412500,24.637501,15.491465,4188889,-,13.305861,16.174082,16.635996,16.517157,2447795.54
04/25/2002,25.447500,25.650000,25.031250,25.424999,15.986625,4326222,-,13.301971,16.135742,16.758726,16.556063,2402943.98
04/24/2002,26.561251,26.606251,25.762501,26.010000,16.354462,2665689,-,13.300627,16.076323,16.798692,16.522817,2368711.10
04/23/2002,26.831249,26.910000,25.998751,26.010000,16.354462,2265156,-,13.298398,16.010962,16.828756,16.527061,2389703.10
04/22/2002,26.493750,26.583750,25.886250,26.055000,16.382757,1063289,-,13.295321,15.937112,16.837244,16.478252,2461038.20
04/19/2002,27.337500,27.461250,26.786249,26.966249,16.955729,947022,-,13.292103,15.870477,16.855282,16.468349,2499690.64
04/18/2002,27.247499,27.416250,26.493750,27.011250,16.984022,2042844,-,13.286479,15.802145,16.849270,16.449251,2512639.98
04/17/2002,28.215000,28.237499,27.371250,27.562500,17.330637,1675022,-,13.279405,15.735935,16.844672,16.480375,2495911.10
04/16/2002,26.887501,27.405001,26.831249,27.315001,17.175014,2246311,-,13.270740,15.661802,16.864124,16.493815,2507036.44
04/15/2002,25.469999,25.751249,24.918751,25.695000,16.156397,2748444,-,13.261544,15.587104,16.869783,16.551113,2477340.44
04/12/2002,24.986250,25.301250,24.615000,25.256250,15.880524,1730844,-,13.251924,15.532070,16.909396,16.754836,2457608.90
04/11/2002,25.290001,25.650000,24.896250,24.896250,15.654162,2370933,-,13.245805,15.477602,16.942289,16.961388,2477100.46
04/10/2002,25.773750,26.122499,25.346251,26.077499,16.396910,2910933,-,13.244992,15.423559,16.975889,17.074568,2459472.02
04/09/2002,26.010000,26.190001,25.211250,25.233749,15.866372,2460178,-,13.241490,15.363857,16.971998,17.130450,2431550.24
04/08/2002,25.290001,25.931250,25.166250,25.897499,16.283726,2414222,-,13.241207,15.315897,17.010196,17.196236,2429194.68
04/05/2002,27.517500,27.674999,26.493750,26.662500,16.764742,2312000,-,13.240641,15.259024,17.060420,17.242215,2445415.12
04/04/2002,27.663750,28.023750,27.135000,27.506250,17.295269,2765511,-,13.242304,15.188852,17.093313,17.249289,2446371.56
04/03/2002,27.641251,28.125000,27.596251,27.776251,17.465036,3849244,-,13.241844,15.094913,17.061481,17.208968,2419760.00
04/02/2002,28.552500,28.665001,28.215000,28.226250,17.747988,2247378,-,13.241879,15.003238,17.007013,17.234433,2383416.90
04/01/2002,28.406250,29.025000,28.102501,28.934999,18.193632,1297689,-,13.242976,14.914250,16.953606,17.188454,2392286.22
03/28/2002,27.742500,28.811251,27.742500,28.541250,17.946047,4188711,-,13.241525,14.808851,16.845024,17.063956,2438126.22
03/27/2002,26.583750,27.112499,26.415001,26.696251,16.785957,724533,-,13.237246,14.731182,16.667474,16.923189,2410080.00
03/26/2002,26.257500,27.225000,26.201250,26.966249,16.955729,668267,-,13.240712,14.679685,16.541208,16.877210,2422855.12
03/25/2002,27.000000,27.225000,26.156250,26.280001,16.524235,607556,-,13.239156,14.632150,16.408575,16.813547,2443520.00
03/22/2002,26.943750,27.168751,26.448750,26.628750,16.743519,1730667,-,13.240358,14.587444,16.284785,16.824157,2475450.66
03/21/2002,26.415001,26.831249,26.043751,26.775000,16.835476,2950222,-,13.238908,14.528732,16.113247,16.878625,2528142.20
03/20/2002,27.281250,27.427500,26.865000,26.865000,16.892061,3720622,-,13.236751,14.464361,15.939233,16.937337,2517434.64
03/19/2002,27.551250,28.293751,27.506250,28.181250,17.719690,2790400,-,13.237529,14.398009,15.787856,16.913993,2519511.08
03/18/2002,27.382500,27.652500,27.213751,27.495001,17.288195,2155467,-,13.237635,14.318218,15.574936,16.779593,2503464.86
03/15/2002,26.268749,27.056250,26.268749,26.955000,16.948656,1258222,-,13.241101,14.244651,15.410826,16.718759,2496415.96
03/14/2002,26.201250,26.527500,26.133751,26.302500,16.538376,1236978,-,13.246866,14.157361,15.267229,16.626092,2504218.64
03/13/2002,25.897499,26.437500,25.683750,25.965000,16.326166,2732800,-,13.259811,14.067808,15.119035,16.411759,2484967.08
03/12/2002,25.593750,26.145000,25.503750,25.953751,16.319096,2335467,-,13.274100,13.987450,14.953510,16.205206,2439955.52
03/11/2002,26.538750,27.056250,26.100000,26.448750,16.630335,2003378,-,13.286550,13.906951,14.791875,16.003604,2401059.52
03/08/2002,27.258751,27.877501,27.000000,27.495001,17.288195,4854844,-,13.294472,13.814710,14.593457,15.745413,2367647.96
03/07/2002,27.067499,27.798750,27.067499,27.708750,17.422596,4672356,-,13.297726,13.701671,14.381599,15.347870,2273436.42
03/06/2002,26.043751,26.594999,25.650000,26.493750,16.658630,3717689,-,13.296913,13.589623,14.187425,14.941130,2214668.42
03/05/2002,25.908751,26.415001,25.818750,26.043751,16.375683,2296800,-,13.300980,13.484508,14.038169,14.661718,2220721.76
03/04/2002,25.368750,26.594999,25.211250,26.527500,16.679855,4927378,-,13.310035,13.407546,13.900585,14.370280,2235294.20
03/01/2002,23.287500,25.481251,23.253750,25.481251,16.021992,3531556,-,13.318417,13.338082,13.738596,14.102893,2157525.30
02/28/2002,22.736250,23.321251,22.725000,22.893749,14.395040,2039644,-,13.326870,13.281209,13.607732,13.908366,2097843.52
02/27/2002,23.040001,23.118750,22.500000,22.680000,14.260638,2874489,-,13.347101,13.244991,13.545837,13.826311,2109537.76
02/26/2002,22.860001,22.860001,22.275000,22.747499,14.303077,1966578,-,13.368287,13.207501,13.480405,13.701813,2122410.64
02/25/2002,21.408751,22.511250,21.408751,22.342501,14.048427,1556978,-,13.391665,13.200427,13.435841,13.580146,2133498.64
02/22/2002,21.105000,21.363750,20.733749,21.172501,13.312758,2120622,-,13.414620,13.183167,13.406838,13.441500,2116494.20
02/21/2002,22.016251,22.331249,21.206249,21.240000,13.355200,2710222,-,13.446664,13.182460,13.413205,13.415328,2093327.98
02/20/2002,21.487499,22.162500,21.195000,22.049999,13.864509,2057156,-,13.477753,13.182601,13.408253,13.433719,2082053.32
02/19/2002,21.622499,21.836250,21.363750,21.408751,13.461308,1726311,-,13.504173,13.181752,13.344943,13.414620,2095704.86
02/15/2002,22.286249,22.556250,22.139999,22.275000,14.005982,1094400,-,13.530275,13.197173,13.315941,13.430890,2133530.64
02/14/2002,22.286249,22.837500,21.937500,22.387501,14.076720,2611644,-,13.553088,13.169586,13.280572,13.374300,2185786.64
02/13/2002,21.150000,21.690001,20.969999,21.588751,13.574489,1946311,-,13.576078,13.129265,13.222921,13.307099,2164097.76
02/12/2002,20.643749,21.026251,20.531250,20.700001,13.015665,2614578,-,13.598006,13.104083,13.247326,13.265364,2166017.76
02/11/2002,20.396250,20.924999,20.295000,20.812500,13.086398,3715289,-,13.623790,13.094745,13.307098,13.258997,2151752.86
02/08/2002,20.756250,20.969999,19.530001,20.137501,12.661975,5831911,-,13.653712,13.077202,13.381726,13.291536,2133404.42
02/07/2002,21.622499,21.836250,20.677500,20.756250,13.051030,2995911,-,13.686675,13.079325,13.463074,13.372177,2054734.20
02/06/2002,21.768749,21.915001,21.150000,21.532499,13.539118,1594489,-,13.713485,13.080173,13.500918,13.411082,2029619.54
02/05/2002,21.802500,22.196251,21.521250,21.746250,13.673518,1206400,-,13.727314,13.061499,13.504809,13.382787,2013432.88
02/04/2002,21.982500,22.218750,21.622499,21.667500,13.624000,2231289,-,13.744008,13.029667,13.499857,13.275266,2027208.88
02/01/2002,21.386250,21.757500,21.206249,21.375000,13.440084,761511,-,13.764486,12.995572,13.505163,13.200992,2026072.88
01/31/2002,21.082500,21.397499,20.655001,21.318750,13.404715,1761867,-,13.781110,12.990620,13.513651,13.186845,2066608.00
01/30/2002,20.598749,21.082500,20.283751,20.924999,13.157135,2705422,-,13.793842,12.998543,13.472624,13.138743,2087056.00
01/29/2002,21.318750,21.543751,20.553749,20.598749,12.951996,1489511,-,13.802720,12.999392,13.417802,13.229287,2065756.44
01/28/2002,21.318750,21.645000,21.105000,21.330000,13.411793,1514844,-,13.812234,12.997128,13.385617,13.355200,2073617.78
01/25/2002,20.655001,21.611250,20.643749,21.420000,13.468378,2342400,-,13.825418,12.984537,13.329734,13.471916,2077232.02
01/24/2002,21.318750,21.532499,21.217501,21.375000,13.440084,3225244,-,13.826989,12.961335,13.257229,13.553972,2050458.68
01/23/2002,20.238750,21.127501,20.238750,21.082500,13.256167,2359822,-,13.827874,12.932899,13.167039,13.590755,2011512.92
01/22/2002,20.598749,20.756250,20.025000,20.036249,12.598310,1434933,-,13.832551,12.906726,13.095240,13.626831,2014588.48
01/18/2002,20.250000,20.756250,20.103750,20.486250,12.881260,2032089,-,13.846265,12.891588,13.035467,13.724449,2017004.48
01/17/2002,21.059999,21.150000,20.610001,21.150000,13.298609,2690844,-,13.859228,12.875318,13.017783,13.809334,2040515.58
01/16/2002,20.924999,21.330000,20.553749,20.553749,12.923702,3589689,-,13.870104,12.843911,13.013185,13.840458,2029294.26
01/15/2002,22.398750,22.758751,21.892500,22.365000,14.062575,2786400,-,13.892360,12.806562,13.025918,13.806504,2000122.70
01/14/2002,22.961250,23.028749,22.500000,22.601250,14.211122,1363289,-,13.904500,12.745303,12.951997,13.606317,1977349.36
01/11/2002,23.467501,23.568750,22.972500,23.186251,14.578952,1701511,-,13.915897,12.664521,12.860746,13.416034,2019440.02
01/10/2002,22.702499,22.882500,22.410000,22.725000,14.288935,2204089,-,13.924129,12.564499,12.829268,13.187553,2043811.58
01/09/2002,22.567499,22.657499,21.892500,21.959999,13.807918,4365244,-,13.924527,12.485698,12.774093,12.960486,2030437.36
01/08/2002,21.352501,21.982500,21.251249,21.656250,13.616928,2414844,-,13.928215,12.426137,12.747567,12.743322,1980945.82
01/07/2002,21.791250,21.892500,21.251249,21.588751,13.574489,3824444,-,13.935951,12.370254,12.734834,12.563650,2013344.06
01/04/2002,22.016251,22.106251,21.093750,21.836250,13.730106,1988089,-,13.939700,12.311401,12.747213,12.346486,1979429.40
01/03/2002,20.250000,21.757500,20.250000,21.645000,13.609855,1803022,-,13.952398,12.237410,12.772325,12.226233,2013614.28
01/02/2002,19.743750,20.047501,19.282499,20.013750,12.584164,1648356,-,13.968570,12.159457,12.723163,12.185913,2087854.28
12/31/2001,19.575001,19.575001,19.113750,19.181250,12.060705,274400,-,13.991860,12.094520,12.696990,12.245332,2099783.16
12/28/2001,19.350000,19.743750,19.170000,19.575001,12.308290,482222,-,14.011136,12.037223,12.709722,12.297678,2197029.38
12/27/2001,19.125000,19.698750,19.125000,19.552500,12.294139,390667,-,14.032269,11.975823,12.721748,12.305459,2381774.28
12/26/2001,18.562500,19.282499,18.506250,19.113750,12.018266,332800,-,14.058778,11.937059,12.717504,12.470984,2450606.28
12/24/2001,18.787500,18.855000,18.450001,18.506250,11.636283,144267,-,14.088877,11.895183,12.754995,12.587701,2473056.06
12/21/2001,18.821251,18.922501,18.517500,18.798750,11.820202,1733956,-,14.120001,11.869434,12.827854,12.751812,2507665.84
12/20/2001,19.248751,19.462500,18.135000,18.135000,11.402850,4020356,-,14.140701,11.848779,12.867113,12.906019,2509427.60
12/19/2001,20.283751,20.452499,19.833750,19.923750,12.527575,3025422,-,14.160613,11.826285,12.901067,13.147941,2478497.82
12/18/2001,21.510000,21.588751,20.700001,21.003750,13.206653,1038933,-,14.173576,11.760499,12.870650,13.318417,2477626.72
12/17/2001,20.857500,21.307501,20.767500,20.958750,13.178356,547467,-,14.182480,11.688064,12.869943,13.260413,2510291.62
12/14/2001,20.328751,20.351250,19.743750,20.013750,12.584164,2624356,-,14.194178,11.606716,12.901067,13.148648,2547287.16
12/13/2001,20.475000,20.711250,19.687500,19.698750,12.386100,3518133,-,14.213268,11.533008,12.931838,13.121767,2620940.48
12/12/2001,21.780001,22.184999,21.285000,22.184999,13.949394,2520978,-,14.234454,11.455763,12.954473,13.138037,2620325.38
12/11/2001,21.161249,21.633751,20.969999,20.969999,13.185431,706756,-,14.243181,11.338197,12.896115,12.964023,2601966.26
12/10/2001,20.913750,21.341249,20.621250,21.116249,13.277391,962311,-,14.257276,11.228979,12.852258,12.922289,2619728.02
12/07/2001,21.937500,22.106251,21.183750,21.251249,13.362275,2146489,-,14.274447,11.122024,12.789302,12.903897,2651811.58
12/06/2001,21.993750,22.365000,21.746250,21.982500,13.822068,2739733,-,14.294952,11.011108,12.718564,12.828207,2657406.24
12/05/2001,21.318750,22.826250,21.273750,22.635000,14.232342,3617600,-,14.314484,10.893118,12.619532,12.654194,2671729.80
12/04/2001,19.428749,20.193750,19.361250,20.081249,12.626606,3707200,-,14.330418,10.780787,12.511304,12.422883,2727036.46
12/03/2001,19.203751,19.305000,18.900000,19.181250,12.060705,1527200,-,14.350401,10.687697,12.466386,12.479472,2740003.58
11/30/2001,19.698750,19.799999,19.395000,19.586250,12.315361,2042311,-,14.375646,10.589231,12.416163,12.653486,2784261.36
11/29/2001,19.631250,19.968750,19.406250,19.957500,12.548797,1901333,-,14.396743,10.492179,12.350377,12.741908,2795774.26
11/28/2001,19.473749,20.013750,19.350000,19.417500,12.209258,2797867,-,14.420652,10.407295,12.231538,12.770910,2879706.72
11/27/2001,20.115000,20.913750,19.811251,20.306250,12.768083,1898400,-,14.444933,10.335425,12.099967,12.828207,2879176.94
11/26/2001,20.610001,20.846251,20.182501,20.823750,13.093471,1740178,-,14.469514,10.264547,11.979006,12.782228,2885598.28
11/23/2001,20.070000,20.238750,19.653749,20.047501,12.605385,785156,-,14.494900,10.212908,11.865827,12.674707,2968001.84
11/21/2001,19.102501,19.462500,18.978750,19.215000,12.081929,1895200,-,14.526484,10.175559,11.776698,12.608921,3049592.94
11/20/2001,20.081249,20.081249,18.945000,18.956249,11.919231,2174489,-,14.565328,10.148255,11.704192,12.584871,3061448.94
11/19/2001,21.959999,22.038750,20.452499,20.981251,13.192504,2788267,-,14.606532,10.144435,11.609758,12.599726,3064867.60
11/16/2001,21.633751,22.365000,21.521250,21.948750,13.800844,2784267,-,14.640707,10.119394,11.435744,12.453300,3064933.38
11/15/2001,20.486250,21.206249,20.475000,20.992500,13.199578,1640444,-,14.670072,10.100578,11.212568,12.178839,3050156.48
11/14/2001,21.037500,21.363750,20.362499,20.418751,12.838816,1882578,-,14.702664,10.099021,11.012381,11.958846,3049781.38
11/13/2001,19.788750,20.396250,19.732500,20.328751,12.782228,1695556,-,14.739271,10.111471,10.832355,11.692167,3051591.16
11/12/2001,19.372499,19.575001,18.506250,19.575001,12.308290,1003733,-,14.776381,10.135239,10.711041,11.371727,3071976.92
11/09/2001,19.091249,19.395000,18.922501,19.113750,12.018266,1277956,-,14.815861,10.187585,10.591848,11.175785,3090384.04
11/08/2001,19.350000,19.665001,18.900000,19.001249,11.947528,2513600,-,14.855244,10.243609,10.508378,11.056946,3113559.14
11/07/2001,18.776251,19.327499,18.742500,18.832500,11.841424,1555733,-,14.897413,10.281948,10.450374,10.944474,3083603.58
11/06/2001,18.731251,19.271250,18.551250,19.192499,12.067782,3207644,-,14.942764,10.319580,10.372209,10.823513,3082064.04
11/05/2001,18.000000,18.708750,17.910000,18.652500,11.728244,2129778,-,14.981899,10.340802,10.230734,10.619790,3037824.04
11/02/2001,17.223749,17.741249,17.223749,17.583750,11.056238,2131111,-,15.014333,10.373907,10.123567,10.418188,3016983.14
11/01/2001,16.514999,17.516251,16.245001,17.493750,10.999645,1647733,-,15.056094,10.418188,10.026304,10.246297,2985893.36
10/31/2001,16.166250,16.436251,15.750000,16.177500,10.172023,3467822,-,15.098802,10.478032,9.921259,10.065917,2976176.04
10/30/2001,16.020000,16.098749,15.131250,15.232500,9.577829,2920089,-,15.136805,10.550891,9.838850,9.972544,2920138.72
10/29/2001,17.268749,17.325001,16.424999,16.458750,10.348869,1535378,-,15.177780,10.640020,9.763515,10.050354,2884046.28
10/26/2001,17.156250,17.538750,16.998751,17.223749,10.829879,1890667,-,15.210699,10.715851,9.632297,10.007912,2875361.84
10/25/2001,16.402500,17.291250,16.065001,17.212500,10.822805,4034756,-,15.243645,10.777958,9.487285,9.959811,2853011.62
10/24/2001,16.514999,16.976250,16.346251,16.908751,10.631816,2128711,-,15.274858,10.839782,9.336969,9.956274,2816026.72
10/23/2001,16.200001,16.458750,15.828750,15.952500,10.030546,3697333,-,15.307910,10.898353,9.201507,9.920905,2815246.28
10/22/2001,15.086250,15.468750,14.906250,15.446250,9.712230,5515022,-,15.331147,10.978852,9.130769,9.841679,2790769.84
10/19/2001,14.625000,14.951250,14.343750,14.850000,9.337322,2244800,-,15.362386,11.071801,9.043763,9.828947,2698261.40
10/18/2001,14.850000,14.951250,14.400000,14.625000,9.195848,5136711,-,15.397490,11.176068,8.933766,9.806311,2682295.18
10/17/2001,17.212500,17.212500,14.681250,14.692500,9.238291,9719467,-,15.433743,11.291369,8.847113,9.776601,2674945.84
10/16/2001,15.975000,16.638750,15.637500,16.469999,10.355939,3832267,-,15.470225,11.409784,8.800426,9.705156,2551685.38
10/15/2001,15.851250,15.873750,15.300000,15.783750,9.924441,1455289,-,15.500236,11.492263,8.713419,9.476675,2515758.26
10/12/2001,16.177500,16.807501,15.693750,16.458750,10.348869,1874756,-,15.527761,11.578846,8.678404,9.256682,2509973.36
10/11/2001,16.706249,17.426250,16.650000,17.156250,10.787436,1822044,-,15.548302,11.648027,8.686539,9.014760,2512291.58
10/10/2001,15.322500,16.368750,15.075000,16.346251,10.278128,2473867,-,15.570186,11.701787,8.684063,8.717664,2542016.04
10/09/2001,15.311250,15.468750,14.568750,14.692500,9.238291,2981867,-,15.594617,11.760216,8.705992,8.482108,2551200.04
10/08/2001,14.456250,15.412500,14.445000,15.243750,9.584904,2672178,-,15.627563,11.842271,8.830489,8.419859,2534974.26
10/05/2001,14.163750,14.737500,13.612500,14.490000,9.110963,2397244,-,15.661207,11.921073,8.948267,8.258578,2521047.14
10/04/2001,13.893750,14.658750,13.815000,14.152500,8.898751,6307022,-,15.700979,12.011758,9.135721,8.061221,2516462.26
10/03/2001,12.273750,13.736250,12.262500,13.556250,8.523842,3487378,-,15.748886,12.115742,9.346872,7.917624,2529342.26
10/02/2001,12.420000,13.072500,12.420000,12.836250,8.071124,1603022,-,15.803310,12.228497,9.593745,7.895696,2528528.04
10/01/2001,12.206250,12.588750,12.093750,12.285000,7.724513,1594844,-,15.853365,12.362191,9.888719,7.950164,2571763.60
09/28/2001,12.600000,12.768750,12.183750,12.611250,7.929650,2566489,-,15.898080,12.498148,10.248772,8.100127,2563813.38
09/27/2001,11.992500,12.431250,11.643750,12.431250,7.816471,2426222,-,15.942874,12.640754,10.593263,8.358318,2538896.04
09/26/2001,13.837500,13.837500,12.600000,12.600000,7.922575,3455911,-,15.987793,12.793264,10.895665,8.650463,2531552.04
09/25/2001,14.062500,14.490000,13.455000,13.702500,8.615801,6382933,-,16.020685,12.928372,11.185688,8.929875,2487578.70
09/24/2001,12.105000,12.802500,12.071250,12.678750,7.972093,4355556,-,16.051881,13.051030,11.411340,9.241120,2424967.16
09/21/2001,11.193750,11.812500,10.698750,11.351250,7.137393,3740089,-,16.084305,13.187129,11.681910,9.637956,2403792.04
09/20/2001,12.386250,12.870000,11.722500,11.868750,7.462784,2617956,-,16.124881,13.330867,11.988556,10.210220,2368483.60
09/19/2001,14.040000,14.118750,12.690000,13.207500,8.304560,6097956,-,16.159410,13.475878,12.315009,10.776119,2454421.36
09/18/2001,14.062500,14.276250,13.387500,13.702500,8.615801,2771378,-,16.194814,13.624144,12.590530,11.291793,2352538.68
09/17/2001,13.950000,15.300000,13.848750,14.670000,9.224142,2219467,-,16.227778,13.770004,12.861454,11.827275,2339463.12
09/10/2001,16.728750,17.190001,16.458750,16.717501,10.511562,5860356,-,16.250626,13.900302,13.107266,12.397417,2360670.22
09/07/2001,16.728750,17.403749,16.672501,17.077499,10.737920,4864711,-,16.269911,14.004852,13.278450,12.828208,2313487.98
09/06/2001,17.291250,17.651251,16.650000,17.043751,10.716699,2488000,-,16.289169,14.106713,13.437256,13.140866,2252855.10
09/05/2001,18.573750,18.855000,17.955000,18.652500,11.728244,2345422,-,16.313838,14.203765,13.579438,13.441500,2239269.32
09/04/2001,18.956249,19.687500,18.832500,18.990000,11.940455,2791556,-,16.334556,14.281152,13.695800,13.581560,2214346.66
08/31/2001,20.317499,20.542500,19.946251,20.452499,12.860038,2045422,-,16.361064,14.349059,13.816761,13.725864,2236641.76
08/30/2001,20.913750,21.363750,20.531250,20.868750,13.121766,1621689,-,16.382754,14.376505,13.901293,13.766892,2261850.66
08/29/2001,22.320000,22.387501,21.307501,21.408751,13.461308,1973067,-,16.399599,14.407205,13.993251,13.853899,2285923.54
08/28/2001,23.366249,23.400000,22.162500,22.218750,13.970614,2714844,-,16.412092,14.447808,14.078136,13.889267,2277695.98
08/27/2001,23.670000,24.052500,23.613750,23.737499,14.925569,1924089,-,16.432429,14.482328,14.103602,13.895634,2257258.66
08/24/2001,22.950001,23.850000,22.668751,23.568750,14.819464,2436711,-,16.449318,14.500013,14.070001,13.817115,2257704.88
08/23/2001,22.106251,22.331249,21.903749,22.049999,13.864509,1015822,-,16.472042,14.527034,14.019424,13.728693,2249953.78
08/22/2001,21.802500,22.049999,21.442499,21.825001,13.723036,1478756,-,16.505952,14.591688,13.999971,13.733645,2275047.12
08/21/2001,21.746250,22.151251,20.812500,20.879999,13.128840,995644,-,16.539906,14.661294,13.973798,13.717375,2281416.88
08/20/2001,21.318750,21.543751,21.037500,21.285000,13.383495,1087733,-,16.573073,14.748159,13.984409,13.810041,2303667.56
08/17/2001,21.206249,21.532499,20.924999,21.105000,13.270316,576622,-,16.602756,14.839835,13.991483,13.907659,2328597.34
08/16/2001,21.757500,22.275000,21.487499,22.252501,13.991837,1161867,-,16.634773,14.932500,14.010228,14.035693,2367774.24
08/15/2001,22.792500,22.950001,21.881250,21.971251,13.814993,665956,-,16.657878,14.994466,14.015533,14.132604,2408200.90
08/14/2001,22.680000,22.837500,22.117500,22.320000,14.034278,1115467,-,16.683414,15.067750,14.032864,14.267005,2453066.66
08/13/2001,22.601250,22.601250,22.061251,22.488750,14.140385,1101156,-,16.707854,15.119954,14.068940,14.311569,2451292.44
08/10/2001,21.712500,22.162500,21.363750,22.162500,13.935244,773156,-,16.724910,15.172441,14.088039,14.322888,2457356.44
08/09/2001,22.004999,22.218750,21.690001,22.128750,13.914025,2185511,-,16.750951,15.222806,14.144275,14.310155,2490929.76
08/08/2001,21.881250,22.342501,21.386250,21.566250,13.560338,2089689,-,16.778644,15.272606,14.220672,14.266298,2525198.20
08/07/2001,22.230000,22.432501,21.892500,22.353750,14.055501,2473511,-,16.806338,15.342352,14.276554,14.230222,2519434.64
08/06/2001,22.905001,22.972500,22.556250,22.837500,14.359671,889600,-,16.829566,15.416061,14.311215,14.158777,2513244.42
08/03/2001,23.816250,23.861250,23.062500,23.141251,14.550663,1446489,-,16.841989,15.488496,14.332083,14.075307,2570318.20
08/02/2001,24.750000,24.750000,23.219999,23.793751,14.960939,4769244,-,16.851855,15.559516,14.320765,13.984763,2615240.86
08/01/2001,24.254999,24.525000,23.850000,24.108749,15.159004,3556444,-,16.874093,15.642844,14.308386,13.898463,2563704.86
07/31/2001,23.298750,23.737499,22.983749,23.028749,14.479925,2035911,-,16.900204,15.723343,14.336326,13.798723,2589777.76
07/30/2001,23.051250,23.152500,22.500000,22.668751,14.253566,1166044,-,16.917994,15.809926,14.407771,13.826311,2602035.54
07/27/2001,21.768749,22.004999,21.318750,21.959999,13.807918,1990667,-,16.939569,15.889151,14.482045,13.853191,2618462.22
07/26/2001,21.093750,21.813749,20.812500,21.431250,13.475452,3308267,-,16.967793,15.971773,14.578601,13.978396,2640826.66
07/25/2001,21.228750,21.375000,20.295000,20.992500,13.199578,2933067,-,17.006964,16.047462,14.696379,14.175046,2640140.44
07/24/2001,21.656250,21.937500,21.037500,21.217501,13.341054,2170578,-,17.048620,16.132912,14.814864,14.322887,2603358.22
07/23/2001,21.971251,22.083750,21.465000,21.510000,13.524971,1975822,-,17.098189,16.229822,14.927690,14.463654,2591297.78
07/20/2001,21.420000,21.825001,21.307501,21.701250,13.645222,2168000,-,17.144849,16.326450,15.018233,14.588859,2647310.22
07/19/2001,22.826250,23.062500,22.376249,22.421249,14.097941,6951022,-,17.186045,16.407797,15.047589,14.656766,2651484.44
07/18/2001,22.162500,23.152500,22.117500,22.522499,14.161604,3446667,-,17.221219,16.494663,15.075531,14.718308,2549648.00
07/17/2001,22.106251,23.568750,21.825001,23.467501,14.755801,3764800,-,17.264696,16.581387,15.142024,14.873930,2519612.44
07/16/2001,24.142500,24.187500,22.961250,23.096251,14.522366,1197333,-,17.310507,16.665847,15.189064,14.989231,2497290.66
07/13/2001,24.075001,24.806250,23.850000,23.951250,15.059970,1320622,-,17.353064,16.748185,15.253435,15.110899,2648302.22
07/12/2001,23.883751,24.828751,23.827499,24.558750,15.441950,2059022,-,17.390281,16.841417,15.308964,15.178806,2691235.56
07/11/2001,23.096251,23.568750,22.781250,23.343750,14.677988,1257244,-,17.427577,16.924038,15.391726,15.217712,2714748.46
07/10/2001,24.142500,24.311251,23.253750,23.456249,14.748723,3252356,-,17.469577,17.013450,15.517992,15.306841,2751166.24
07/09/2001,23.084999,23.793751,22.848749,23.501249,14.777021,3296800,-,17.516750,17.092110,15.654162,15.391726,2761646.24
07/06/2001,23.107500,23.174999,22.556250,22.781250,14.324300,1974667,-,17.565550,17.167941,15.813675,15.447608,2763306.68
07/05/2001,21.791250,24.176250,21.780001,23.400000,14.713356,6914844,-,17.618824,17.254947,15.992640,15.438412,2822519.12
07/03/2001,24.783751,25.042500,24.727501,24.997499,15.717822,1003822,-,17.667279,17.319884,16.111479,15.432753,2816584.90
07/02/2001,25.031250,25.875000,24.941250,25.301250,15.908818,2117600,-,17.712480,17.368976,16.199547,15.410118,2899527.12
06/29/2001,24.941250,25.965000,24.862499,25.031250,15.739043,3279822,-,17.762474,17.432215,16.236330,15.388896,2987587.56
06/28/2001,24.299999,25.526251,24.299999,25.031250,15.739043,3501244,-,17.810885,17.502528,16.287615,15.395970,3064890.68
06/27/2001,25.008751,25.245001,24.750000,25.177500,15.831005,1833067,-,17.859075,17.556005,16.323337,15.439121,3118672.02
06/26/2001,23.760000,24.907499,23.760000,24.761250,15.569280,1808711,-,17.908573,17.565484,16.351986,15.565741,3146840.90
06/25/2001,24.885000,24.975000,24.243750,24.806250,15.597570,1099289,-,17.962475,17.594345,16.425906,15.729144,3149235.56
06/22/2001,23.647499,24.952499,23.523750,24.389999,15.335844,3906311,-,18.023751,17.636787,16.533073,15.916598,3179251.56
06/21/2001,22.725000,22.950001,22.162500,22.635000,14.232342,3305867,-,18.081694,17.665365,16.665352,16.179741,3190839.12
06/20/2001,22.882500,23.400000,22.477501,23.309999,14.656765,2825333,-,18.156207,17.699744,16.858819,16.546867,3182195.56
06/19/2001,25.537500,25.818750,24.446251,24.637501,15.491465,1561689,-,18.227713,17.705261,17.082349,16.790204,3149607.12
06/18/2001,25.177500,25.672501,24.896250,24.963751,15.696606,1692978,-,18.285099,17.692529,17.266973,16.988976,3150001.78
06/15/2001,24.356251,25.593750,24.277500,25.143749,15.809784,1946400,-,18.340353,17.699567,17.422595,17.083764,3183440.00
06/14/2001,26.190001,26.336250,25.436251,25.717501,16.170546,2049156,-,18.398579,17.659026,17.542848,17.179259,3234272.00
06/13/2001,27.832500,28.293751,27.157499,27.191250,17.097206,2270489,-,18.457432,17.607953,17.631270,17.207554,3244184.88
06/12/2001,26.381250,27.956249,26.167500,27.360001,17.203308,1797244,-,18.511874,17.549843,17.639405,17.138231,3234204.44
06/11/2001,27.798750,27.945000,27.607500,27.787500,17.472115,2108178,-,18.571090,17.512600,17.652845,17.122669,3283095.12
06/08/2001,28.631250,28.687500,28.136250,28.575001,17.967274,2334222,-,18.627193,17.472633,17.688567,17.149549,3286812.44
06/07/2001,26.988750,28.575001,26.842501,28.473749,17.903606,2535467,-,18.680821,17.422763,17.708020,17.150964,3288264.88
06/06/2001,27.809999,27.911249,26.561251,27.180000,17.090132,3183200,-,18.731009,17.412188,17.698470,17.170770,3297550.20
06/05/2001,27.101250,28.046249,26.955000,27.798750,17.479181,2909244,-,18.788801,17.400198,17.766024,17.374493,3261047.08
06/04/2001,26.673750,26.966249,26.392500,26.471251,16.644485,1026756,-,18.840448,17.380427,17.816956,17.544970,3248616.86
06/01/2001,26.572500,26.831249,26.122499,26.662500,16.764742,1404356,-,18.889637,17.372044,17.933672,17.761426,3288479.96
05/31/2001,26.043751,26.538750,25.650000,26.167500,16.453493,2451822,-,18.935572,17.324120,18.027399,17.906437,3289806.18
05/30/2001,26.594999,26.842501,25.841249,26.088751,16.403978,3898933,-,18.980190,17.285957,18.190802,18.054986,3265527.08
05/29/2001,27.674999,27.742500,26.988750,27.112499,17.047684,1801511,-,19.020634,17.261164,18.349254,18.140578,3230903.08
05/25/2001,28.642500,28.946251,28.035000,28.215000,17.740913,2164000,-,19.055207,17.206696,18.454299,18.183021,3318712.86
05/24/2001,28.743750,28.957500,28.125000,28.597500,17.981421,3743289,-,19.086092,17.177269,18.501339,18.227586,3322024.86
05/23/2001,29.688749,30.375000,28.709999,28.788750,18.101669,3692622,-,19.112902,17.154527,18.530695,18.265076,3292664.86
05/22/2001,31.387501,31.443750,30.386250,30.420000,19.127363,2192444,-,19.141984,17.137338,18.559344,18.226171,3276815.98
05/21/2001,29.362499,31.353750,29.216249,30.510000,19.183954,4860089,-,19.166821,17.073109,18.500986,18.157556,3323934.22
05/18/2001,28.653749,29.924999,28.473749,29.913750,18.809046,2648800,-,19.191155,17.020126,18.450408,18.088941,3286065.78
05/17/2001,28.901251,29.441250,28.687500,28.968750,18.214853,1987378,-,19.230184,16.995863,18.463495,18.105918,3278168.90
05/16/2001,27.000000,28.541250,26.842501,28.530001,17.938976,3108889,-,19.274561,16.992326,18.515486,18.148360,3304775.12
05/15/2001,26.887501,28.237499,26.820000,27.450001,17.259903,3273956,-,19.325456,16.990770,18.539183,18.326618,3362023.12
05/14/2001,27.967501,28.057501,27.393749,27.787500,17.472115,1093956,-,19.369800,16.964774,18.491435,18.557929,3374840.88
05/11/2001,28.901251,29.283751,28.687500,28.923750,18.186556,1567556,-,19.420377,16.923039,18.468446,18.725576,3517758.20
05/10/2001,29.902500,30.026251,29.137501,29.193750,18.356329,4776444,-,19.479319,16.861710,18.445102,18.775093,3537486.20
05/09/2001,28.293751,28.406250,27.956249,28.170000,17.712616,2376711,-,19.540949,16.794333,18.365523,18.796314,3490049.76
05/08/2001,29.081249,29.362499,28.777500,29.328751,18.441210,1859200,-,19.600492,16.750440,18.277455,18.892517,3459683.54
05/07/2001,29.666250,29.958750,29.328751,29.418751,18.497805,1944889,-,19.663908,16.709660,18.102027,18.844415,3480286.20
05/04/2001,29.092501,30.341249,28.957500,30.183750,18.978819,2648711,-,19.727925,16.672169,17.919878,18.811876,3535912.86
05/03/2001,29.632500,30.431250,29.407499,29.643749,18.639273,8747911,-,19.786000,16.606490,17.773364,18.821071,3517093.30
05/02/2001,31.387501,31.556250,30.870001,31.365000,19.721558,3467289,-,19.850857,16.553790,17.530536,18.882612,3397544.86
05/01/2001,30.993750,31.173750,30.318750,31.128750,19.573011,3234667,-,19.918482,16.493593,17.225304,18.751748,3344593.74
04/30/2001,29.823750,30.847500,29.823750,30.453751,19.148586,3078133,-,19.982871,16.451398,16.956237,18.424941,3306730.62
04/27/2001,30.206249,30.262501,29.250000,29.711250,18.681719,3776356,-,20.042750,16.422997,16.765865,18.211315,3294186.62
04/26/2001,29.924999,30.127501,29.137501,29.531250,18.568542,3379822,-,20.105405,16.397744,16.605469,18.115112,3341061.28
04/25/2001,28.856251,29.868750,28.575001,29.700001,18.674644,4935289,-,20.164648,16.358838,16.450731,17.934732,3301299.50
04/24/2001,28.743750,29.981251,28.462500,28.563749,17.960197,6618133,-,20.224907,16.327537,16.385741,17.662394,3229935.94
04/23/2001,28.991249,29.193750,28.575001,28.901251,18.172409,5150933,-,20.285202,16.299030,16.312262,17.359638,3147071.94
04/20/2001,30.217501,30.757500,29.587500,30.330000,19.070770,6520622,-,20.337141,16.282194,16.228173,17.027881,3086350.16
04/19/2001,28.968750,30.656250,28.563749,30.622499,19.254686,7144978,-,20.378619,16.242086,16.085903,16.725656,3030423.06
04/18/2001,27.652500,30.172501,27.461250,29.283751,18.412914,6190311,-,20.432884,16.210679,15.841594,16.178459,2945114.62
04/17/2001,25.211250,26.437500,24.783751,25.931250,16.304945,3241511,-,20.496883,16.205834,15.648217,15.698861,2859514.62
04/16/2001,27.101250,27.832500,26.684999,27.056250,17.012323,1928444,-,20.565896,16.258179,15.591185,15.487533,2868346.62
04/12/2001,26.280001,28.237499,25.875000,28.181250,17.719690,2600089,-,20.639331,16.314946,15.456783,15.320416,2863018.62
04/11/2001,27.112499,27.258751,26.358749,26.662500,16.764742,4485689,-,20.707238,16.363754,15.384278,15.095825,2857287.06
04/10/2001,24.187500,25.481251,24.142500,25.368750,15.951261,2873689,-,20.775500,16.429010,15.388256,14.966729,2805207.06
04/09/2001,24.344999,24.525000,23.231251,23.748751,14.932640,1195911,-,20.848713,16.503460,15.452804,15.109088,2774181.28
04/06/2001,24.152344,24.468750,23.343750,23.625000,14.854835,1581422,-,20.928345,16.599168,15.501967,15.264887,2768714.62
04/05/2001,24.046875,25.804688,23.835938,25.523438,16.048525,3364889,-,21.009693,16.705274,15.585967,15.428466,2766600.84
04/04/2001,23.062500,23.484375,21.585938,21.919922,13.782720,4488000,-,21.081536,16.788390,15.663336,15.446150,2764483.50
04/03/2001,22.851562,22.851562,21.304688,21.656250,13.616928,2544800,-,21.156528,16.916822,15.876100,15.504729,2719838.16
04/02/2001,23.414062,23.695312,22.429688,22.570312,14.191669,1771467,-,21.229476,17.042381,16.088312,15.597572,2698191.94
03/30/2001,25.101562,25.312500,23.906250,24.398438,15.341148,4241778,-,21.296014,17.166171,16.176734,15.694836,2747244.38
03/29/2001,24.750000,26.437500,24.257812,24.609375,15.473782,2294044,-,21.360340,17.277583,16.178944,15.593151,2807514.60
03/28/2001,25.453125,26.015625,24.468750,24.609375,15.473782,2406844,-,21.428425,17.366004,16.161260,15.672730,2849562.60
03/27/2001,26.578125,27.984375,26.367188,27.632812,17.374851,2999733,-,21.495846,17.420826,16.136944,15.809784,2855777.72
03/26/2001,26.789062,27.070312,26.156250,26.226562,16.490629,1358044,-,21.560394,17.461500,16.044101,15.796520,2844801.72
03/23/2001,26.437500,26.859375,24.960938,26.226562,16.490629,2287733,-,21.619416,17.522511,16.039680,15.739046,2879576.84
03/22/2001,23.660156,25.875000,22.781250,25.804688,16.225363,3019911,-,21.672690,17.548153,16.046312,15.743468,2865747.52
03/21/2001,22.992188,23.695312,22.640625,22.851562,14.368511,1470667,-,21.733258,17.579101,16.019785,15.880522,2844670.18
03/20/2001,23.976562,24.398438,23.132812,23.132812,14.545359,1237867,-,21.807090,17.630385,16.101575,16.247471,2882127.96
03/19/2001,22.992188,24.468750,22.289062,24.117188,15.164304,2167733,-,21.886228,17.687859,16.209892,16.579052,2915795.50
03/16/2001,23.343750,23.906250,22.640625,22.781250,14.324300,6192000,-,21.951439,17.725880,16.324840,16.658632,2928332.40
03/15/2001,27.000000,27.351562,25.804688,25.875000,16.269577,2329600,-,22.005597,17.784239,16.495052,16.764738,2884927.96
03/14/2001,25.734375,27.562500,25.593750,26.789062,16.844316,2275289,-,22.053124,17.752407,16.552525,16.649790,2861484.40
03/13/2001,26.015625,27.562500,25.804688,27.421875,17.242214,2900178,-,22.094682,17.734723,16.541473,16.464104,2827425.74
03/12/2001,25.382812,27.070312,25.101562,25.312500,15.915890,4548356,-,22.124745,17.717038,16.534841,16.291682,2782165.30
03/09/2001,26.859375,27.351562,26.156250,26.296875,16.534843,2966667,-,22.162545,17.727649,16.565789,16.340314,2708863.96
03/08/2001,28.406250,28.757812,27.421875,27.984375,17.595901,2253956,-,22.193493,17.727649,16.605579,16.349156,2654465.74
03/07/2001,28.687500,29.109375,27.914062,28.687500,18.038006,3317689,-,22.221346,17.702891,16.579052,16.159049,2619503.96
03/06/2001,26.824219,29.671875,26.824219,28.406250,17.861172,5971289,-,22.256272,17.650722,16.561368,15.955680,2581845.30
03/05/2001,24.750000,25.523438,24.468750,25.382812,15.960098,3914844,-,22.302694,17.582637,16.576841,15.840731,2507649.74
03/02/2001,22.640625,25.101562,22.429688,24.468750,15.385363,8239822,-,22.356852,17.566721,16.724948,15.991048,2445884.42
03/01/2001,23.062500,24.398438,22.359375,24.046875,15.120093,2553956,-,22.416094,17.562300,16.948212,16.225365,2302359.10
02/28/2001,24.890625,24.960938,23.414062,23.835938,14.987463,2404622,-,22.471358,17.576448,17.200214,16.455261,2262967.10
02/27/2001,25.875000,26.015625,24.609375,24.679688,15.517991,858400,-,22.520874,17.602974,17.452215,16.618841,2236782.22
02/26/2001,25.945312,26.437500,25.119141,26.085938,16.402206,2889333,-,22.559779,17.633922,17.660006,16.778000,2270954.66
02/23/2001,23.625000,26.578125,23.414062,26.437500,16.623262,4726222,-,22.592053,17.675480,17.825797,16.791264,2242424.88
02/22/2001,25.031250,25.804688,24.187500,24.960938,15.694837,1707733,-,22.630075,17.731186,18.002640,16.862002,2187041.78
02/21/2001,25.664062,26.859375,25.101562,25.453125,16.004311,2770489,-,22.676717,17.778933,18.228115,16.999055,2230835.56
02/20/2001,27.773438,27.914062,26.437500,26.578125,16.711683,819733,-,22.737065,17.792197,18.438116,17.167056,2212309.34
02/16/2001,27.140625,27.843750,26.859375,27.773438,17.463268,1341511,-,22.788349,17.795734,18.597275,17.312952,2258496.02
02/15/2001,28.476562,28.968750,28.195312,28.195312,17.728535,2450933,-,22.838086,17.782470,18.743171,17.458847,2309144.92
02/14/2001,25.945312,28.335938,25.734375,27.703125,17.419056,6120089,-,22.890034,17.717922,18.902330,17.671059,2295278.26
02/13/2001,27.421875,28.054688,26.296875,26.437500,16.623262,1391733,-,22.944413,17.666638,19.026120,17.945166,2218193.82
02/12/2001,26.015625,27.281250,26.015625,27.210938,17.109583,1367111,-,23.002772,17.623311,19.105700,18.285589,2234583.16
02/09/2001,26.578125,27.281250,26.296875,26.296875,16.534843,2474933,-,23.050519,17.586174,19.220648,18.542012,2246675.60
02/08/2001,27.562500,28.125000,27.351562,27.562500,17.330637,2114844,-,23.097162,17.542848,19.370964,18.860329,2232547.60
02/07/2001,27.140625,28.054688,26.859375,27.140625,17.065369,3724267,-,23.141373,17.503942,19.393070,19.143278,2216744.94
02/06/2001,27.703125,28.406250,27.632812,28.125000,17.684322,2879556,-,23.174310,17.466805,19.428439,19.457175,2149438.26
02/05/2001,28.968750,29.109375,28.195312,28.898438,18.170643,1910311,-,23.218078,17.388994,19.390860,19.709176,2110392.92
02/02/2001,30.515625,30.937500,29.812500,30.093750,18.922224,3683111,-,23.260079,17.312952,19.353280,19.881599,2104112.04
02/01/2001,32.607422,32.625000,31.078125,31.570312,19.850651,1662044,-,23.300752,17.226299,19.260437,20.027494,2064796.48
01/31/2001,31.710938,33.046875,31.500000,32.062500,20.160126,2313511,-,23.325290,17.142298,19.130016,20.133600,2055025.82
01/30/2001,31.324219,32.273438,31.289062,31.851562,20.027494,1881689,-,23.338774,17.056529,18.855909,20.107074,2031029.38
01/29/2001,30.585938,31.359375,30.375000,31.289062,19.673809,1322400,-,23.366977,17.000823,18.652539,19.925810,2021587.60
01/26/2001,30.796875,31.640625,30.445312,31.359375,19.718019,922578,-,23.396819,16.951307,18.486748,19.899284,2020652.48
01/25/2001,31.851562,32.976562,31.517578,32.062500,20.160126,1475733,-,23.436535,16.886759,18.323168,19.881599,2035653.36
01/24/2001,32.343750,34.453125,31.640625,32.132812,20.204336,3259022,-,23.478019,16.802759,18.141904,19.642861,2126485.36
01/23/2001,31.148438,32.343750,30.656250,32.132812,20.204336,2255733,-,23.530114,16.759432,17.949587,19.399702,2081992.92
01/22/2001,30.410156,31.851562,30.375000,31.640625,19.894865,1462489,-,23.583241,16.721411,17.710849,19.072543,2063297.82
01/19/2001,33.468750,33.468750,32.132812,32.414062,20.381178,4224089,-,23.624062,16.710800,17.438953,18.824962,2078624.04
01/18/2001,31.921875,33.539062,31.007812,33.257812,20.911715,7255289,-,23.648599,16.716106,17.178109,18.493381,2062551.14
01/17/2001,31.148438,31.640625,30.796875,31.640625,19.894865,4396444,-,23.661936,16.708148,16.890738,18.126431,1946499.58
01/16/2001,29.250000,29.390625,28.546875,28.968750,18.214853,2717600,-,23.694210,16.705495,16.687369,17.604743,1885034.70
01/12/2001,31.464844,31.781250,30.515625,30.867188,19.408546,2450933,-,23.733189,16.727600,16.592315,17.379268,1868309.36
01/11/2001,28.054688,31.218750,27.984375,31.078125,19.541174,3096800,-,23.773495,16.732906,16.475156,17.074213,1857249.82
01/10/2001,26.859375,28.617188,26.578125,28.265625,17.772745,1596267,-,23.835390,16.714337,16.422103,16.764737,1829196.48
01/09/2001,27.527344,28.335938,27.281250,28.265625,17.772745,1966044,-,23.907896,16.737327,16.503894,16.640947,1830352.02
01/08/2001,27.246094,27.421875,26.156250,26.929688,16.932741,3343556,-,23.974580,16.760316,16.519367,16.499472,1821532.48
01/05/2001,29.707031,29.742188,27.281250,27.703125,17.419056,2921244,-,24.048486,16.772695,16.506104,16.349156,1791280.02
01/04/2001,26.472656,28.406250,26.437500,27.140625,17.065369,2794578,-,24.117308,16.807180,16.479578,16.052944,1769788.48
01/03/2001,22.113281,27.562500,22.078125,27.421875,17.242214,4021778,-,24.184655,16.854927,16.466314,15.862837,1740224.04
01/02/2001,24.890625,24.890625,23.132812,23.343750,14.677988,1157422,-,24.259372,16.892064,16.329261,15.655046,1691799.14
12/29/2000,25.875000,25.910156,25.031250,25.382812,15.960098,572356,-,24.347793,16.972528,16.338103,15.769994,1699505.82
12/28/2000,24.890625,26.015625,24.890625,26.015625,16.357998,637156,-,24.423910,16.990213,16.262945,15.805363,1758072.92
12/27/2000,25.277344,26.156250,24.890625,26.156250,16.446419,883289,-,24.496268,16.993528,16.207682,15.876100,1833866.68
12/26/2000,25.875000,26.367188,25.593750,26.296875,16.534843,246756,-,24.577247,17.052771,16.103786,16.079470,1866062.24
12/22/2000,25.382812,26.437500,24.960938,26.015625,16.357998,505867,-,24.663311,17.129698,16.046312,16.366840,1927189.34
12/21/2000,24.117188,25.875000,23.835938,24.539062,15.429574,1434756,-,24.758291,17.163298,15.988838,16.539262,1944947.56
12/20/2000,24.046875,25.031250,22.921875,22.992188,14.456934,2261511,-,24.843102,17.226077,15.907048,16.663052,1948849.78
12/19/2000,23.906250,26.156250,23.906250,24.117188,15.164304,826578,-,24.927323,17.325994,15.902627,16.906212,1958791.12
12/18/2000,24.750000,25.312500,24.117188,24.117188,15.164304,1063556,-,25.013313,17.448900,15.873890,17.069792,1967811.56
12/15/2000,25.593750,25.875000,24.890625,25.171875,15.827467,584356,-,25.105198,17.576227,15.898206,17.003476,1985811.56
12/14/2000,26.455078,27.281250,25.945312,25.945312,16.313787,1095378,-,25.203272,17.724775,15.900417,16.906213,2018048.00
12/13/2000,27.703125,27.984375,26.859375,27.140625,17.065369,2567022,-,25.288526,17.855639,15.946838,16.720527,2064716.44
12/12/2000,30.515625,30.726562,29.390625,29.390625,18.480116,1462844,-,25.371200,17.952019,15.953470,16.539264,2101107.56
12/11/2000,29.882812,31.007812,29.390625,30.867188,19.408546,1957067,-,25.429853,18.005072,15.853996,16.128103,2231808.02
12/08/2000,28.300781,28.828125,27.914062,28.757812,18.082222,3897422,-,25.482316,18.074041,15.681573,15.725785,2222087.12
12/07/2000,26.578125,27.492188,25.453125,26.507812,16.667473,1844178,-,25.537948,18.190757,15.679362,15.438414,2174211.56
12/06/2000,28.476562,28.968750,26.789062,26.859375,16.888529,3129067,-,25.608022,18.318084,15.761152,15.151044,2167644.44
12/05/2000,24.609375,27.140625,24.539062,26.718750,16.800106,3873956,-,25.682886,18.430380,15.884943,14.899043,2146289.76
12/04/2000,23.589844,23.835938,22.921875,23.062500,14.501145,1757600,-,25.750823,18.552401,16.077260,14.677989,2094991.98
12/01/2000,24.257812,25.031250,23.343750,23.625000,14.854835,2265867,-,25.828339,18.723939,16.377893,14.792937,2121594.64
11/30/2000,23.343750,23.695312,22.148438,22.992188,14.456934,2211200,-,25.912340,18.910509,16.623263,14.894621,2094250.64
11/29/2000,25.277344,25.453125,23.765625,24.257812,15.252729,1971733,-,25.995677,19.112110,16.866422,15.173149,2068373.30
11/28/2000,23.625000,24.046875,22.781250,22.851562,14.368511,1768533,-,26.075846,19.306638,17.087476,15.367676,2050407.08
11/27/2000,25.734375,26.156250,24.468750,24.468750,15.385363,1324711,-,26.161689,19.507355,17.299688,15.579888,2028983.08
11/24/2000,23.765625,24.328125,23.554688,24.187500,15.208519,358933,-,26.243037,19.694809,17.476531,15.637362,2015875.52
11/22/2000,22.218750,22.781250,21.726562,21.937500,13.793773,927289,-,26.336764,19.908789,17.662216,15.920310,2020808.86
11/21/2000,22.886719,23.484375,21.937500,22.851562,14.368511,1596267,-,26.435722,20.141338,17.850112,16.371260,2013578.64
11/20/2000,22.851562,23.906250,22.640625,23.203125,14.589567,1717333,-,26.536007,20.361508,18.088850,16.870842,1990746.64
11/17/2000,24.609375,25.312500,24.468750,24.890625,15.650626,1173511,-,26.624281,20.584330,18.332010,17.476531,1968974.20
11/16/2000,25.031250,26.015625,25.031250,25.242188,15.871675,1113689,-,26.707545,20.798310,18.504432,17.962849,1952945.76
11/15/2000,26.296875,28.125000,26.226562,27.421875,17.242214,1409600,-,26.793240,21.037933,18.645907,18.351905,1940883.54
11/14/2000,26.578125,27.351562,26.085938,27.351562,17.198002,1275644,-,26.863830,21.231576,18.626012,18.559695,1933704.88
11/13/2000,24.820312,27.281250,24.398438,26.226562,16.490629,1672622,-,26.928894,21.470315,18.592301,18.807276,1947804.44
11/10/2000,25.875000,27.281250,25.171875,25.382812,15.960098,6017333,-,26.991378,21.719664,18.738197,19.019488,1934753.78
11/09/2000,27.914062,29.039062,27.000000,28.687500,18.038006,1034400,-,27.049958,21.939833,18.959251,19.315701,1858913.78
11/08/2000,30.216797,30.234375,29.109375,29.109375,18.303270,1320978,-,27.103895,22.114024,18.959251,19.404122,1860675.56
11/07/2000,31.587891,31.781250,30.796875,30.796875,19.364336,2228800,-,27.157243,22.297057,18.972515,19.328964,1849139.56
11/06/2000,33.187500,33.416016,32.625000,32.835938,20.646448,3420444,-,27.217517,22.468595,18.976935,19.306858,1814193.78
11/03/2000,33.082031,33.117188,32.273438,32.625000,20.513811,1452711,-,27.268138,22.615374,19.010093,19.187489,1761324.46
11/02/2000,31.921875,32.062500,30.726562,31.429688,19.762232,1323200,-,27.329444,22.786028,19.060936,19.046015,1756437.36
11/01/2000,29.882812,31.289062,29.671875,30.726562,19.320122,1881333,-,27.397455,22.964640,19.235569,18.939909,1742312.92
10/31/2000,30.164062,31.640625,29.671875,31.289062,19.673809,1897956,-,27.452939,23.152094,19.412412,18.692328,1713409.82
10/30/2000,30.023438,30.023438,28.406250,29.601562,18.612747,1694133,-,27.504076,23.317442,19.522939,18.377326,1694881.82
10/27/2000,31.359375,31.781250,29.882812,30.093750,18.922224,1654044,-,27.558529,23.518159,19.648940,18.456906,1685169.82
10/26/2000,29.179688,30.164062,28.687500,30.093750,18.922224,1525067,-,27.598540,23.695887,19.845678,18.602802,1668046.28
10/25/2000,28.687500,29.390625,27.703125,27.914062,17.551687,1830933,-,27.632877,23.847088,20.095470,18.514380,1651075.60
10/24/2000,31.781250,31.921875,30.093750,30.445312,19.143278,1846667,-,27.671709,24.015089,20.369577,18.616065,1640631.16
10/23/2000,29.671875,31.148438,29.390625,30.937500,19.452753,1316356,-,27.706857,24.139763,20.537578,18.647013,1662000.04
10/20/2000,29.109375,31.078125,28.968750,30.375000,19.099070,1600533,-,27.729109,24.240564,20.710000,18.832698,1665920.04
10/19/2000,28.898438,30.093750,28.406250,29.742188,18.701174,1542756,-,27.750478,24.337828,20.908948,19.075858,1693173.38
10/18/2000,24.468750,27.492188,23.414062,26.789062,16.844316,3500711,-,27.781499,24.442165,21.183055,19.531229,1708206.26
10/17/2000,29.601562,29.812500,25.664062,26.279297,16.523788,4426844,-,27.825341,24.572145,21.567689,20.132496,1656812.48
10/16/2000,33.046875,33.398438,30.796875,30.867188,19.408546,2493067,-,27.879923,24.720030,21.990455,20.668552,1604266.72
10/13/2000,30.585938,32.554688,30.234375,32.414062,20.381178,3303111,-,27.916987,24.813757,22.240246,20.840974,1600720.04
10/12/2000,30.445312,30.515625,28.195312,28.687500,18.038006,1393778,-,27.942408,24.887147,22.459090,21.088555,1658496.04
10/11/2000,29.601562,30.515625,28.828125,29.531250,18.568542,1629867,-,27.980135,25.058685,22.852566,21.676559,1646289.82
10/10/2000,33.117188,33.257812,30.515625,30.937500,19.452753,2758578,-,28.014619,25.229118,23.195199,22.123088,1631068.48
10/09/2000,33.609375,34.312500,32.484375,33.890625,21.309607,1277600,-,28.046819,25.402424,23.491412,22.428143,1601205.36
10/06/2000,35.085938,35.367188,33.468750,34.242188,21.530664,1963556,-,28.072535,25.498803,23.712466,22.587301,1616083.58
10/05/2000,37.177734,38.109375,36.703125,36.984375,23.254887,2196178,-,28.096925,25.619941,23.953415,22.742039,1600924.46
10/04/2000,35.964844,36.562500,35.226562,36.351562,22.856987,3428800,-,28.111146,25.754342,24.183311,22.834881,1573656.90
10/03/2000,35.156250,35.578125,34.593750,34.804688,21.884352,4386578,-,28.119178,25.910848,24.386681,23.002882,1512668.46
10/02/2000,34.523438,35.296875,32.906250,33.609375,21.132769,7997867,-,28.124483,26.065586,24.749209,23.312358,1439841.78
09/29/2000,37.265625,37.546875,36.140625,36.351562,22.856987,1471022,-,28.131999,26.265419,25.140475,23.639517,1333280.00
09/28/2000,35.929688,38.390625,35.718750,38.039062,23.918047,1503644,-,28.127799,26.434304,25.346055,23.829624,1340424.90
09/27/2000,36.984375,37.265625,35.859375,36.632812,23.033831,1515822,-,28.122420,26.567820,25.487529,24.028573,1323962.68
09/26/2000,36.457031,36.562500,35.437500,35.789062,22.503296,2061333,-,28.120430,26.739358,25.708583,24.267311,1306072.90
09/25/2000,38.707031,38.742188,36.281250,36.421875,22.901194,1309067,-,28.121978,26.954223,25.980480,24.554682,1291662.24
09/22/2000,36.703125,37.968750,36.000000,36.703125,23.078039,3087733,-,28.129199,27.145213,26.234692,24.837631,1287777.78
09/21/2000,38.179688,38.742188,37.546875,38.460938,24.183311,898667,-,28.138778,27.306141,26.533115,25.164791,1253856.00
09/20/2000,39.234375,39.304688,37.617188,39.023438,24.536999,917333,-,28.143420,27.446731,26.758591,25.531741,1249393.78
09/19/2000,38.847656,40.078125,38.250000,39.726562,24.979107,1073422,-,28.138851,27.564332,26.966381,25.770479,1280572.46
09/18/2000,40.359375,40.359375,38.671875,38.812500,24.404362,697333,-,28.131262,27.679280,27.114487,26.186061,1275813.36
09/15/2000,41.062500,41.273438,38.953125,39.375000,24.758053,669333,-,28.124409,27.791576,27.326699,26.641432,1291219.58
09/14/2000,42.398438,42.468750,40.992188,41.203125,25.907536,605600,-,28.114757,27.867618,27.479227,26.862486,1328275.58
09/13/2000,38.953125,40.921875,38.812500,40.429688,25.421211,565778,-,28.095598,27.896797,27.507963,26.946486,1349075.58
09/12/2000,41.132812,42.187500,40.359375,40.359375,25.377007,454667,-,28.076588,27.990524,27.534490,27.149856,1347047.14
09/11/2000,41.343750,42.117188,40.851562,40.921875,25.730688,628711,-,28.055219,28.107240,27.534490,27.406278,1356224.02
09/08/2000,43.664062,43.664062,41.695312,41.906250,26.349642,372089,-,28.024935,28.194778,27.472595,27.631753,1391498.68
09/07/2000,42.539062,44.648438,42.029297,44.296875,27.852808,510578,-,27.990745,28.301768,27.353226,27.901439,1412915.56
09/06/2000,44.578125,44.578125,42.609375,42.820312,26.924381,1050667,-,27.949776,28.370737,27.156487,27.985440,1441377.78
09/05/2000,48.304688,48.375000,45.984375,46.335938,29.134920,1980622,-,27.916471,28.440590,26.977434,28.162283,1434538.66
09/01/2000,45.703125,46.687500,45.087891,46.054688,28.958073,1020089,-,27.873144,28.469769,26.716590,28.042914,1406339.56
08/31/2000,42.679688,43.031250,42.539062,42.890625,26.968590,2225333,-,27.830334,28.507791,26.473431,28.011967,1418892.44
08/30/2000,43.804688,43.804688,42.328125,42.539062,26.747541,1122489,-,27.796586,28.590907,26.327535,28.095968,1421706.66
08/29/2000,43.804688,43.804688,43.453125,43.664062,27.454906,744178,-,27.760333,28.664297,26.320903,28.069440,1437054.22
08/28/2000,44.578125,44.578125,44.156250,44.437500,27.941229,481511,-,27.720912,28.690823,26.302667,27.919124,1463216.00
08/25/2000,45.720703,45.773438,43.945312,44.507812,27.985439,776978,-,27.678175,28.696129,26.311509,27.662702,1598128.00
08/24/2000,46.546875,46.687500,45.843750,46.195312,29.046503,1208356,-,27.631090,28.686402,26.218666,27.313437,1606401.78
08/23/2000,43.593750,45.914062,43.382812,45.632812,28.692816,616978,-,27.579216,28.669602,26.145718,26.805012,1598103.10
08/22/2000,45.070312,45.914062,45.070312,45.632812,28.692816,436178,-,27.530363,28.677560,26.209823,26.327535,1595548.42
08/21/2000,44.718750,45.140625,44.085938,44.437500,27.941229,971556,-,27.482542,28.682865,26.309297,25.792584,1607375.98
08/18/2000,45.773438,46.125000,45.000000,45.562500,28.648600,1208533,-,27.435973,28.729729,26.393298,25.390266,1603918.20
08/17/2000,43.523438,44.296875,43.171875,44.226562,27.808598,797867,-,27.384099,28.722655,26.517089,24.934895,1594801.76
08/16/2000,42.257812,42.609375,41.695312,42.117188,26.482269,676533,-,27.331709,28.709392,26.691721,24.559103,1609002.64
08/15/2000,40.992188,41.484375,40.500000,41.273438,25.951744,1308711,-,27.284183,28.746529,26.897301,24.572366,1617368.86
08/14/2000,40.218750,40.781250,39.445312,40.359375,25.377007,2915111,-,27.240046,28.810192,27.180250,24.686209,1606622.20
08/11/2000,38.460938,39.093750,37.828125,38.953125,24.492786,1512356,-,27.194214,28.910109,27.573726,24.960315,1582702.20
08/10/2000,39.128906,39.164062,37.687500,38.109375,23.962255,2963200,-,27.150666,28.984383,27.971623,25.123895,1588383.96
08/09/2000,39.867188,39.867188,37.968750,38.039062,23.918047,2294400,-,27.112203,29.008257,28.329731,25.486424,1545034.62
08/08/2000,37.476562,37.687500,36.421875,37.125000,23.343304,931022,-,27.072929,29.045394,28.694470,26.092112,1515806.18
08/07/2000,38.109375,38.390625,37.828125,38.039062,23.918047,1799556,-,27.036676,29.081647,29.048156,26.826011,1519151.96
08/04/2000,39.867188,40.218750,38.179688,38.320312,24.094889,2315733,-,26.995486,29.068384,29.388579,27.396331,1506142.18
08/03/2000,36.597656,38.671875,36.070312,38.250000,24.050678,6191911,-,26.953560,29.056005,29.684792,28.099282,1504995.52
08/02/2000,41.906250,43.031250,41.835938,42.328125,26.614904,783467,-,26.909496,29.029478,29.910267,28.824340,1409560.86
08/01/2000,44.718750,45.000000,42.820312,43.083984,27.090172,868800,-,26.852612,28.960509,29.947846,29.222237,1434529.74
07/31/2000,43.242188,45.404297,42.468750,44.718750,28.118069,1265422,-,26.796151,28.919172,30.098716,29.674292,1437647.96
07/28/2000,44.156250,44.156250,41.343750,41.554688,26.128584,2021511,-,26.736024,28.899719,30.253453,30.187137,1431551.96
07/27/2000,46.476562,46.476562,43.593750,43.875000,27.587545,1205600,-,26.688350,28.912983,30.452402,30.819352,1406257.74
07/26/2000,48.832031,48.937500,47.109375,47.671875,29.974926,832800,-,26.635592,28.905909,30.657983,31.173038,1402161.74
07/25/2000,49.253906,49.500000,48.093750,48.796875,30.682297,379378,-,26.571339,28.829866,30.724299,31.296828,1401285.30
07/24/2000,48.726562,48.726562,46.406250,47.109375,29.621243,745244,-,26.501412,28.714034,30.711036,31.270302,1431288.86
07/21/2000,50.062500,50.238281,49.148438,49.500000,31.124407,2669778,-,26.436791,28.587591,30.759668,31.380828,1473479.10
07/20/2000,48.023438,49.992188,47.953125,49.781250,31.301252,1828267,-,26.365464,28.422243,30.746405,31.270302,1455527.10
07/19/2000,48.375000,49.500000,48.093750,48.656250,30.593872,680533,-,26.291190,28.280768,30.737562,30.996195,1458158.20
07/18/2000,51.187500,51.328125,50.062500,50.273438,31.610723,621333,-,26.217431,28.169357,30.728721,30.673456,1486113.76
07/17/2000,52.593750,53.437500,51.960938,52.875000,33.246525,1340800,-,26.138589,28.098620,30.587246,30.523139,1483395.54
07/14/2000,51.468750,51.890625,50.906250,51.609375,32.450726,1114844,-,26.051420,27.973061,30.335245,30.319769,1469875.54
07/13/2000,50.062500,50.062500,49.078125,49.500000,31.124407,1391644,-,25.969998,27.872261,30.087664,30.085452,1459541.32
07/12/2000,49.341797,49.921875,48.093750,49.640625,31.212824,675556,-,25.892777,27.812134,29.941769,30.142928,1452300.44
07/11/2000,48.867188,50.062500,47.671875,48.375000,30.417038,2476267,-,25.815629,27.753776,29.835663,30.151771,1452897.76
07/10/2000,48.656250,49.851562,47.812500,48.867188,30.726509,835467,-,25.740176,27.711333,29.762715,30.151771,1421672.86
07/07/2000,47.531250,47.953125,46.898438,47.742188,30.019144,1467644,-,25.663323,27.629985,29.740610,30.138507,1424975.96
07/06/2000,45.703125,45.984375,44.789062,45.421875,28.560181,2522133,-,25.589859,27.546869,29.654398,30.222507,1410499.52
07/05/2000,45.843750,45.843750,43.312500,43.523438,27.366484,1645600,-,25.523248,27.499121,29.583661,30.478930,1383306.64
07/03/2000,47.531250,48.093750,47.250000,47.882812,30.107557,464356,-,25.463490,27.424847,29.632293,30.783985,1375653.30
06/30/2000,49.078125,49.640625,48.726562,49.640625,31.212824,913511,-,25.389437,27.351457,29.583661,30.651353,1370785.74
06/29/2000,48.796875,48.937500,45.984375,47.882812,30.107557,2392444,-,25.308089,27.258615,29.541661,30.350720,1367374.18
06/28/2000,50.589844,51.328125,50.203125,50.414062,31.699160,1442933,-,25.233373,27.197604,29.446608,30.089876,1351859.52
06/27/2000,50.554688,51.046875,49.359375,49.781250,31.301252,1933689,-,25.152098,27.058782,29.119448,29.740610,1363155.52
06/26/2000,48.867188,48.937500,48.164062,48.375000,30.417038,708711,-,25.070824,26.889896,28.843130,29.519556,1380892.40
06/23/2000,50.343750,50.906250,48.164062,48.656250,30.593872,570667,-,24.996255,26.794917,28.580076,29.373660,1434206.18
06/22/2000,50.695312,51.046875,48.937500,49.078125,30.859148,1647733,-,24.922865,26.695885,28.213126,29.342713,1467950.18
06/21/2000,49.359375,50.132812,48.515625,49.500000,31.124407,2366044,-,24.848739,26.631926,27.843966,29.086289,1470840.86
06/20/2000,47.460938,48.796875,47.390625,48.375000,30.417038,1889867,-,24.773359,26.578579,27.423963,28.688391,1447701.32
06/19/2000,44.859375,45.843750,43.734375,45.773438,28.781235,2052267,-,24.701148,26.582705,27.061434,28.480600,1438495.98
06/16/2000,44.789062,45.281250,44.226562,44.859375,28.206491,7227111,-,24.634095,26.623673,26.873538,28.515968,1476421.30
06/15/2000,43.593750,44.718750,42.609375,43.734375,27.499123,1190667,-,24.569695,26.620726,26.820485,28.732603,1386545.74
06/14/2000,46.828125,46.828125,44.437500,44.859375,28.206491,793422,-,24.506621,26.576515,26.785117,28.803339,1530636.40
06/13/2000,45.843750,46.406250,45.281250,46.265625,29.090717,489244,-,24.440968,26.483967,26.736485,28.498285,1604026.62
06/12/2000,47.531250,48.164062,45.562500,46.054688,28.958073,1027556,-,24.371115,26.429146,26.590589,28.166704,1644620.40
06/09/2000,46.968750,48.164062,46.687500,48.164062,30.284403,798667,-,24.300451,26.370198,26.387219,27.786492,1693727.94
06/08/2000,46.125000,46.406250,44.296875,45.000000,28.294914,752711,-,24.222861,26.313903,26.037954,27.083540,1795050.60
06/07/2000,41.695312,43.734375,41.343750,43.171875,27.145430,1507911,-,24.153597,26.386409,25.766057,26.601642,1800577.72
06/06/2000,46.757812,47.250000,44.718750,45.070312,28.339121,1094844,-,24.088313,26.488978,25.620162,26.159535,1789059.50
06/05/2000,45.914062,47.109375,45.070312,46.335938,29.134920,771378,-,24.016028,26.544389,25.454372,25.642269,1813749.28
06/02/2000,46.125000,48.515625,46.125000,48.304688,30.372833,1719111,-,23.939322,26.595968,25.401319,25.231108,1838924.38
06/01/2000,41.167969,45.000000,40.781250,44.859375,28.206491,1796444,-,23.854953,26.612179,25.231107,24.908368,1834424.82
05/31/2000,40.781250,41.906250,39.515625,40.007812,25.155952,795733,-,23.785248,26.658747,25.191317,24.766894,1822063.94
05/30/2000,40.359375,41.695312,39.867188,40.992188,25.774899,832978,-,23.731163,26.799338,25.339423,24.974684,1826826.62
05/26/2000,38.953125,40.781250,38.671875,40.007812,25.155952,1098311,-,23.674058,26.931086,25.465424,25.014474,1833703.06
05/25/2000,37.968750,40.078125,36.703125,36.984375,23.254887,1149067,-,23.621962,27.051634,25.622372,24.987947,1850366.18
05/24/2000,36.949219,37.335938,34.101562,37.335938,23.475935,2258400,-,23.582320,27.203130,25.792584,24.992368,1857512.84
05/23/2000,38.039062,38.671875,36.140625,36.140625,22.724358,1420178,-,23.537962,27.386457,25.911953,24.930473,1835688.84
05/22/2000,38.250000,39.726562,34.875000,36.843750,23.166462,2031911,-,23.493604,27.606922,26.084375,25.080790,1834613.28
05/19/2000,41.906250,41.906250,39.093750,39.796875,25.023314,1024711,-,23.443277,27.850670,26.108691,25.266475,1815340.40
05/18/2000,42.925781,43.875000,42.890625,43.171875,27.145430,960622,-,23.384624,27.998040,26.179428,25.571530,1830302.18
05/17/2000,42.398438,42.820312,41.625000,42.609375,26.791750,756800,-,23.317276,28.081156,26.150692,25.553846,1837143.08
05/16/2000,42.609375,44.296875,42.328125,43.312500,27.233856,1000800,-,23.253760,28.192567,26.163955,25.615741,1834439.08
05/15/2000,40.218750,41.695312,39.234375,41.625000,26.172796,788978,-,23.188328,28.318716,26.040164,25.704162,1849543.08
05/12/2000,39.515625,39.937500,38.953125,39.585938,24.890682,1879556,-,23.129086,28.504106,25.874374,25.916374,1852008.86
05/11/2000,38.812500,39.656250,36.281250,37.054688,23.299093,2854756,-,23.076106,28.673581,25.913243,26.256797,1829948.40
05/10/2000,39.304688,39.304688,36.281250,36.351562,22.856987,1772178,-,23.032706,28.879603,26.030401,26.592800,1816858.62
05/09/2000,40.570312,40.640625,37.195312,38.531250,24.227528,1959822,-,22.988937,29.026678,26.270613,26.893433,1843649.72
05/08/2000,43.312500,43.804688,39.691406,39.796875,25.023314,2078311,-,22.934779,29.140152,26.482088,27.087959,1834303.94
05/05/2000,43.171875,45.140625,42.750000,44.648438,28.073862,485422,-,22.878189,29.223858,26.762090,26.950906,1832625.72
05/04/2000,44.015625,44.015625,42.468750,42.890625,26.968590,664800,-,22.806641,29.276027,26.899880,26.787327,1846431.94
05/03/2000,45.000000,45.210938,43.031250,43.593750,27.410702,598133,-,22.742536,29.373880,26.954407,26.747537,1856474.60
05/02/2000,46.265625,47.250000,44.701172,44.718750,28.118069,1029600,-,22.678135,29.433417,26.848301,26.712168,1865743.94
05/01/2000,44.718750,46.265625,43.171875,45.000000,28.294914,705422,-,22.617419,29.471144,26.621352,26.376167,1862351.94
04/28/2000,43.382812,45.492188,42.609375,45.000000,28.294914,915022,-,22.557293,29.538344,26.524089,25.832374,1862968.84
04/27/2000,39.375000,42.890625,38.109375,42.398438,26.659119,1000622,-,22.493040,29.594934,26.409878,25.569688,1872983.06
04/26/2000,41.906250,42.609375,41.062500,41.132812,25.863316,743822,-,22.434755,29.687482,26.450404,25.468003,1889477.28
04/25/2000,40.359375,41.765625,38.882812,41.625000,26.172796,1162489,-,22.377060,29.800956,26.753248,25.647794,1889267.50
04/24/2000,40.218750,41.343750,36.562500,37.617188,23.652782,1262933,-,22.318996,29.910599,27.058303,25.876217,1886087.06
04/20/2000,42.046875,42.750000,40.992188,42.046875,26.438065,220978,-,22.273975,30.116622,27.431147,26.573273,1876881.74
04/19/2000,44.156250,44.156250,41.625000,42.257812,26.570696,742933,-,22.213996,30.259570,27.694938,27.012434,1889214.18
04/18/2000,40.851562,43.312500,39.937500,43.031250,27.057013,1616711,-,22.152174,30.416665,27.925571,27.161277,1891848.86
04/17/2000,38.531250,40.500000,36.843750,39.375000,24.758053,2007733,-,22.088658,30.520413,28.099467,26.984434,1883818.64
04/14/2000,40.734375,40.875000,35.859375,36.351562,22.856987,2820533,-,22.037079,30.671319,28.470838,26.866538,1863509.32
04/13/2000,42.281250,43.968750,40.500000,40.822266,25.668056,3374400,-,21.995152,30.874394,28.946104,27.215804,1829536.00
04/12/2000,43.781250,43.992188,40.781250,40.781250,25.642265,2257867,-,21.936812,30.988237,29.221869,27.250067,1782848.00
04/11/2000,44.191406,46.031250,43.593750,43.992188,27.661226,1792267,-,21.875507,31.079606,29.481239,27.432805,1760074.66
04/10/2000,47.296875,48.328125,45.234375,45.257812,28.457027,1209067,-,21.801675,31.106133,29.730293,27.858702,1763669.32
04/07/2000,49.242188,49.406250,47.484375,48.703125,30.623346,1429600,-,21.725116,31.090512,29.994821,28.240388,1772421.32
04/06/2000,45.656250,50.578125,45.187500,49.031250,30.829666,3948533,-,21.636842,31.054554,30.231349,28.289021,1789573.32
04/05/2000,40.101562,45.140625,39.984375,44.625000,28.059130,2733333,-,21.547241,31.017417,30.309455,28.377443,1749269.32
04/04/2000,39.164062,41.156250,36.468750,40.218750,25.288582,8395200,-,21.472599,31.084617,30.471561,28.689865,1728938.66
04/03/2000,40.828125,41.015625,36.562500,37.500000,23.579096,4462933,-,21.415346,31.194260,30.825247,29.214500,1597856.00
03/31/2000,41.906250,42.609375,40.078125,41.906250,26.349642,2518933,-,21.363988,31.378177,31.323355,30.075138,1571914.68
03/30/2000,43.125000,44.414062,39.984375,41.367188,26.010689,3482933,-,21.299219,31.518472,31.777990,30.676404,1590389.36
03/29/2000,49.312500,49.500000,43.500000,43.687500,27.469646,5864800,-,21.236071,31.606599,32.145676,31.193671,1560330.70
03/28/2000,51.796875,52.031250,50.578125,50.765625,31.920197,1029067,-,21.161944,31.655231,32.452204,31.529673,1479578.70
03/27/2000,51.093750,51.820312,50.015625,51.328125,32.273888,932000,-,21.064828,31.606894,32.366730,31.601884,1564128.02
03/24/2000,51.140625,52.125000,48.750000,49.476562,31.109671,2329333,-,20.963954,31.499904,32.248098,31.749253,1582186.68
03/23/2000,49.101562,51.562500,48.843750,50.437500,31.713888,2030133,-,20.869563,31.393503,32.153045,32.173677,1551178.68
03/22/2000,47.578125,49.593750,47.109375,49.593750,31.183353,1494133,-,20.769058,31.265587,32.101465,32.241467,1532485.36
03/21/2000,47.859375,49.312500,46.453125,48.562500,30.534931,1178400,-,20.668699,31.165375,32.135360,32.253256,1529440.04
03/20/2000,52.500000,52.921875,50.578125,51.187500,32.185471,1033867,-,20.570772,31.032743,32.127992,32.435994,1538496.04
03/17/2000,50.625000,51.656250,49.500000,51.468750,32.362309,1176800,-,20.464666,30.856489,32.018938,32.571573,1588176.04
03/16/2000,49.125000,49.875000,46.054688,49.593750,31.183353,1931467,-,20.356055,30.707351,31.983570,32.879576,1593802.70
03/15/2000,52.148438,52.312500,48.585938,49.031250,30.829666,1506400,-,20.253117,30.595940,31.980622,33.097682,1574549.36
03/14/2000,55.359375,55.382812,51.890625,51.914062,32.642311,1167200,-,20.151212,30.528150,32.003465,33.374736,1566853.36
03/13/2000,53.250000,54.562500,52.500000,53.671875,33.747578,1366400,-,20.040021,30.411729,31.948201,33.131577,1548464.02
03/10/2000,55.781250,56.437500,54.843750,56.226562,35.353909,1068267,-,19.923747,30.246086,31.843569,32.746943,1528021.36
03/09/2000,50.531250,51.843750,50.062500,51.515625,32.391785,1772800,-,19.800104,30.050674,31.773568,32.132412,1509221.36
03/08/2000,51.585938,51.726562,48.843750,49.781250,31.301252,1302667,-,19.688693,29.912147,31.833253,31.961464,1486709.36
03/07/2000,53.320312,53.718750,51.375000,51.468750,32.362309,621600,-,19.583766,29.803977,31.989464,32.017464,1479626.68
03/06/2000,51.984375,54.468750,51.773438,53.343750,33.541264,1756000,-,19.474491,29.685787,31.983570,31.819990,1475450.68
03/03/2000,55.007812,56.531250,54.187500,56.367188,35.442333,912267,-,19.359691,29.543134,31.921674,31.466303,1465728.02
03/02/2000,53.812500,54.281250,52.218750,53.062500,33.364410,776533,-,19.237816,29.356269,31.800094,31.087564,1480709.34
03/01/2000,51.257812,53.765625,50.531250,53.437500,33.600212,2200267,-,19.124710,29.178247,31.699884,30.863563,1494154.68
02/29/2000,47.812500,48.468750,47.484375,48.046875,30.210716,3111733,-,19.007404,28.965151,31.530409,30.632193,1473061.34
02/28/2000,46.875000,47.625000,46.312500,47.554688,29.901239,1492533,-,18.907267,28.813656,31.469251,30.764826,1426826.68
02/25/2000,48.937500,48.984375,45.984375,46.453125,29.208603,1994400,-,18.806614,28.655970,31.357987,30.940195,1470106.68
02/24/2000,50.531250,50.531250,48.503906,48.796875,30.682297,1175733,-,18.707287,28.528643,31.338829,31.414724,1472768.02
02/23/2000,50.015625,50.812500,49.312500,50.671875,31.861258,1166933,-,18.599928,28.367716,31.253355,31.705042,1483072.02
02/22/2000,48.281250,48.703125,47.156250,48.328125,30.387564,1061600,-,18.486159,28.186747,31.231250,31.961465,1522272.02
02/18/2000,49.195312,49.945312,47.718750,47.718750,30.004402,860000,-,18.381822,28.065904,31.250408,32.147150,1568629.36
02/17/2000,49.875000,50.437500,48.421875,50.343750,31.654934,736267,-,18.278516,27.965692,31.388935,32.377045,1595152.02
02/16/2000,48.750000,49.523438,48.093750,49.500000,31.124407,1415733,-,18.165778,27.834828,31.474408,32.512625,1630400.02
02/15/2000,49.968750,49.968750,47.718750,49.757812,31.286514,1825333,-,18.055988,27.684807,31.439040,32.536205,1618789.36
02/14/2000,50.625000,51.281250,49.687500,50.156250,31.537039,733333,-,17.947156,27.528300,31.369776,32.428625,1603600.04
02/11/2000,53.250000,53.531250,50.343750,50.343750,31.654934,1003467,-,17.835450,27.358236,31.268091,32.173676,1602837.38
02/10/2000,54.257812,54.257812,53.179688,54.000000,33.953896,802667,-,17.725512,27.181688,31.031564,31.775779,1610496.04
02/09/2000,54.796875,54.796875,53.414062,53.414062,33.585476,837600,-,17.607838,26.944128,30.623351,31.262934,1709717.36
02/08/2000,54.187500,54.914062,53.601562,54.750000,34.425484,874667,-,17.494437,26.704801,30.209980,30.801668,1734906.70
02/07/2000,50.718750,51.281250,49.406250,51.281250,32.244411,1215200,-,17.378015,26.438357,29.797346,30.501034,1732560.02
02/04/2000,51.937500,52.171875,51.187500,51.375000,32.303352,992267,-,17.272646,26.186945,29.380291,30.353666,1715941.36
02/03/2000,51.093750,53.109375,50.625000,52.500000,33.010735,1121867,-,17.167498,25.931111,28.933762,30.400825,1710821.36
02/02/2000,49.476562,50.671875,48.937500,49.875000,31.360205,1040000,-,17.057561,25.664078,28.528496,30.436192,1708965.36
02/01/2000,46.593750,48.046875,46.546875,48.046875,30.210716,1119200,-,16.950718,25.442140,28.241125,30.341875,1715088.02
01/31/2000,43.757812,46.125000,43.453125,46.101562,28.987553,1972000,-,16.851391,25.247318,28.102598,30.310928,1762005.36
01/28/2000,45.937500,46.687500,43.968750,44.015625,27.675962,1646667,-,16.760611,25.075485,27.994282,30.362507,1768970.70
01/27/2000,45.468750,47.156250,45.187500,45.843750,28.825447,2287200,-,16.675727,24.926347,27.883755,30.287349,1766858.70
01/26/2000,48.000000,48.117188,45.609375,46.078125,28.972813,1933333,-,16.585315,24.739778,27.721649,29.983768,1742000.04
01/25/2000,49.312500,49.968750,47.625000,49.968750,31.419149,1716800,-,16.494904,24.551734,27.546280,29.618292,1733610.72
01/24/2000,52.218750,52.593750,48.703125,48.937500,30.770725,1841067,-,16.392777,24.311227,27.269962,29.093657,1723381.38
01/21/2000,53.789062,54.000000,51.937500,52.125000,32.774940,3165867,-,16.295956,24.067184,27.054066,28.406915,1709568.04
01/20/2000,52.921875,53.718750,50.812500,53.062500,33.364410,3442667,-,16.190734,23.785119,26.735748,27.466699,1670202.70
01/19/2000,46.359375,48.656250,45.890625,48.375000,30.417038,1980000,-,16.082418,23.496275,26.372483,26.620800,1613845.36
01/18/2000,46.031250,48.093750,45.843750,47.554688,29.901239,1827200,-,15.987217,23.270505,26.074797,26.140376,1598032.02
01/14/2000,45.046875,48.375000,45.000000,46.921875,29.503344,5256533,-,15.894301,23.045030,25.727005,25.894269,1594437.36
01/13/2000,41.625000,42.937500,40.781250,42.820312,26.924381,1834933,-,15.801016,22.820439,25.383635,25.626057,1519632.04
01/12/2000,40.875000,41.296875,40.171875,41.015625,25.789640,778933,-,15.719447,22.628564,25.138265,25.480162,1536346.72
01/11/2000,40.593750,42.187500,39.796875,40.265625,25.318056,1095467,-,15.643404,22.452311,24.990895,25.459530,1548128.06
01/10/2000,40.125000,41.671875,40.125000,41.625000,26.172796,1341867,-,15.568909,22.288436,24.856789,25.474267,1576634.72
01/07/2000,36.867188,38.062500,36.656250,38.015625,23.903307,1631200,-,15.488445,22.089192,24.688788,25.446267,1568314.72
01/06/2000,36.750000,37.593750,35.226562,37.171875,23.372774,3517867,-,15.422056,21.926791,24.710894,25.701216,1561605.38
01/05/2000,39.281250,39.703125,37.757812,39.609375,24.905424,1458133,-,15.355224,21.784728,24.791947,26.004798,1511685.38
01/04/2000,41.953125,42.562500,40.593750,40.734375,25.612793,968800,-,15.282276,21.607884,24.802263,26.124166,1488842.72
01/03/2000,43.875000,43.875000,41.906250,43.640625,27.440176,1121600,-,15.207559,21.417483,24.702789,26.009218,1475221.38
12/31/1999,40.312500,42.656250,40.125000,42.656250,26.821226,247733,-,15.124296,21.182282,24.503840,25.559742,1466144.04
12/30/1999,41.390625,41.812500,40.125000,40.500000,25.465425,344267,-,15.045969,20.960049,24.314470,25.141212,1511424.04
12/29/1999,40.406250,40.875000,40.406250,40.687500,25.583323,128267,-,14.972874,20.755500,24.182574,24.796368,1546901.36
12/28/1999,40.570312,41.437500,39.843750,40.500000,25.465425,647200,-,14.898673,20.548593,24.007205,24.522261,1568773.36
12/27/1999,41.718750,41.742188,40.335938,41.179688,25.892794,948533,-,14.821378,20.355245,23.814888,24.239311,1584928.02
12/23/1999,41.812500,42.609375,41.484375,42.070312,26.452803,412800,-,14.740841,20.159244,23.575412,23.931310,1627168.02
12/22/1999,42.679688,43.078125,41.906250,42.000000,26.408587,1269867,-,14.658387,19.962063,23.236463,23.720571,1644368.02
12/21/1999,39.914062,41.812500,39.750000,41.507812,26.099113,1661333,-,14.575124,19.774610,22.891618,23.579096,1654837.34
12/20/1999,38.250000,39.562500,38.250000,38.906250,24.463310,1448800,-,14.491565,19.595114,22.569616,23.480359,1637994.68
12/17/1999,37.687500,37.968750,36.468750,36.492188,22.945410,1145600,-,14.416996,19.439786,22.359615,23.396359,1640528.02
12/16/1999,36.375000,36.609375,36.000000,36.000000,22.635933,800000,-,14.349133,19.314817,22.235825,23.447938,1642154.68
12/15/1999,35.390625,35.390625,34.031250,35.015625,22.016981,3656533,-,14.281932,19.199279,22.123824,23.487728,1657162.68
12/14/1999,37.875000,37.898438,36.187500,36.328125,22.842251,2127467,-,14.217458,19.087868,22.033929,23.568781,1649466.68
12/13/1999,36.046875,36.703125,35.531250,36.000000,22.635933,1690933,-,14.148490,18.947867,21.866665,23.492149,1618821.34
12/10/1999,38.250000,38.296875,35.765625,36.281250,22.812775,3126933,-,14.080626,18.811993,21.713400,23.390464,1604058.68
12/09/1999,41.109375,41.109375,38.390625,38.718750,24.345415,3379467,-,14.013278,18.671992,21.542452,23.219515,1593306.68
12/08/1999,40.031250,40.218750,39.632812,39.750000,24.993841,2186133,-,13.942099,18.508412,21.253608,22.752355,1561109.34
12/07/1999,39.421875,39.937500,39.000000,39.937500,25.111742,2498667,-,13.868709,18.322137,20.937501,22.204140,1522442.68
12/06/1999,37.359375,37.687500,37.125000,37.570312,23.623308,835200,-,13.794472,18.135568,20.628025,21.658874,1484517.34
12/03/1999,36.937500,37.687500,36.890625,37.312500,23.461203,1065867,-,13.728966,17.969630,20.403287,21.322871,1516773.34
12/02/1999,36.820312,36.960938,36.187500,36.632812,23.033831,695200,-,13.662060,17.807523,20.161601,21.023711,1543461.34
12/01/1999,36.187500,36.515625,35.671875,36.304688,22.827513,1386400,-,13.598028,17.653375,19.923599,20.759920,1544133.34
11/30/1999,35.015625,36.492188,34.546875,35.109375,22.075928,5763733,-,13.535765,17.501585,19.648756,20.499076,1530645.34
11/29/1999,34.546875,35.203125,34.218750,34.382812,21.619085,2097067,-,13.479470,17.368363,19.393807,20.241180,1449221.34
11/26/1999,33.046875,33.609375,33.000000,33.562500,21.103289,757333,-,13.424869,17.241920,19.169068,20.036337,1442288.00
11/24/1999,31.125000,31.289062,30.937500,31.289062,19.673809,384267,-,13.374616,17.118719,18.924435,19.865388,1480144.00
11/23/1999,32.015625,32.015625,30.937500,31.031250,19.511698,736267,-,13.329153,17.028529,18.729908,19.754862,1486789.32
11/22/1999,31.453125,31.500000,31.007812,31.265625,19.659073,1029067,-,13.283321,16.947181,18.567802,19.670861,1509813.32
11/19/1999,31.933594,32.484375,31.851562,32.226562,20.263287,1346133,-,13.239331,16.854928,18.388011,19.597177,1515114.64
11/18/1999,32.390625,32.718750,32.320312,32.554688,20.469601,3465067,-,13.188710,16.759727,18.179484,19.483702,1495247.98
11/17/1999,32.812500,33.093750,32.390625,32.437500,20.395920,2320267,-,13.139120,16.668653,17.940009,19.299491,1434207.98
11/16/1999,32.062500,32.343750,31.757812,32.156250,20.219076,1541067,-,13.090636,16.581410,17.705692,19.087279,1402634.64
11/15/1999,32.085938,32.250000,30.937500,31.007812,19.496965,1044267,-,13.040530,16.497999,17.456637,18.798435,1390362.64
11/12/1999,31.312500,31.359375,30.187500,31.125000,19.570652,1513867,-,12.997277,16.427557,17.243689,18.546433,1384058.64
11/11/1999,30.492188,30.937500,30.421875,30.843750,19.393805,1205333,-,12.954245,16.343556,17.055056,18.301799,1367029.30
11/10/1999,29.250000,29.859375,29.250000,29.531250,18.568542,1150400,-,12.908561,16.262209,16.890002,17.983482,1364517.30
11/09/1999,30.281250,30.351562,29.296875,29.695312,18.671694,1197600,-,12.865750,16.188524,16.791265,17.704954,1352943.96
11/08/1999,30.023438,30.421875,29.906250,30.093750,18.922224,624800,-,12.824265,16.116608,16.709475,17.464742,1341039.96
11/05/1999,30.093750,31.078125,30.093750,30.421875,19.128542,1189333,-,12.780349,16.040565,16.619579,17.178846,1355541.30
11/04/1999,29.859375,29.859375,29.250000,29.625000,18.627487,1647467,-,12.736507,15.954501,16.498000,16.875265,1375381.30
11/03/1999,28.242188,29.156250,28.171875,29.062500,18.273798,1516267,-,12.691928,15.877280,16.401473,16.580527,1375951.96
11/02/1999,26.835938,27.843750,26.835938,27.562500,17.330637,2670667,-,12.650959,15.800648,16.330735,16.324104,1378762.62
11/01/1999,27.140625,27.421875,27.000000,27.000000,16.976948,1368000,-,12.613233,15.735805,16.286524,16.114840,1348762.62
10/29/1999,26.109375,27.468750,26.085938,27.234375,17.124317,2520800,-,12.579338,15.673910,16.229787,15.940944,1339845.28
10/28/1999,25.406250,26.062500,25.359375,25.781250,16.210630,925867,-,12.541758,15.607299,16.165682,15.808312,1313461.28
10/27/1999,25.781250,25.781250,24.984375,25.101562,15.783258,1295733,-,12.510369,15.553067,16.145787,15.796522,1350015.94
10/26/1999,25.875000,26.203125,25.710938,25.875000,16.269577,1021867,-,12.477874,15.522709,16.164945,15.877576,1368863.94
10/25/1999,25.265625,25.804688,25.218750,25.546875,16.063265,316000,-,12.444421,15.484098,16.135471,15.954208,1379797.26
10/22/1999,25.031250,25.734375,25.031250,25.593750,16.092735,287733,-,12.413768,15.449909,16.121471,16.060313,1458533.26
10/21/1999,24.281250,24.937500,24.187500,24.937500,15.680102,667733,-,12.386284,15.422792,16.083155,16.120734,1493125.26
10/20/1999,25.031250,25.125000,24.257812,24.984375,15.709575,2511733,-,12.360936,15.415719,16.066944,16.222418,1534405.26
10/19/1999,24.984375,25.125000,23.953125,24.234375,15.237991,2118133,-,12.326304,15.393613,16.047786,16.337366,1565162.60
10/18/1999,24.914062,24.914062,23.578125,24.234375,15.237991,1221867,-,12.288283,15.365908,16.047786,16.458209,1578149.28
10/15/1999,25.031250,25.359375,24.843750,25.125000,15.797994,1454933,-,12.248051,15.323171,16.056628,16.518631,1620842.60
10/14/1999,25.781250,25.968750,25.500000,25.593750,16.092735,3060533,-,12.205609,15.273065,16.031575,16.523052,1606837.28
10/13/1999,26.250000,26.531250,26.156250,26.390625,16.593790,1272800,-,12.161324,15.224728,15.974101,16.495052,1555834.62
10/12/1999,27.750000,27.984375,26.953125,27.093750,17.035898,1793333,-,12.114166,15.174622,15.902627,16.452315,1544234.62
10/11/1999,26.648438,27.328125,26.648438,27.234375,17.124317,819200,-,12.064650,15.116853,15.823047,16.316735,1522842.62
10/08/1999,26.343750,26.648438,25.921875,26.554688,16.696945,1575467,-,12.014323,15.060853,15.719152,16.182629,1530389.28
10/07/1999,27.093750,27.140625,26.437500,26.554688,16.696945,1226933,-,11.966134,15.012811,15.659468,16.045576,1523333.28
10/06/1999,26.414062,26.835938,26.203125,26.812500,16.859055,1550400,-,11.918165,14.971253,15.620415,15.911470,1542677.28
10/05/1999,25.570312,26.742188,25.476562,26.156250,16.446419,3271733,-,11.867912,14.916137,15.579151,15.758206,1540917.28
10/04/1999,25.125000,25.218750,24.937500,25.195312,15.842209,595200,-,11.817512,14.855126,15.559257,15.637363,1505637.28
10/01/1999,24.656250,25.453125,24.609375,25.195312,15.842209,952800,-,11.769838,14.812388,15.565888,15.594626,1538794.62
09/30/1999,25.406250,25.640625,24.843750,25.148438,15.812732,2589333,-,11.723637,14.770830,15.542309,15.540098,1573551.96
09/29/1999,25.312500,25.828125,25.195312,25.710938,16.166420,1769600,-,11.676553,14.737525,15.517993,15.453150,1627471.96
09/28/1999,25.031250,25.125000,24.843750,24.937500,15.680102,252800,-,11.629174,14.704809,15.453887,15.352939,1672021.30
09/27/1999,24.796875,25.265625,24.796875,25.101562,15.783258,602400,-,11.586731,14.710703,15.423676,15.329359,1722634.64
09/24/1999,24.000000,24.492188,23.789062,24.375000,15.326412,2448000,-,11.544952,14.720430,15.390518,15.255674,1823509.30
09/23/1999,25.406250,25.453125,24.328125,24.421875,15.355886,2400267,-,11.506268,14.722788,15.365465,15.273359,1814341.30
09/22/1999,24.328125,24.375000,24.093750,24.375000,15.326412,728800,-,11.466478,14.715714,15.335991,15.329360,1842346.62
09/21/1999,24.187500,24.445312,24.187500,24.234375,15.237991,712000,-,11.427572,14.695672,15.291781,15.400097,1842239.96
09/20/1999,24.562500,24.750000,24.281250,24.515625,15.414833,1692533,-,11.388519,14.682114,15.234307,15.481150,1872815.96
09/17/1999,23.953125,24.328125,23.812500,24.328125,15.296936,1750400,-,11.344751,14.666787,15.157675,15.537151,1855669.30
09/16/1999,23.953125,24.000000,23.027344,23.765625,14.943253,2650133,-,11.301572,14.649693,15.082516,15.544520,1854122.64
09/15/1999,24.609375,24.703125,24.046875,24.117188,15.164304,716533,-,11.260234,14.634956,15.010306,15.582836,1837669.32
09/14/1999,23.859375,24.937500,23.835938,24.562500,15.444308,1887467,-,11.219782,14.618745,14.965358,15.554836,1879525.32
09/13/1999,24.562500,24.609375,23.859375,23.929688,15.046410,1294133,-,11.177929,14.598703,14.910095,15.517994,1858031.98
09/10/1999,25.359375,25.359375,24.656250,24.656250,15.503259,352800,-,11.137255,14.587208,14.875463,15.525362,1887919.98
09/09/1999,25.406250,25.500000,25.054688,25.312500,15.915890,413067,-,11.095181,14.557145,14.837147,15.457572,1924154.64
09/08/1999,25.406250,25.968750,25.406250,25.500000,16.033785,741600,-,11.049496,14.506450,14.807673,15.342623,1947930.64
09/07/1999,25.312500,25.593750,25.078125,25.523438,16.048525,927467,-,11.001896,14.443670,14.736199,15.183464,1956698.64
09/03/1999,25.031250,25.453125,25.031250,25.406250,15.974841,729067,-,10.952822,14.385607,14.626408,14.987463,1952383.96
09/02/1999,24.281250,24.656250,24.234375,24.445312,15.370626,662400,-,10.904485,14.325480,14.482723,14.778198,1975647.96
09/01/1999,23.906250,24.421875,23.765625,24.375000,15.326412,1079733,-,10.859832,14.276258,14.378827,14.620513,1985578.62
08/31/1999,23.906250,23.906250,23.179688,23.671875,14.884303,571733,-,10.815916,14.232342,14.296301,14.437775,2013893.30
08/30/1999,24.000000,24.234375,23.953125,23.976562,15.075885,602400,-,10.773989,14.211416,14.256511,14.375880,2025946.64
08/27/1999,23.812500,24.257812,23.671875,24.046875,15.120093,1349867,-,10.732357,14.176047,14.210090,14.302196,2074650.64
08/26/1999,23.859375,24.046875,23.484375,23.578125,14.825357,2181333,-,10.686820,14.141563,14.170300,14.225564,2109541.30
08/25/1999,23.203125,23.718750,23.062500,23.484375,14.766406,1676000,-,10.643715,14.112679,14.143774,14.216721,2126485.30
08/24/1999,22.218750,23.062500,22.125000,22.968750,14.442194,1656800,-,10.600978,14.070236,14.136405,14.272722,2159525.30
08/23/1999,22.218750,22.593750,22.054688,22.406250,14.088512,1170667,-,10.559125,14.031331,14.119458,14.288933,2203279.96
08/20/1999,22.125000,22.125000,21.937500,22.078125,13.882193,922133,-,10.518082,13.991541,14.084826,14.265353,2245861.28
08/19/1999,21.445312,22.125000,21.375000,21.937500,13.793773,1201600,-,10.476230,13.958530,14.075984,14.187248,2347978.62
08/18/1999,22.242188,22.289062,21.375000,21.468750,13.499034,2753600,-,10.435924,13.914909,14.074510,14.137142,2411269.28
08/17/1999,22.945312,23.109375,22.570312,22.687500,14.265354,2238133,-,10.398492,13.867161,14.106931,14.154826,2375215.94
08/16/1999,22.546875,23.039062,22.429688,22.804688,14.339039,1568533,-,10.354502,13.800845,14.120194,14.137142,2375237.28
08/13/1999,23.601562,23.625000,22.312500,22.828125,14.353776,4252800,-,10.309260,13.733350,14.201984,14.117984,2368975.96
08/12/1999,24.562500,24.562500,23.437500,23.437500,14.736934,2017333,-,10.263723,13.659076,14.297774,14.115036,2311983.96
08/11/1999,23.765625,24.515625,23.484375,24.375000,15.326412,2731733,-,10.215460,13.576254,14.333143,14.070826,2290453.30
08/10/1999,22.546875,23.390625,22.500000,23.226562,14.604301,4049600,-,10.166091,13.478696,14.316933,14.000088,2240874.64
08/09/1999,21.046875,22.218750,20.953125,22.031250,13.852718,2767467,-,10.119522,13.394695,14.302933,13.949983,2165423.98
08/06/1999,20.062500,20.859375,20.062500,20.835938,13.101134,3356533,-,10.075311,13.327495,14.338301,13.904298,2157461.30
08/05/1999,21.046875,21.187500,20.343750,21.140625,13.292715,754667,-,10.033679,13.277979,14.415670,13.964720,2150111.98
08/04/1999,22.007812,22.031250,21.656250,21.750000,13.675876,510400,-,9.989248,13.214315,14.473144,14.011878,2159503.98
08/03/1999,22.593750,22.593750,22.265625,22.406250,14.088512,692800,-,9.943416,13.147115,14.499671,14.059036,2175903.98
08/02/1999,22.453125,22.781250,22.283203,22.500000,14.147457,723733,-,9.894563,13.075493,14.512934,14.103247,2196111.98
07/30/1999,22.687500,22.875000,22.148438,22.781250,14.324300,1196533,-,9.843720,13.004166,14.527671,14.285985,2209194.66
07/29/1999,22.921875,23.203125,22.734375,22.734375,14.294829,1222667,-,9.790225,12.939029,14.535039,14.480513,2264213.34
07/28/1999,22.781250,23.460938,22.453125,23.250000,14.619040,2194133,-,9.736601,12.867997,14.520302,14.595461,2277248.00
07/27/1999,22.078125,22.453125,21.703125,22.429688,14.103246,1462400,-,9.679569,12.778397,14.458407,14.633777,2306485.34
07/26/1999,21.421875,21.492188,21.140625,21.304688,13.395875,1507733,-,9.624601,12.699996,14.397986,14.655882,2362853.34
07/23/1999,22.031250,22.125000,21.562500,21.796875,13.705351,2253067,-,9.574200,12.627490,14.385459,14.772304,2478021.34
07/22/1999,22.031250,22.078125,21.656250,21.890625,13.764297,2690667,-,9.522768,12.540248,14.348617,14.866620,2509653.34
07/21/1999,22.500000,23.156250,22.218750,22.500000,14.147457,5285333,-,9.471042,12.449173,14.305880,14.934410,2554426.66
07/20/1999,24.187500,24.234375,23.109375,23.109375,14.530616,3997067,-,9.418726,12.348373,14.255037,14.940305,2471637.34
07/19/1999,25.593750,25.968750,25.218750,25.406250,15.974841,2783467,-,9.363315,12.248162,14.220406,14.922621,2469829.34
07/16/1999,24.796875,26.109375,24.656250,25.875000,16.269577,5646133,-,9.301935,12.115529,14.087036,14.769356,2554122.66
07/15/1999,24.750000,25.125000,24.468750,24.562500,15.444308,1989600,-,9.240851,11.972286,13.943351,14.589565,2616949.34
07/14/1999,22.687500,24.000000,22.687500,23.859375,15.002201,3800533,-,9.183450,11.846728,13.840193,14.445143,2711498.68
07/13/1999,22.992188,22.992188,22.546875,22.781250,14.324300,723467,-,9.127892,11.737085,13.722297,14.283037,2721946.68
07/12/1999,23.250000,23.437500,22.757812,23.156250,14.560093,2240800,-,9.075576,11.634516,13.630928,14.140089,2801162.68
07/09/1999,23.226562,23.390625,22.968750,23.296875,14.648513,835200,-,9.023481,11.536662,13.507875,13.998614,2875269.34
07/08/1999,22.125000,23.109375,22.101562,22.968750,14.442194,1673067,-,8.970575,11.452072,13.387032,13.830613,2891845.34
07/07/1999,22.734375,22.828125,22.406250,22.593750,14.206405,1827467,-,8.916343,11.381335,13.245557,13.677349,2903562.66
07/06/1999,22.218750,23.062500,22.218750,22.828125,14.353776,2809333,-,8.864322,11.320030,13.090820,13.569770,2933039.98
07/02/1999,23.156250,23.203125,22.875000,22.968750,14.442194,812800,-,8.812374,11.256366,12.920608,13.518191,2921146.66
07/01/1999,22.546875,23.132812,22.171875,23.015625,14.471670,2788533,-,8.761237,11.192997,12.746712,13.404716,2956224.00
06/30/1999,21.468750,22.289062,21.468750,22.265625,14.000087,2164533,-,8.710542,11.124028,12.555132,13.297137,3013232.00
06/29/1999,20.671875,21.445312,20.671875,21.281250,13.381138,1601867,-,8.661910,11.043859,12.384921,13.235242,3044992.00
06/28/1999,20.718750,20.906250,20.484375,20.507812,12.894820,1180000,-,8.617405,10.983143,12.238288,13.161557,3045034.66
06/25/1999,20.812500,21.234375,20.812500,20.906250,13.145345,711733,-,8.575183,10.941880,12.113761,13.121767,3058885.32
06/24/1999,20.671875,21.703125,20.390625,20.625000,12.968504,1892267,-,8.531636,10.892953,11.981128,13.017135,3102042.66
06/23/1999,20.414062,20.718750,20.109375,20.531250,12.909555,1158933,-,8.491551,10.848448,11.863970,12.943450,3102122.66
06/22/1999,21.187500,21.703125,20.859375,20.882812,13.130612,2495467,-,8.448962,10.808068,11.723969,12.813766,3120746.66
06/21/1999,21.468750,22.007812,21.375000,22.007812,13.837981,1174400,-,8.405414,10.765331,11.583231,12.611869,3097263.98
06/18/1999,21.210938,21.328125,20.906250,21.164062,13.307452,3037600,-,8.359214,10.716699,11.416704,12.323025,3096559.98
06/17/1999,21.000000,21.421875,20.953125,21.304688,13.395875,3094400,-,8.317361,10.685162,11.280387,12.088708,3059306.64
06/16/1999,20.625000,21.375000,20.531250,21.281250,13.381138,3028533,-,8.271160,10.651267,11.163965,11.813127,3089861.30
06/15/1999,19.945312,20.835938,19.875000,20.109375,12.644291,3328000,-,8.230486,10.611183,11.032070,11.534599,3131701.30
06/14/1999,19.781250,20.156250,19.476562,19.875000,12.496921,3844533,-,8.192981,10.584656,10.906806,11.315019,3128474.64
06/11/1999,19.453125,19.500000,19.007812,19.242188,12.099024,3299733,-,8.158423,10.551646,10.791121,11.105754,3091685.32
06/10/1999,18.539062,19.570312,18.539062,19.453125,12.231655,6028000,-,8.126886,10.521877,10.674699,10.945121,3068517.32
06/09/1999,17.789062,18.656250,17.789062,18.468750,11.612706,4366133,-,8.093875,10.488866,10.530277,10.784489,3000389.32
06/08/1999,17.578125,17.906250,17.578125,17.671875,11.111648,950933,-,8.064549,10.464992,10.410171,10.634172,2962090.66
06/07/1999,17.109375,17.531250,17.109375,17.414062,10.949543,2239200,-,8.038464,10.444361,10.309960,10.554593,2981690.66
06/04/1999,16.968750,17.531250,16.945312,17.437500,10.964280,1255467,-,8.014959,10.437877,10.238486,10.510382,2978410.66
06/03/1999,16.968750,17.015625,16.710938,16.921875,10.640066,1403200,-,7.993148,10.418719,10.157433,10.472066,3008661.32
06/02/1999,16.628906,16.945312,16.312500,16.851562,10.595858,940800,-,7.972369,10.412234,10.080801,10.514803,3016575.98
06/01/1999,16.734375,16.781250,16.500000,16.617188,10.448486,252800,-,7.951222,10.413708,10.009327,10.529540,3036986.64
05/28/1999,16.664062,16.757812,16.429688,16.546875,10.404274,277067,-,7.930664,10.420487,9.962905,10.498593,3067813.30
05/27/1999,16.523438,17.015625,16.406250,16.687500,10.492699,2369333,-,7.911874,10.435519,9.902484,10.476488,3109855.96
05/26/1999,16.687500,17.015625,16.125000,16.898438,10.625330,2989067,-,7.891390,10.442592,9.861221,10.404277,3123642.64
05/25/1999,16.453125,16.781250,16.078125,16.078125,10.109538,1224267,-,7.871421,10.444950,9.850905,10.276065,3224431.96
05/24/1999,16.875000,16.875000,16.078125,16.406250,10.315855,1330400,-,7.855947,10.442887,9.890694,10.186170,3256863.96
05/21/1999,16.968750,17.484375,16.593750,16.710938,10.507434,1703200,-,7.838558,10.432277,9.931958,10.065327,3276869.30
05/20/1999,17.367188,17.414062,16.828125,16.828125,10.581121,1377867,-,7.818368,10.421371,9.965116,9.966590,3343717.30
05/19/1999,17.625000,17.718750,17.414062,17.601562,11.067437,3947467,-,7.797000,10.404866,9.999748,9.842800,3485471.96
05/18/1999,16.640625,17.132812,16.593750,17.085938,10.743228,1874400,-,7.774231,10.371266,9.997537,9.646799,3524442.62
05/17/1999,15.796875,16.171875,15.515625,16.125000,10.139011,3656000,-,7.754336,10.347392,9.959958,9.489113,3527733.28
05/14/1999,15.843750,16.335938,15.750000,16.195312,10.183223,4280800,-,7.738568,10.332065,9.970274,9.427218,3501525.28
05/13/1999,15.140625,15.937500,14.906250,15.539063,9.770588,7266133,-,7.721841,10.312318,10.002695,9.328480,3473173.28
05/12/1999,14.718750,15.046875,14.531250,14.859375,9.343218,3834667,-,7.706441,10.299349,10.049116,9.318165,3384757.28
05/11/1999,14.718750,14.859375,14.578125,14.648438,9.210586,4929333,-,7.692367,10.293455,10.119117,9.425744,3380842.60
05/10/1999,14.812500,14.812500,14.437500,14.484375,9.107427,1145867,-,7.678294,10.290507,10.203117,9.595219,3360837.28
05/07/1999,15.468750,15.562500,15.046875,15.140625,9.520061,3906667,-,7.664515,10.295223,10.297433,9.798588,3424437.28
05/06/1999,15.093750,15.468750,14.625000,14.859375,9.343218,6998133,-,7.652135,10.307013,10.391750,9.963642,3440719.94
05/05/1999,14.250000,14.789063,13.640625,14.484375,9.107427,8787467,-,7.643441,10.326465,10.511119,10.156696,3362517.28
05/04/1999,15.164063,15.187500,14.531250,14.578125,9.166373,6717067,-,7.635851,10.349602,10.640804,10.348276,3212783.94
05/03/1999,15.187500,15.234375,14.554688,15.140625,9.520061,4322933,-,7.628409,10.376718,10.751331,10.430802,3133466.60
04/30/1999,15.562500,15.656250,14.343750,14.625000,9.195848,4684267,-,7.618830,10.387918,10.841226,10.513329,3082821.28
04/29/1999,16.546875,16.570312,14.976563,15.375000,9.667430,5946133,-,7.611314,10.408550,10.923753,10.676909,3039765.28
04/28/1999,17.203125,17.203125,16.265625,16.570312,10.419012,1664000,-,7.598419,10.422698,10.970911,10.780068,2981861.28
04/27/1999,17.671875,17.765625,17.109375,17.343750,10.905332,2258933,-,7.581398,10.430655,10.979017,10.812489,3031221.28
04/26/1999,17.671875,17.812500,17.578125,17.718750,11.141124,3301333,-,7.562682,10.426529,10.954701,10.811015,3092186.62
04/23/1999,17.578125,17.953125,17.554688,17.765625,11.170594,2214667,-,7.542566,10.424761,10.901648,10.796278,3108170.62
04/22/1999,17.625000,17.976562,17.507812,17.929688,11.273756,2566667,-,7.524440,10.412971,10.874384,10.819858,3164682.62
04/21/1999,16.500000,17.578125,16.406250,17.531250,11.023228,5638933,-,7.504987,10.394403,10.811016,10.865542,3219983.94
04/20/1999,16.031250,16.218750,15.632813,15.890625,9.991641,3752533,-,7.484577,10.391161,10.775647,10.933332,3198693.28
04/19/1999,17.109375,17.109375,16.453125,16.453125,10.345329,1604000,-,7.469398,10.394108,10.809542,11.071859,3209279.96
04/16/1999,16.968750,17.296875,16.921875,17.226562,10.831646,1872533,-,7.452450,10.398234,10.831647,11.169123,3329871.96
04/15/1999,17.062500,17.250000,16.640625,17.015625,10.699016,2869600,-,7.432555,10.395582,10.847858,11.170597,3415519.96
04/14/1999,17.765625,17.765625,17.015625,17.085938,10.743228,1896267,-,7.413839,10.385561,10.855227,11.161755,3443263.96
04/13/1999,17.578125,17.812500,17.109375,17.320312,10.890593,2090133,-,7.394165,10.387624,10.855227,11.145544,3481226.62
04/12/1999,17.625000,17.695312,17.390625,17.484375,10.993752,1321333,-,7.374934,10.389098,10.811016,11.098386,3534975.96
04/09/1999,18.468750,18.468750,17.976562,18.140625,11.406387,1139200,-,7.357397,10.374361,10.750595,11.007017,3538122.64
04/08/1999,18.656250,18.820312,18.492188,18.656250,11.730601,1174933,-,7.335955,10.346360,10.678384,10.928911,3543301.30
04/07/1999,18.281250,18.890625,18.023438,18.609375,11.701127,4622133,-,7.312597,10.319244,10.579646,10.756489,3611055.98
04/06/1999,17.789062,18.421875,17.578125,18.093750,11.376915,5120533,-,7.288649,10.288002,10.463961,10.617962,3589322.66
04/05/1999,17.437500,18.281250,17.437500,18.000000,11.317966,3166667,-,7.266396,10.267665,10.372592,10.547225,3610560.00
04/01/1999,17.156250,17.437500,17.156250,17.250000,10.846385,2005067,-,7.243849,10.235539,10.275328,10.494172,3652096.00
03/31/1999,17.062500,17.226562,16.687500,16.875000,10.610593,2141333,-,7.225501,10.220212,10.192801,10.525119,3749557.32
03/30/1999,16.382812,17.085938,16.289062,16.828125,10.581121,2621600,-,7.205459,10.203707,10.118380,10.548699,3748842.66
03/29/1999,16.218750,16.734375,16.125000,16.570312,10.419012,2451200,-,7.186890,10.196044,10.041748,10.564909,3793365.32
03/26/1999,16.523438,16.523438,15.843750,16.031250,10.080063,1930933,-,7.175248,10.179833,9.973958,10.523646,3840415.98
03/25/1999,16.500000,16.968750,16.500000,16.898438,10.625330,2075200,-,7.168764,10.176886,9.937116,10.494172,3917562.66
03/24/1999,16.406250,16.640625,15.750000,15.914063,10.006379,2768000,-,7.160585,10.150065,9.911326,10.427856,3898426.66
03/23/1999,16.828125,16.968750,16.359375,16.406250,10.315855,1798933,-,7.152848,10.141517,9.926800,10.402803,3923824.00
03/22/1999,17.414062,17.414062,16.828125,16.968750,10.669543,1961333,-,7.142827,10.133854,9.924221,10.309960,4101765.34
03/19/1999,18.000000,18.210938,17.109375,17.156250,10.787436,1794133,-,7.131332,10.132380,9.916852,10.197959,4416981.34
03/18/1999,17.437500,17.789062,17.343750,17.742188,11.155860,2379200,-,7.120280,10.128843,9.881484,10.056485,4709104.02
03/17/1999,17.015625,17.437500,17.015625,17.250000,10.846385,3058667,-,7.106574,10.081390,9.835062,9.860483,4826352.02
03/16/1999,16.453125,17.226562,16.382812,17.085938,10.743228,8028533,-,7.095669,10.017137,9.811483,9.688061,4801216.02
03/15/1999,15.656250,15.937500,15.468750,15.914063,10.006379,2845867,-,7.087121,9.946105,9.815167,9.518586,4647712.02
03/12/1999,15.515625,15.750000,15.281250,15.562500,9.785326,2330667,-,7.085058,9.892168,9.849799,9.424270,4603269.34
03/11/1999,15.492188,15.890625,15.339844,15.843750,9.962167,5045600,-,7.083290,9.841178,9.913168,9.380059,4566341.34
03/10/1999,14.882813,15.562500,14.625000,15.515625,9.755849,8465600,-,7.082406,9.785178,9.944116,9.394796,4475114.68
03/09/1999,15.187500,15.843750,14.859375,14.929688,9.387427,5896000,-,7.083437,9.732715,9.973590,9.450797,4314266.68
03/08/1999,15.023438,15.281250,14.906250,15.187500,9.549535,2038933,-,7.086311,9.686146,10.047275,9.538482,4238298.68
03/05/1999,14.859375,15.046875,14.578125,14.906250,9.372691,2345600,-,7.088816,9.636335,10.076749,9.635746,4243637.36
03/04/1999,14.531250,14.718750,14.132813,14.625000,9.195848,2863200,-,7.091174,9.590945,10.135696,9.706483,4229770.70
03/03/1999,15.140625,15.187500,14.156250,14.507813,9.122163,2845333,-,7.092353,9.543198,10.210855,9.809641,4248149.36
03/02/1999,14.859375,15.046875,14.320313,14.390625,9.048478,3638933,-,7.095079,9.488081,10.264644,9.934905,4208602.70
03/01/1999,14.765625,14.812500,14.203125,14.414063,9.063218,3929067,-,7.099206,9.433260,10.354540,10.111749,4154773.38
02/26/1999,16.078125,16.078125,14.812500,14.859375,9.343218,4325867,-,7.104732,9.384039,10.449593,10.275328,4100501.38
02/25/1999,16.687500,16.734375,15.937500,16.078125,10.109538,4720800,-,7.108122,9.325091,10.495277,10.446277,4029424.04
02/24/1999,16.359375,16.822266,16.218750,16.406250,10.315855,3088000,-,7.105985,9.256712,10.490119,10.493435,4006666.70
02/23/1999,16.500000,16.781250,16.171875,16.324219,10.264276,1300800,-,7.105322,9.194227,10.493067,10.496383,3967397.36
02/22/1999,16.312500,16.734375,16.031250,16.734375,10.522172,2751200,-,7.105174,9.137490,10.486803,10.556067,3966592.02
02/19/1999,16.429688,16.453125,15.984375,16.031250,10.080063,1790667,-,7.104548,9.078837,10.478698,10.517751,3975077.36
02/18/1999,16.734375,16.757812,16.078125,16.265625,10.227433,2531467,-,7.106943,9.025194,10.460277,10.564910,3993568.02
02/17/1999,16.593750,17.203125,16.359375,16.500000,10.374803,3050933,-,7.108637,8.971552,10.452909,10.612068,4019605.34
02/16/1999,16.804688,17.507812,16.804688,17.203125,10.816911,4132000,-,7.108637,8.912604,10.423435,10.594384,4194389.34
02/12/1999,17.390625,17.484375,16.687500,17.015625,10.699016,5307200,-,7.108564,8.829488,10.392487,10.597331,4183925.34
02/11/1999,17.109375,17.812500,16.734375,17.578125,11.052703,4100533,-,7.108858,8.748729,10.337961,10.623857,4099578.68
02/10/1999,16.429688,17.062500,16.218750,16.828125,10.581121,5040267,-,7.107643,8.661192,10.281960,10.544278,4033882.68
02/09/1999,17.296875,17.671875,16.453125,16.453125,10.345329,5331733,-,7.108969,8.591044,10.217118,10.486803,3935642.68
02/08/1999,17.015625,17.320312,16.875000,17.273438,10.861124,4574400,-,7.113832,8.525612,10.178802,10.489751,3860501.36
02/05/1999,16.781250,16.875000,15.281250,16.125000,10.139011,4281867,-,7.115969,8.446622,10.132380,10.417540,3807669.36
02/04/1999,17.437500,17.906250,16.640625,16.781250,10.551644,7633600,-,7.122969,8.385611,10.155222,10.439645,3744869.36
02/03/1999,15.703125,17.273438,15.515625,17.015625,10.699016,6154933,-,7.126211,8.310158,10.158170,10.355645,3619424.02
02/02/1999,16.875000,16.875000,15.656250,16.218750,10.197960,4256800,-,7.127169,8.226452,10.062380,10.293750,3518170.70
02/01/1999,17.320312,17.906250,17.156250,17.250000,10.846385,3794400,-,7.129343,8.147168,9.934168,10.252486,3446874.70
01/29/1999,16.664062,17.460938,16.429688,17.437500,10.964280,4777600,-,7.129269,8.056388,9.751430,10.187644,3390421.36
01/28/1999,15.984375,16.453125,15.984375,16.312500,10.256906,1478667,-,7.129048,7.965903,9.568692,10.052064,3308544.02
01/27/1999,16.453125,16.828125,15.914063,15.914063,10.006379,1398133,-,7.131480,7.891629,9.417639,10.019643,3304698.68
01/26/1999,16.125000,16.593750,15.937500,16.500000,10.374803,4562667,-,7.133432,7.821481,9.275428,9.947432,3289562.68
01/25/1999,16.757812,17.056641,16.078125,16.125000,10.139011,3535467,-,7.133764,7.748976,9.113321,9.867853,3334693.34
01/22/1999,15.093750,16.921875,15.093750,16.476562,10.360067,6182400,-,7.134722,7.666449,8.959320,9.847221,3311040.00
01/21/1999,15.937500,16.171875,15.375000,15.445313,9.711643,5243467,-,7.133837,7.583333,8.794267,9.870800,3204234.66
01/20/1999,15.187500,16.968750,15.093750,16.031250,10.080063,6878133,-,7.137743,7.513479,8.663845,9.960695,3117029.32
01/19/1999,15.960938,16.125000,15.515625,15.562500,9.785326,2105600,-,7.140248,7.433311,8.500265,9.831010,3053712.00
01/15/1999,15.070313,16.406250,15.046875,16.218750,10.197960,4847733,-,7.145406,7.355205,8.329316,9.615851,3081898.66
01/14/1999,15.609375,15.796875,14.976563,15.281250,9.608482,4803733,-,7.149348,7.261478,8.134789,9.315217,3034037.34
01/13/1999,13.687500,16.007812,13.640625,15.796875,9.932693,5788267,-,7.155795,7.183962,7.984472,9.085321,3041274.68
01/12/1999,14.953125,15.234375,14.753906,14.765625,9.284271,1118400,-,7.160364,7.105561,7.807629,8.815635,3045461.34
01/11/1999,15.046875,15.515625,14.671875,15.234375,9.579008,4037867,-,7.169059,7.029224,7.677943,8.603423,3061098.68
01/08/1999,16.078125,16.289062,15.023438,15.796875,9.932693,10696000,-,7.176575,6.943455,7.558574,8.358790,3025242.68
01/07/1999,14.742188,17.812500,14.531250,16.851562,10.595858,17722133,-,7.182764,6.849728,7.433311,8.071420,2909909.34
01/06/1999,14.250000,17.601562,14.203125,16.875000,10.610593,16400267,-,7.185933,6.739496,7.282994,7.717733,2647530.68
01/05/1999,11.859375,14.250000,11.718750,13.968750,8.783215,8241600,-,7.186596,6.636337,7.122361,7.366994,2432096.00
01/04/1999,11.765625,12.281250,11.765625,12.140625,7.633733,1801867,-,7.197206,6.566484,7.060466,7.169519,2308138.66
12/31/1998,11.671875,11.859375,11.320313,11.437500,7.191625,353333,-,7.213859,6.514021,7.050150,7.042782,2298346.66
12/30/1998,11.343750,11.882813,11.343750,11.625000,7.309520,623733,-,7.233828,6.465683,7.023624,6.954360,2346058.66
12/29/1998,11.437500,11.554688,11.296875,11.507813,7.235836,484267,-,7.254091,6.407620,6.991203,6.883623,2363594.66
12/28/1998,11.390625,11.484375,11.296875,11.390625,7.162150,484267,-,7.275680,6.353093,6.963202,6.799622,2443434.66
12/24/1998,11.062500,11.437500,11.015625,11.343750,7.132677,423200,-,7.296533,6.296209,6.958781,6.752464,2495642.66
12/23/1998,11.343750,11.408203,10.875000,11.226563,7.058993,2097600,-,7.315175,6.233135,6.955834,6.758359,2531392.00
12/22/1998,11.296875,11.414063,11.109375,11.226563,7.058993,2305867,-,7.332197,6.164460,6.948465,6.795201,2528218.66
12/21/1998,11.109375,11.320313,11.062500,11.296875,7.103202,1652267,-,7.349513,6.094681,6.949939,6.848254,2580725.32
12/18/1998,10.406250,10.968750,10.406250,10.828125,6.808464,3782133,-,7.366607,6.016870,6.933728,6.877728,2566341.32
12/17/1998,9.937500,10.312500,9.914063,10.125000,6.366356,868000,-,7.386502,5.942891,6.918992,6.951413,2515834.66
12/16/1998,10.593750,10.687500,9.984375,10.031250,6.307408,947467,-,7.405808,5.881880,6.912360,7.057519,2515120.00
12/15/1998,10.125000,10.640625,10.007813,10.500000,6.602147,1215467,-,7.428355,5.824111,6.912360,7.092888,2514544.00
12/14/1998,10.500000,10.546875,10.171875,10.171875,6.395831,772000,-,7.448618,5.760447,6.904255,7.098782,2511674.66
12/11/1998,10.828125,10.921875,10.453125,10.640625,6.690569,3582933,-,7.469729,5.706215,6.911623,7.126783,2515445.32
12/10/1998,11.789063,11.812500,11.437500,11.437500,7.191625,1124533,-,7.491319,5.641373,6.902044,7.165099,2461429.32
12/09/1998,12.187500,12.187500,11.484375,11.812500,7.427417,1260533,-,7.511582,5.571520,6.879939,7.153309,2449114.66
12/08/1998,11.671875,12.562500,11.625000,12.070313,7.589523,3175467,-,7.528714,5.504025,6.809201,7.101729,2445898.66
12/07/1998,11.812500,11.906250,11.156250,11.765625,7.397941,2715200,-,7.541240,5.431519,6.739938,7.051624,2472885.32
12/04/1998,12.093750,12.187500,11.718750,12.000000,7.545311,3833333,-,7.551924,5.361371,6.680990,6.989729,2445850.66
12/03/1998,10.734375,12.632813,10.734375,11.812500,7.427417,11790133,-,7.560177,5.287686,6.607305,6.886570,2392405.34
12/02/1998,10.125000,10.617188,9.750000,10.593750,6.661095,3608800,-,7.569203,5.221960,6.529936,6.767201,2211472.02
12/01/1998,10.031250,10.593750,9.843750,10.593750,6.661095,1089867,-,7.582835,5.170086,6.472462,6.731832,2229248.02
11/30/1998,11.109375,11.250000,10.500000,10.617188,6.675832,815733,-,7.595288,5.108780,6.426041,6.709727,2220272.02
11/27/1998,11.250000,11.343750,11.109375,11.250000,7.073729,128267,-,7.607519,5.051306,6.392883,6.696464,2224512.02
11/25/1998,11.109375,11.367188,11.062500,11.250000,7.073729,1574667,-,7.618793,4.989116,6.312567,6.638990,2235834.68
11/24/1998,11.015625,11.343750,10.921875,10.992188,6.911623,1932800,-,7.630067,4.931937,6.223408,6.606568,2218794.68
11/23/1998,10.804688,11.296875,10.734375,11.273438,7.088467,1141867,-,7.641856,4.880357,6.140145,6.516673,2203792.02
11/20/1998,10.640625,10.875000,10.500000,10.781250,6.778991,1361333,-,7.651951,4.824062,6.039933,6.428252,2198256.02
11/19/1998,10.265625,10.359375,10.218750,10.359375,6.513727,1092267,-,7.664109,4.778083,5.973617,6.372251,2214394.70
11/18/1998,10.031250,10.125000,9.867188,9.914063,6.233724,692000,-,7.676120,4.736820,5.912459,6.328040,2223466.70
11/17/1998,10.242188,10.242188,9.937500,10.031250,6.307408,971733,-,7.688794,4.700862,5.851301,6.292672,2225600.04
11/16/1998,10.265625,10.359375,10.125000,10.242188,6.440042,683733,-,7.701983,4.673746,5.774669,6.213092,2246736.04
11/13/1998,10.218750,10.476563,10.195313,10.406250,6.543199,1286400,-,7.713920,4.632777,5.672984,6.142355,2256005.38
11/12/1998,10.218750,10.500000,10.195313,10.335938,6.498988,641333,-,7.722173,4.590335,5.571299,6.089302,2255472.04
11/11/1998,10.242188,10.968750,10.066406,10.734375,6.749517,6819200,-,7.730868,4.552313,5.462245,5.986144,2274592.04
11/10/1998,9.445313,9.609375,9.210938,9.562500,6.012670,2352800,-,7.739747,4.516060,5.323718,5.840248,2191712.04
11/09/1998,9.890625,10.007813,9.750000,9.867188,6.204251,842133,-,7.749620,4.478923,5.204349,5.763616,2269317.38
11/06/1998,9.562500,9.937500,9.562500,9.890625,6.218986,883200,-,7.757062,4.459765,5.072638,5.651615,2275408.06
11/05/1998,9.187500,9.750000,9.187500,9.656250,6.071618,3712267,-,7.764799,4.438249,4.922321,5.574983,2300554.72
11/04/1998,9.000000,9.445313,8.835938,9.351563,5.880039,3514933,-,7.772684,4.428523,4.774215,5.496877,2243621.38
11/03/1998,9.046875,9.128906,8.742188,8.765625,5.511614,2454667,-,7.786536,4.426755,4.646003,5.409929,2192368.06
11/02/1998,9.093750,9.398438,9.046875,9.117188,5.732668,5165600,-,7.801789,4.429112,4.541371,5.336245,2167866.72
10/30/1998,9.656250,9.984375,9.421875,9.562500,6.012670,5997600,-,7.812915,4.429407,4.425686,5.203612,2087034.72
10/29/1998,8.671875,8.859375,8.648438,8.695313,5.467404,1900267,-,7.822937,4.427049,4.309264,5.053296,1993669.38
10/28/1998,8.437500,8.531250,8.343750,8.414063,5.290561,2245067,-,7.836642,4.442670,4.208316,4.938347,1992826.70
10/27/1998,8.765625,8.812500,8.156250,8.343750,5.246349,4929333,-,7.850716,4.468902,4.128737,4.807188,1976053.36
10/26/1998,8.062500,8.296875,8.015625,8.085938,5.084243,4603200,-,7.863168,4.493660,4.069052,4.645082,1898592.04
10/23/1998,8.859375,9.304688,8.671875,8.671875,5.452666,5628533,-,7.874663,4.519302,4.013052,4.493660,1828154.70
10/22/1998,7.968750,8.625000,7.921875,8.414063,5.290561,2043733,-,7.886747,4.536987,3.934946,4.269659,1735456.04
10/21/1998,7.781250,8.015625,7.546875,7.968750,5.010559,1312267,-,7.900969,4.564103,3.863472,4.051552,1734970.72
10/20/1998,6.984375,7.617188,6.984375,7.593750,4.774767,2738933,-,7.917769,4.591808,3.819998,3.882077,1735056.04
10/19/1998,6.867188,7.031250,6.750000,7.007813,4.406343,1500533,-,7.937811,4.628945,3.784629,3.746497,1719861.38
10/16/1998,6.609375,7.359375,6.609375,7.171875,4.509501,4476267,-,7.955864,4.681114,3.744103,3.647760,1769493.38
10/15/1998,6.562500,6.937500,6.515625,6.867188,4.317922,3094667,-,7.973106,4.727683,3.708734,3.565233,1726917.38
10/14/1998,5.882813,6.515625,5.812500,6.328125,3.978972,2210667,-,7.991527,4.770715,3.691050,3.478285,1685328.04
10/13/1998,5.718750,5.765625,5.601563,5.765625,3.625286,1938933,-,8.010317,4.817283,3.702839,3.450285,1656106.70
10/12/1998,5.203125,5.859375,5.109375,5.677734,3.570022,4931200,-,8.029548,4.875052,3.738208,3.493022,1644277.38
10/09/1998,5.015625,5.156250,4.851563,5.109375,3.212652,933067,-,8.048688,4.938937,3.773393,3.532444,1570357.38
10/08/1998,4.898438,5.203125,4.851563,4.945313,3.109493,1256800,-,8.069357,5.014390,3.836761,3.600233,1581536.04
10/07/1998,5.390625,5.578125,5.203125,5.273438,3.315810,832267,-,8.092420,5.088959,3.903814,3.675392,1583370.70
10/06/1998,5.507813,5.578125,5.390625,5.437500,3.418969,918667,-,8.113567,5.156454,3.959815,3.757919,1622730.70
10/05/1998,5.718750,5.718750,5.343750,5.437500,3.418969,1072000,-,8.132652,5.218644,4.036447,3.822761,1640021.36
10/02/1998,5.812500,5.953125,5.671875,5.859375,3.684233,960533,-,8.152694,5.278181,4.085079,3.840446,1657360.02
10/01/1998,5.671875,5.789063,5.390625,5.484375,3.448443,882133,-,8.171778,5.331529,4.121921,3.852235,1710293.36
09/30/1998,6.046875,6.187500,5.882813,5.882813,3.698971,508800,-,8.191157,5.403445,4.179395,3.903815,1730736.04
09/29/1998,6.562500,6.585938,6.375000,6.445313,4.052658,1099733,-,8.207884,5.481551,4.241290,3.955394,1758821.38
09/28/1998,6.140625,6.421875,6.087891,6.304688,3.964236,4524800,-,8.222031,5.552288,4.246448,3.983394,1769930.72
09/25/1998,6.023438,6.281250,5.953125,6.187500,3.890551,1363467,-,8.240047,5.626562,4.310554,4.014342,1698938.72
09/24/1998,6.375000,6.515625,6.000000,6.140625,3.861077,1161067,-,8.261674,5.700836,4.373186,4.073289,1713674.72
09/23/1998,6.609375,6.656250,6.351563,6.585938,4.141079,2743467,-,8.284111,5.777468,4.459397,4.132237,1820234.72
09/22/1998,5.906250,6.796875,5.859375,6.468750,4.067394,4497600,-,8.305590,5.836416,4.541924,4.161711,1784373.38
09/21/1998,5.484375,5.859375,5.343750,5.718750,3.595812,641067,-,8.324379,5.895364,4.620030,4.250133,1725141.38
09/18/1998,6.046875,6.210938,5.929688,6.046875,3.802130,1027733,-,8.346779,5.966691,4.727609,4.329712,1739514.70
09/17/1998,6.117188,6.515625,6.000000,6.304688,3.964236,694400,-,8.366748,6.033007,4.832241,4.391607,1759509.38
09/16/1998,6.562500,6.726563,6.492188,6.703125,4.214764,722667,-,8.385906,6.104628,4.946453,4.454976,1886197.38
09/15/1998,6.609375,7.078125,6.468750,6.890625,4.332659,1182667,-,8.401674,6.167997,5.065822,4.527187,1904938.70
09/14/1998,7.125000,7.125000,6.750000,6.796875,4.273713,865067,-,8.415232,6.220166,5.173401,4.509502,1930229.36
09/11/1998,7.265625,7.265625,6.937500,7.125000,4.480029,2168267,-,8.431590,6.273808,5.278034,4.606766,1953861.36
09/10/1998,6.421875,7.078125,6.421875,7.078125,4.450555,1545867,-,8.447690,6.323324,5.370876,4.673082,1960677.36
09/09/1998,7.500000,7.546875,7.031250,7.054688,4.435817,798667,-,8.465080,6.371367,5.480666,4.786557,1945472.02
09/08/1998,7.875000,7.968750,7.406250,7.875000,4.951611,2028533,-,8.483649,6.421767,5.578667,4.922137,1943120.02
09/04/1998,7.429688,7.546875,6.937500,6.984375,4.391607,1147200,-,8.498607,6.458904,5.662668,4.989927,1935189.36
09/03/1998,7.125000,7.125000,6.914063,7.031250,4.421081,1259733,-,8.518428,6.511957,5.793826,5.125506,1956965.36
09/02/1998,7.593750,7.757813,7.312500,7.312500,4.597924,1597333,-,8.541933,6.573263,5.914669,5.272876,1995365.36
09/01/1998,7.031250,7.921875,6.890625,7.851563,4.936873,2675200,-,8.560796,6.623663,6.008249,5.437929,1998986.70
08/31/1998,7.500000,7.734375,5.718750,6.609375,4.155816,6233067,-,8.578112,6.666106,6.076775,5.604457,1980928.04
08/28/1998,8.179688,8.367188,7.992188,8.343750,5.246349,1146667,-,8.595649,6.721222,6.194671,5.837300,1877242.70
08/27/1998,8.531250,8.578125,8.062500,8.179688,5.143192,2140533,-,8.611860,6.754822,6.270566,5.949301,1898944.02
08/26/1998,8.625000,8.906250,8.578125,8.882813,5.585298,865600,-,8.628034,6.788127,6.362672,6.068670,1943466.70
08/25/1998,9.234375,9.468750,9.046875,9.210938,5.791616,952267,-,8.643286,6.819959,6.425304,6.174776,1978250.70
08/24/1998,8.976563,9.093750,8.648438,8.953125,5.629509,1229600,-,8.660013,6.836170,6.470252,6.235197,2071040.02
08/21/1998,9.164063,9.234375,8.906250,9.140625,5.747405,1124000,-,8.681160,6.860928,6.515199,6.335408,2463840.02
08/20/1998,9.562500,9.656250,9.351563,9.375000,5.894774,1329333,-,8.699066,6.907791,6.547621,6.462146,2641653.36
08/19/1998,10.453125,10.476563,9.937500,9.937500,6.248460,1858133,-,8.715424,6.965560,6.570463,6.556463,2668064.04
08/18/1998,10.312500,10.687500,10.289063,10.500000,6.602147,1406400,-,8.727361,7.020382,6.610253,6.578568,2680704.04
08/17/1998,10.031250,10.312500,9.937500,10.312500,6.484252,1056267,-,8.736129,7.057519,6.660358,6.549094,2690314.70
08/14/1998,10.171875,10.195313,9.820313,10.125000,6.366356,1081333,-,8.750277,7.094066,6.715622,6.552042,2772613.36
08/13/1998,10.312500,10.335938,10.031250,10.078125,6.336883,993600,-,8.764424,7.134151,6.781201,6.591831,2859466.70
08/12/1998,10.312500,10.593750,10.195313,10.570313,6.646358,2019467,-,8.773929,7.178951,6.844570,6.656674,3015946.70
08/11/1998,10.171875,10.359375,10.078125,10.171875,6.395831,1316533,-,8.788666,7.214320,6.896886,6.675832,3217450.70
08/10/1998,10.875000,11.039063,10.523438,10.546875,6.631620,1979200,-,8.809003,7.259709,6.931518,6.705306,3321888.04
08/07/1998,10.687500,11.367188,10.687500,11.156250,7.014782,3982133,-,8.832435,7.307752,6.950676,6.694990,3343322.70
08/06/1998,10.125000,10.921875,10.054688,10.875000,6.837938,2347467,-,8.852993,7.359331,6.958044,6.633095,3289258.70
08/05/1998,10.265625,10.406250,10.054688,10.289063,6.469515,1015200,-,8.870898,7.411205,6.972045,6.584463,3353312.02
08/04/1998,10.453125,10.500000,10.031250,10.031250,6.307408,749600,-,8.891383,7.477521,7.025834,6.641937,3390661.36
08/03/1998,10.546875,10.593750,10.148438,10.359375,6.513727,1347467,-,8.914888,7.550616,7.079624,6.771622,3428528.02
07/31/1998,10.875000,10.921875,10.687500,10.757813,6.764254,1235200,-,8.939794,7.619585,7.100993,6.879202,3432394.68
07/30/1998,11.015625,11.250000,11.015625,11.109375,6.985307,1492000,-,8.964036,7.685312,7.110572,6.970571,3462784.02
07/29/1998,10.687500,10.968750,10.687500,10.875000,6.837938,1348533,-,8.987910,7.742491,7.109098,7.032466,3452538.68
07/28/1998,10.359375,10.687500,10.218750,10.640625,6.690569,2800267,-,9.012815,7.794365,7.109835,7.117940,3459653.36
07/27/1998,10.218750,10.453125,9.843750,10.382813,6.528462,1783200,-,9.040226,7.853903,7.123098,7.157730,3444741.36
07/24/1998,10.265625,10.289063,9.984375,10.171875,6.395831,1938933,-,9.067452,7.920808,7.137098,7.206362,3441498.70
07/23/1998,10.406250,10.593750,9.984375,10.101563,6.351620,3607200,-,9.094347,7.996261,7.169519,7.282994,3417152.04
07/22/1998,11.906250,12.000000,11.203125,11.203125,7.044256,1904267,-,9.121537,8.069651,7.226257,7.359626,3381498.70
07/21/1998,11.859375,12.093750,11.812500,12.093750,7.604259,1913067,-,9.145705,8.122410,7.229941,7.409732,3376682.70
07/20/1998,12.281250,12.328125,12.000000,12.070313,7.589523,1655200,-,9.166484,8.173989,7.202678,7.387626,3371994.70
07/17/1998,12.234375,12.328125,12.046875,12.210938,7.677943,975200,-,9.185716,8.226894,7.168783,7.322783,3400778.70
07/16/1998,12.351563,12.375000,12.000000,12.093750,7.604259,2100267,-,9.205537,8.281274,7.131203,7.250573,3409082.70
07/15/1998,11.355469,12.421875,11.296875,12.234375,7.692681,6489067,-,9.226390,8.340369,7.091414,7.185730,3410672.02
07/14/1998,11.390625,11.531250,11.250000,11.273438,7.088467,950400,-,9.246801,8.397843,7.065624,7.101729,3346768.02
07/13/1998,11.343750,11.361328,11.062500,11.156250,7.014782,1536000,-,9.273401,8.463569,7.041308,7.088466,3430394.68
07/10/1998,11.390625,11.578125,11.203125,11.390625,7.162150,1359733,-,9.299927,8.539317,7.033939,7.067834,3426256.02
07/09/1998,11.578125,11.812500,11.250000,11.320313,7.117940,2027467,-,9.326454,8.611234,7.080361,7.056045,3422762.70
07/08/1998,11.437500,12.164063,11.390625,12.000000,7.545311,7028800,-,9.349738,8.685066,7.163624,7.092887,3412784.02
07/07/1998,10.921875,11.812500,10.921875,11.742188,7.383204,1659733,-,9.368528,8.751087,7.235835,7.050150,3295525.36
07/06/1998,11.390625,11.390625,10.875000,11.039063,6.941097,2447200,-,9.387539,8.829782,7.289625,7.017729,3291269.36
07/02/1998,11.015625,11.062500,10.968750,11.062500,6.955833,2046667,-,9.408133,8.916730,7.358152,7.014782,3262464.02
07/01/1998,11.015625,11.109375,10.781250,11.062500,6.955833,2509067,-,9.430312,9.008394,7.428889,7.011834,3246458.68
06/30/1998,11.156250,11.156250,10.828125,10.898438,6.852676,785600,-,9.450502,9.093279,7.509942,6.997097,3229248.00
06/29/1998,11.062500,11.109375,10.851563,11.062500,6.955833,681067,-,9.470618,9.174037,7.588048,7.029518,3230528.00
06/26/1998,11.343750,11.343750,10.804688,10.828125,6.808464,1632000,-,9.490071,9.247574,7.673522,6.994150,3237418.66
06/25/1998,11.812500,11.859375,11.203125,11.203125,7.044256,2236000,-,9.509523,9.328038,7.784786,7.000044,3238325.32
06/24/1998,11.250000,11.953125,11.109375,11.906250,7.486363,3179733,-,9.527208,9.405554,7.912261,7.104677,3235546.66
06/23/1998,11.367188,11.390625,11.203125,11.320313,7.117940,1778400,-,9.539439,9.470692,8.009525,7.234362,3223866.66
06/22/1998,10.875000,11.250000,10.804688,11.226563,7.058993,1772267,-,9.555134,9.536271,8.142894,7.421521,3244874.66
06/19/1998,11.250000,11.343750,10.968750,10.992188,6.911623,1048800,-,9.572155,9.603913,8.288053,7.561521,3226890.66
06/18/1998,10.875000,11.015625,10.687500,11.015625,6.926359,2231733,-,9.590429,9.672293,8.440580,7.701522,3259909.32
06/17/1998,11.578125,11.812500,10.781250,10.828125,6.808464,4366667,-,9.607671,9.737430,8.596791,7.845944,3280693.32
06/16/1998,11.132813,11.484375,10.875000,11.414063,7.176888,2604800,-,9.623735,9.811115,8.748582,8.022787,3275983.98
06/15/1998,10.359375,11.062500,10.359375,10.500000,6.602147,5591733,-,9.639135,9.879199,8.861319,8.146578,3308527.98
06/12/1998,11.039063,11.109375,10.007813,10.921875,6.867412,20869600,-,9.659324,9.963495,9.014584,8.352895,3240245.32
06/11/1998,14.203125,14.203125,12.421875,12.867188,8.090577,10014667,-,9.678777,10.045874,9.164900,8.569528,2874255.98
06/10/1998,14.226563,14.390625,13.875000,13.968750,8.783215,2649867,-,9.691598,10.102022,9.268796,8.719845,2693535.98
06/09/1998,13.828125,14.531250,13.757813,14.296875,8.989530,2490133,-,9.702430,10.143285,9.330691,8.784687,2666351.98
06/08/1998,13.125000,13.453125,13.125000,13.453125,8.459000,1886933,-,9.712156,10.183959,9.365323,8.864267,2640250.66
06/05/1998,13.382813,13.476563,13.078125,13.218750,8.311631,5171200,-,9.728662,10.236423,9.451534,9.014584,2651162.66
06/04/1998,13.640625,13.640625,12.960938,13.312500,8.370581,5424000,-,9.739936,10.293602,9.547692,9.179637,2590992.00
06/03/1998,14.015625,14.250000,13.640625,13.640625,8.576896,8817600,-,9.751062,10.350781,9.649009,9.347638,2520304.00
06/02/1998,14.343750,14.343750,13.078125,13.382813,8.414792,12094667,-,9.759904,10.394108,9.748114,9.474376,2367141.34
06/01/1998,14.625000,14.625000,13.640625,13.781250,8.665318,6538400,-,9.770515,10.443919,9.855694,9.576061,2161568.00
05/29/1998,15.234375,15.375000,14.343750,14.367188,9.033742,3050933,-,9.781052,10.489898,9.941168,9.676272,2091994.66
05/28/1998,15.187500,15.375000,14.929688,15.257813,9.593746,1278933,-,9.783704,10.532930,10.029590,9.760272,2067701.34
05/27/1998,15.234375,15.281250,14.250000,15.000000,9.431639,5550133,-,9.783041,10.568298,10.087801,9.817746,2079946.68
05/26/1998,16.406250,16.406250,15.562500,15.562500,9.785326,2882667,-,9.783373,10.610741,10.156696,9.876694,2025509.36
05/22/1998,16.265625,16.265625,15.609375,15.843750,9.962167,2642933,-,9.783594,10.641688,10.209749,9.866378,2081477.36
05/21/1998,16.125000,16.125000,15.703125,15.843750,9.962167,1540800,-,9.784846,10.659668,10.277539,9.888484,2139466.70
05/20/1998,16.453125,16.500000,15.703125,15.984375,10.050591,2754667,-,9.786541,10.669689,10.343855,9.915747,2221162.70
05/19/1998,15.796875,15.890625,15.515625,15.656250,9.844274,979733,-,9.785979,10.679120,10.418277,9.950379,2288800.02
05/18/1998,15.140625,15.375000,14.718750,15.000000,9.431639,1704267,-,9.786127,10.692678,10.486066,10.021853,2342528.02
05/15/1998,15.703125,15.937500,15.328125,15.375000,9.667430,2054667,-,9.786716,10.719794,10.559014,10.135327,2483440.02
05/14/1998,16.125000,16.265625,15.656250,15.703125,9.873745,1621067,-,9.785979,10.730994,10.607278,10.206065,2620725.34
05/13/1998,16.453125,16.500000,16.078125,16.171875,10.168485,721600,-,9.784727,10.749858,10.655173,10.298908,2649178.66
05/12/1998,15.562500,15.984375,15.375000,15.937500,10.021117,1824533,-,9.784063,10.759584,10.692752,10.357855,2808826.66
05/11/1998,16.125000,16.125000,15.375000,15.398438,9.682169,1663467,-,9.784800,10.771521,10.728857,10.436698,2894192.00
05/08/1998,16.359375,16.687500,16.125000,16.195312,10.183223,1678667,-,9.787232,10.798047,10.764594,10.553120,2942736.00
05/07/1998,16.500000,16.687500,16.265625,16.277344,10.234800,3094400,-,9.788779,10.819269,10.777489,10.666594,3131189.32
05/06/1998,16.875000,16.875000,16.523438,16.535156,10.396906,1390400,-,9.785353,10.831648,10.782278,10.771963,3260693.32
05/05/1998,16.875000,17.156250,16.734375,16.792969,10.559014,2179733,-,9.778242,10.825606,10.771594,10.886174,3384213.32
05/04/1998,16.781250,16.851562,16.664062,16.804688,10.566384,3293867,-,9.768884,10.805121,10.768279,10.950280,3390805.32
05/01/1998,16.757812,16.992188,16.242188,16.500000,10.374803,5131733,-,9.762879,10.777710,10.769015,10.982701,3351253.32
04/30/1998,17.250000,17.437500,17.062500,17.179688,10.802176,1329067,-,9.761111,10.754868,10.791121,11.008491,3275680.00
04/29/1998,17.015625,17.156250,16.945312,17.109375,10.757961,1185067,-,9.755290,10.726573,10.800331,11.011438,3287520.00
04/28/1998,17.273438,17.390625,17.062500,17.191406,10.809543,1528533,-,9.747774,10.694447,10.807331,11.027648,3314826.66
04/27/1998,17.156250,17.437500,17.109375,17.250000,10.846385,1165867,-,9.738710,10.660699,10.809173,11.021017,3371200.00
04/24/1998,17.859375,18.000000,17.695312,18.000000,11.317966,1446933,-,9.728063,10.630341,10.818016,10.976069,3411605.32
04/23/1998,18.117188,18.304688,17.906250,17.953125,11.288492,1006933,-,9.708463,10.590551,10.806226,10.888384,3455978.66
04/22/1998,18.046875,18.398438,18.023438,18.351562,11.539020,1246400,-,9.689452,10.550172,10.800331,10.792594,3490080.00
04/21/1998,17.671875,17.906250,17.625000,17.812500,11.200071,1648533,-,9.668968,10.501540,10.784857,10.657014,3574058.66
04/20/1998,17.179688,17.390625,17.085938,17.320312,10.890593,849600,-,9.649147,10.461750,10.762015,10.586277,3645952.00
04/17/1998,16.921875,16.968750,16.851562,16.910156,10.632698,1025600,-,9.630136,10.422256,10.762752,10.555330,3792256.00
04/16/1998,17.156250,17.449219,16.968750,17.226562,10.831646,1677333,-,9.612636,10.384971,10.779331,10.573751,3884874.66
04/15/1998,17.343750,17.625000,17.156250,17.367188,10.920067,2097067,-,9.592962,10.347245,10.797016,10.589225,4005440.00
04/14/1998,16.828125,17.226562,16.828125,17.085938,10.743228,2595733,-,9.573141,10.305392,10.819121,10.587015,4051637.32
04/13/1998,16.710938,16.757812,16.265625,16.535156,10.396906,2828800,-,9.553320,10.254402,10.859648,10.597330,4028085.32
04/09/1998,16.593750,16.710938,16.453125,16.605469,10.441119,873067,-,9.535525,10.211223,10.906438,10.659963,4011690.66
04/08/1998,16.476562,16.593750,16.195312,16.429688,10.330591,2699733,-,9.518246,10.172907,10.927438,10.724068,4107797.32
04/07/1998,16.593750,16.687500,16.183594,16.195312,10.183223,3270933,-,9.500193,10.126043,10.934070,10.808068,4157354.66
04/06/1998,17.179688,17.250000,16.546875,16.687500,10.492699,4131200,-,9.483540,10.076233,10.951017,10.912701,4217760.00
04/03/1998,16.781250,16.898438,16.406250,16.828125,10.581121,4232000,-,9.463572,10.021706,10.952491,10.937754,4320426.66
04/02/1998,17.390625,17.460938,17.156250,17.203125,10.816911,2177600,-,9.441172,9.963053,10.962807,10.970175,4505589.32
04/01/1998,17.250000,17.578125,17.027344,17.472656,10.986384,2570133,-,9.417814,9.919726,10.933333,10.984912,4560437.32
03/31/1998,17.250000,17.531250,17.250000,17.332031,10.897964,978667,-,9.393093,9.871242,10.924859,11.004806,4591904.00
03/30/1998,17.390625,17.554688,17.039062,17.250000,10.846385,1290667,-,9.367303,9.812441,10.912701,11.051228,4624629.32
03/27/1998,17.578125,17.601562,17.226562,17.531250,11.023228,1185067,-,9.340776,9.755851,10.901280,11.121965,4696682.64
03/26/1998,17.625000,17.742188,17.507812,17.625000,11.082174,2432533,-,9.313476,9.699556,10.900543,11.152913,4870303.96
03/25/1998,18.070312,18.164062,17.531250,17.765625,11.170594,2162667,-,9.286397,9.640019,10.908648,11.130808,4873898.64
03/24/1998,17.601562,17.906250,17.484375,17.859375,11.229546,1889600,-,9.260681,9.571345,10.892806,11.060071,4920181.30
03/23/1998,17.203125,17.250000,17.015625,17.085938,10.743228,1159467,-,9.234449,9.494418,10.836069,10.989334,4941162.64
03/20/1998,17.542969,17.625000,17.156250,17.343750,10.905332,1816000,-,9.210649,9.436944,10.775648,10.967228,5015146.64
03/19/1998,17.765625,17.765625,17.390625,17.437500,10.964280,3059733,-,9.185486,9.381533,10.690173,10.955439,5052831.98
03/18/1998,17.859375,17.953125,17.589844,17.789062,11.185333,1836267,-,9.160507,9.329659,10.603594,10.881754,5070463.98
03/17/1998,18.187500,18.304688,17.812500,18.070312,11.362179,1891200,-,9.134644,9.281617,10.513699,10.844912,5275594.64
03/16/1998,18.351562,18.398438,18.046875,18.375000,11.553757,2828267,-,9.108633,9.214711,10.403171,10.774174,5259029.30
03/13/1998,17.648438,18.234375,17.625000,18.023438,11.332706,5681067,-,9.082696,9.142795,10.281592,10.680595,5256341.30
03/12/1998,17.109375,17.414062,16.992188,17.273438,10.861124,5542400,-,9.057643,9.076184,10.181380,10.648173,5179327.96
03/11/1998,16.734375,16.769531,16.453125,16.640625,10.463226,5625600,-,9.035980,9.013699,10.104748,10.686489,5129663.96
03/10/1998,16.734375,16.816406,16.546875,16.734375,10.522172,6136533,-,9.016085,8.953867,10.045063,10.725542,5027082.62
03/09/1998,16.875000,17.296875,16.652344,16.734375,10.522172,3666133,-,8.993243,8.891383,9.974326,10.682804,4918069.30
03/06/1998,16.546875,17.367188,16.429688,17.156250,10.787436,8749867,-,8.968485,8.827867,9.908747,10.584067,4895935.98
03/05/1998,16.335938,16.617188,16.125000,16.265625,10.227433,8918933,-,8.942032,8.766561,9.815167,10.424908,4787125.30
03/04/1998,16.781250,17.343750,16.757812,17.203125,10.816911,3043733,-,8.918158,8.712918,9.742219,10.325434,4716383.98
03/03/1998,16.617188,17.050781,16.570312,16.945312,10.654803,8704000,-,8.891705,8.641297,9.648640,10.182485,4760799.98
03/02/1998,17.554688,17.578125,16.757812,16.886719,10.617963,6092800,-,8.867389,8.576749,9.557271,10.032169,4659103.98
02/27/1998,17.250000,17.578125,17.179688,17.507812,11.008491,4090667,-,8.842078,8.514412,9.436060,9.882589,4667477.32
02/26/1998,17.484375,18.210938,17.484375,17.882812,11.244283,11101333,-,8.814741,8.440727,9.297533,9.714588,4765162.64
02/25/1998,17.179688,17.625000,17.015625,17.261719,10.853752,9569600,-,8.786889,8.356727,9.161584,9.523007,4815423.98
02/24/1998,15.539063,16.242188,15.539063,16.054688,10.094801,7566400,-,8.759110,8.277295,9.018268,9.364585,4908234.64
02/23/1998,15.000000,15.187500,14.882813,15.164063,9.534797,2509333,-,8.735236,8.226747,8.898162,9.265848,4905311.98
02/20/1998,14.695313,14.695313,14.390625,14.625000,9.195848,1316267,-,8.712983,8.200368,8.809740,9.233427,4930314.66
02/19/1998,14.906250,14.906250,14.531250,14.683594,9.232690,1353067,-,8.692130,8.183420,8.732371,9.205427,5012501.32
02/18/1998,14.718750,14.953125,14.671875,14.929688,9.387427,1921067,-,8.671314,8.167505,8.703266,9.159005,5088095.98
02/17/1998,14.671875,14.800781,14.507813,14.554688,9.151636,2550400,-,8.649467,8.136262,8.662002,9.114795,5151861.30
02/13/1998,14.648438,14.695313,14.437500,14.507813,9.122163,4347200,-,8.627361,8.114746,8.602318,9.082374,5168799.96
02/12/1998,14.882813,14.906250,14.531250,14.835938,9.328480,3186133,-,8.605182,8.088220,8.547054,8.989531,5171071.96
02/11/1998,14.531250,14.906250,14.507813,14.835938,9.328480,3665600,-,8.581235,8.057567,8.491054,8.880478,5219807.96
02/10/1998,14.179688,14.906250,14.109375,14.742188,9.269533,2712000,-,8.556108,8.018367,8.429896,8.800161,5213269.30
02/09/1998,14.882813,14.953125,14.343750,14.484375,9.107427,5445333,-,8.531277,7.973861,8.353264,8.671950,5402890.64
02/06/1998,14.531250,14.835938,14.367188,14.648438,9.210586,5243200,-,8.507955,7.942619,8.267053,8.530476,5412906.64
02/05/1998,14.625000,14.707031,14.062500,14.179688,8.915845,8164800,-,8.483603,7.912408,8.199999,8.386054,5389727.98
02/04/1998,13.968750,14.203125,13.757813,13.945313,8.768476,5656533,-,8.460134,7.892661,8.160947,8.259316,5448938.64
02/03/1998,13.617188,14.250000,13.523438,14.226563,8.945323,7705600,-,8.438213,7.880282,8.141052,8.247527,5475626.64
02/02/1998,13.570313,14.179688,13.406250,14.039063,8.827426,4406933,-,8.416402,7.860239,8.132946,8.209210,5478581.30
01/30/1998,13.007813,13.136719,12.855469,13.031250,8.193735,1418133,-,8.394628,7.850808,8.092420,8.122262,5581621.30
01/29/1998,13.218750,13.359375,12.937500,13.101563,8.237947,2009067,-,8.376023,7.869376,8.080630,8.104578,5675818.64
01/28/1998,12.820313,13.570313,12.796875,13.558594,8.525318,5678400,-,8.357970,7.872029,8.068841,8.101630,5747903.96
01/27/1998,12.468750,12.867188,12.375000,12.703125,7.987421,5177600,-,8.338296,7.869524,8.029419,8.059630,5836074.62
01/26/1998,12.621094,12.785156,12.105469,12.234375,7.692681,6291200,-,8.320133,7.863039,8.003630,8.034577,5866762.62
01/23/1998,12.585938,12.703125,12.140625,12.351563,7.766365,9264533,-,8.303922,7.878955,7.988893,8.003630,5817994.62
01/22/1998,13.078125,13.265625,12.093750,12.164063,7.648469,13490133,-,8.289480,7.891187,7.967893,8.013945,5740309.30
01/21/1998,13.054688,14.062500,13.054688,13.757813,8.650581,4920000,-,8.275591,7.910934,7.971577,8.062577,5583765.30
01/20/1998,13.007813,13.652344,12.890625,13.617188,8.562160,4143467,-,8.257317,7.920661,7.916313,8.034577,5616725.30
01/16/1998,13.125000,13.289063,12.609375,12.656250,7.957945,2614933,-,8.238196,7.946598,7.849997,8.056683,5640575.96
01/15/1998,12.796875,13.664063,12.585938,12.750000,8.016892,4893333,-,8.219553,7.974009,7.823471,8.062577,5687935.96
01/14/1998,12.703125,13.546875,12.164063,13.054688,8.208473,9866133,-,8.200248,7.996998,7.797681,8.056683,5706047.96
01/13/1998,12.503906,12.914063,12.281250,12.890625,8.105315,2612267,-,8.180722,8.005546,7.753470,8.036051,5642623.96
01/12/1998,11.390625,12.445313,11.367188,12.304688,7.736892,4476800,-,8.162300,8.010556,7.700417,7.999209,5745717.28
01/09/1998,12.421875,12.492188,11.648438,11.742188,7.383204,2938667,-,8.145611,8.042093,7.657680,7.972682,5814218.62
01/08/1998,12.656250,13.031250,12.375000,12.515625,7.869522,4858667,-,8.130321,8.078346,7.666891,7.974156,5991701.28
01/07/1998,13.007813,13.195313,12.468750,12.937500,8.134789,3700267,-,8.111348,8.085714,7.684207,7.921840,6084202.60
01/06/1998,13.523438,13.687500,13.148438,13.312500,8.370581,3941333,-,8.090826,8.114894,7.694891,7.880576,6538271.92
01/05/1998,13.007813,14.484375,12.890625,13.968750,8.783215,12092800,-,8.069237,8.156747,7.698207,7.798049,6622655.92
01/02/1998,12.632813,12.796875,12.304688,12.750000,8.016892,1062933,-,8.045289,8.207442,7.650312,7.643312,6479082.58
12/31/1997,12.843750,13.001953,12.468750,12.656250,7.957945,2693867,-,8.025615,8.269631,7.653259,7.584364,6573077.26
12/30/1997,12.492188,12.796875,12.304688,12.726563,8.002155,1830400,-,8.007084,8.318853,7.645154,7.538680,6797365.26
12/29/1997,12.140625,12.421875,12.023438,12.304688,7.736892,3059200,-,7.989142,8.370137,7.634838,7.470890,7179669.26
12/26/1997,11.812500,12.000000,11.812500,11.882813,7.471627,496533,-,7.972562,8.435569,7.616417,7.401626,7281781.26
12/24/1997,12.000000,12.000000,11.718750,11.765625,7.397941,685867,-,7.956720,8.516033,7.595048,7.342679,7302741.26
12/23/1997,12.000000,12.117188,11.648438,11.683594,7.346362,2559467,-,7.941394,8.600328,7.602417,7.359626,7376618.58
12/22/1997,12.187500,12.304688,11.742188,12.281250,7.722154,3309333,-,7.927504,8.688603,7.620101,7.446574,7356469.24
12/19/1997,11.250000,12.187500,11.179688,12.000000,7.545311,5381867,-,7.912878,8.770540,7.630417,7.509206,7334154.58
12/18/1997,11.437500,11.812500,11.390625,11.507813,7.235836,5264533,-,7.898251,8.863088,7.660628,7.598364,7298047.90
12/17/1997,12.164063,12.328125,11.625000,11.812500,7.427417,3619200,-,7.883846,8.957846,7.695996,7.657312,7255807.90
12/16/1997,11.437500,12.257813,11.390625,11.929688,7.501101,6511467,-,7.868078,9.044794,7.742418,7.722154,7230399.90
12/15/1997,11.343750,11.929688,10.593750,11.648438,7.324257,8974933,-,7.850504,9.130563,7.823471,7.751628,7156789.22
12/12/1997,11.531250,11.648438,10.898438,11.203125,7.044256,13614400,-,7.833519,9.221637,7.875787,7.798786,7029663.90
12/11/1997,11.718750,11.765625,10.570313,10.945313,6.882148,14210133,-,7.817898,9.315954,7.943577,7.831207,6803829.24
12/10/1997,12.890625,13.007813,11.812500,12.035156,7.567417,7420267,-,7.803696,9.407028,7.982630,7.847418,6632874.58
12/09/1997,13.218750,13.558594,12.820313,13.066406,8.215840,3759467,-,7.786269,9.488523,8.028682,7.845207,6531263.90
12/08/1997,13.406250,13.687500,13.125000,13.277344,8.348473,5425600,-,7.766227,9.559703,8.036788,7.793628,6558655.90
12/05/1997,12.492188,13.500000,12.480469,13.417969,8.436894,5132800,-,7.745816,9.628230,8.051156,7.751628,6632597.24
12/04/1997,12.820313,13.031250,12.281250,12.445313,7.825314,5109333,-,7.725295,9.707662,8.086157,7.722891,6615125.24
12/03/1997,12.609375,12.984375,12.292969,12.843750,8.075838,3397333,-,7.707463,9.797557,8.187841,7.734681,6610069.24
12/02/1997,12.562500,12.656250,11.871094,12.398438,7.795839,4460800,-,7.688748,9.885389,8.250473,7.762681,6641375.92
12/01/1997,12.375000,12.468750,11.718750,12.398438,7.795839,5622933,-,7.671505,9.964969,8.319000,7.895314,6619605.26
11/28/1997,11.695313,11.953125,11.507813,11.718750,7.368467,3338667,-,7.654263,10.035116,8.361000,7.952788,6550527.94
11/26/1997,11.976563,12.140625,11.062500,11.203125,7.044256,12193067,-,7.638642,10.111454,8.410369,8.055946,6542229.26
11/25/1997,12.515625,12.515625,11.671875,12.000000,7.545311,5946133,-,7.624734,10.191770,8.523844,8.117841,6342975.92
11/24/1997,12.585938,12.656250,12.187500,12.246094,7.700049,4084267,-,7.606460,10.268697,8.606370,8.212158,6305237.26
11/21/1997,13.453125,13.476563,12.281250,12.609375,7.928472,11125333,-,7.588592,10.334571,8.633265,8.279947,6276426.58
11/20/1997,13.078125,13.453125,12.750000,12.960938,8.149527,6990933,-,7.569728,10.393519,8.716529,8.350685,6166869.26
11/19/1997,12.984375,13.125000,12.562500,12.632813,7.943209,7853333,-,7.549207,10.447456,8.832214,8.449422,6097983.94
11/18/1997,14.062500,14.179688,13.148438,13.289063,8.355843,9558933,-,7.529754,10.502572,9.000952,8.641002,6012394.62
11/17/1997,13.781250,14.812500,13.781250,14.507813,9.122163,6128000,-,7.509565,10.547077,9.139479,8.738266,5947903.96
11/14/1997,13.265625,13.804688,12.937500,13.312500,8.370581,5613333,-,7.485986,10.563288,9.204321,8.742687,5923327.96
11/13/1997,12.843750,13.382813,11.906250,13.359375,8.400053,10086933,-,7.465686,10.601015,9.314112,8.769213,5849418.64
11/12/1997,13.171875,13.500000,12.023438,12.187500,7.663206,6712000,-,7.444022,10.642278,9.444533,8.764792,5714858.64
11/11/1997,13.593750,13.875000,13.101563,13.500000,8.488474,3852800,-,7.425712,10.700342,9.636114,8.929846,5638815.98
11/10/1997,14.390625,14.414063,13.312500,13.324219,8.377948,5380267,-,7.403238,10.738068,9.792325,9.000583,5624959.98
11/07/1997,13.687500,14.156250,13.359375,13.734375,8.635843,5662933,-,7.380985,10.770932,9.961432,8.986583,5591946.64
11/06/1997,15.421875,15.539063,14.437500,14.531250,9.136899,6568000,-,7.357553,10.803353,10.120591,9.082373,5570975.98
11/05/1997,14.953125,16.382812,14.812500,15.679688,9.859011,5336000,-,7.330106,10.833416,10.272381,9.215006,5502911.98
11/04/1997,14.460938,15.046875,13.968750,14.835938,9.328480,4982933,-,7.298790,10.851395,10.378119,9.360902,5444405.32
11/03/1997,14.156250,14.601563,13.992188,14.578125,9.166373,5798933,-,7.270292,10.877922,10.500435,9.540692,5404330.66
10/31/1997,14.250000,14.390625,13.195313,13.734375,8.635843,6694933,-,7.242255,10.913585,10.631594,9.665956,5390730.66
10/30/1997,13.968750,14.460938,13.218750,13.289063,8.355843,7766933,-,7.216908,10.959564,10.793700,9.859010,5436234.66
10/29/1997,15.000000,15.492188,14.414063,14.812500,9.313744,7901867,-,7.193292,11.027649,10.963912,10.124275,5434538.66
10/28/1997,12.843750,15.234375,12.773438,14.625000,9.195848,11812800,-,7.164407,11.052702,11.070018,10.342381,5354303.98
10/27/1997,14.507813,14.835938,13.101563,13.101563,8.237947,9483733,-,7.135155,11.080702,11.192334,10.584067,5197215.98
10/24/1997,16.828125,16.828125,13.875000,15.257813,9.593746,26403733,-,7.110175,11.122850,11.369178,10.936280,5083157.32
10/23/1997,16.968750,17.437500,16.312500,16.640625,10.463226,8160533,-,7.078454,11.141713,11.478231,11.158808,4665440.00
10/22/1997,17.882812,18.070312,17.578125,18.000000,11.317966,4914133,-,7.042238,11.147902,11.575495,11.329756,4663264.00
10/21/1997,17.250000,17.812500,16.898438,17.695312,11.126386,5762667,-,7.001454,11.112828,11.625600,11.395335,4630869.34
10/20/1997,16.875000,17.039062,15.984375,16.570312,10.419012,13908267,-,6.961959,11.079523,11.692653,11.460178,4593610.66
10/17/1997,17.531250,17.531250,15.539063,16.804688,10.566384,20945600,-,6.925816,11.061102,11.760443,11.597232,4422527.98
10/16/1997,18.585938,18.632812,16.992188,17.507812,11.008491,8164800,-,6.888163,11.046365,11.797286,11.728390,4031093.32
10/15/1997,18.164062,18.515625,18.164062,18.281250,11.494809,1544533,-,6.847711,11.030449,11.806128,11.803549,3895807.98
10/14/1997,19.054688,19.101562,18.046875,18.468750,11.612706,4379733,-,6.804918,11.006575,11.784391,11.797654,3927498.66
10/13/1997,18.937500,19.031250,18.562500,18.703125,11.760077,1552000,-,6.761555,10.973085,11.773338,11.800602,3898826.66
10/10/1997,19.101562,19.593750,18.679688,18.796875,11.819022,2193600,-,6.717307,10.935359,11.735022,11.802075,3928160.00
10/09/1997,18.796875,19.828125,18.750000,19.359375,12.172708,3576533,-,6.672802,10.889969,11.687864,11.797654,3917056.00
10/08/1997,18.960938,19.207031,18.210938,19.042969,11.973761,3152533,-,6.626528,10.836916,11.621547,11.821233,3930816.00
10/07/1997,18.843750,19.148438,18.632812,18.726562,11.774812,2348800,-,6.581322,10.789905,11.557810,11.855865,3912512.00
10/06/1997,19.312500,19.453125,18.656250,18.750000,11.789548,2830933,-,6.537111,10.755126,11.498126,11.925129,3927690.66
10/03/1997,18.937500,19.125000,18.492188,18.890625,11.877969,2618667,-,6.492016,10.722705,11.405283,11.923655,3900682.66
10/02/1997,18.351562,18.890625,18.234375,18.703125,11.760077,2322667,-,6.446590,10.688515,11.324230,11.866181,3957887.98
10/01/1997,18.773438,19.125000,18.000000,18.187500,11.435863,5662400,-,6.401716,10.663168,11.259387,11.808707,4097919.98
09/30/1997,18.773438,19.031250,18.515625,18.515625,11.642180,2339733,-,6.358721,10.625441,11.215913,11.771127,4059210.64
09/29/1997,18.468750,19.148438,18.351562,18.726562,11.774812,5129067,-,6.315210,10.572093,11.152544,11.746074,4123103.98
09/26/1997,19.429688,19.500000,18.468750,18.726562,11.774812,9122667,-,6.271183,10.510346,11.064860,11.667968,4161343.98
09/25/1997,19.500000,20.156250,19.359375,19.734375,12.408501,4259200,-,6.226972,10.462156,10.988964,11.578073,4207775.98
09/24/1997,19.828125,20.203125,19.242188,19.593750,12.320078,4856533,-,6.179298,10.414408,10.900543,11.421862,4259423.98
09/23/1997,18.937500,20.039062,18.937500,19.828125,12.467446,4962667,-,6.132103,10.360766,10.822437,11.259755,4227605.32
09/22/1997,18.304688,18.914062,18.234375,18.726562,11.774812,3372267,-,6.084098,10.296513,10.731805,11.071123,4184287.98
09/19/1997,17.671875,18.140625,17.671875,17.976562,11.303229,2169067,-,6.038561,10.240954,10.690541,10.886911,4220629.30
09/18/1997,17.625000,17.859375,17.578125,17.789062,11.185333,2923733,-,5.995050,10.189228,10.672120,10.782279,4313461.30
09/17/1997,17.976562,17.976562,17.531250,17.589844,11.060070,2230400,-,5.952276,10.113480,10.700857,10.710068,4289663.98
09/16/1997,17.625000,18.515625,17.578125,18.117188,11.391649,4059200,-,5.909907,10.042006,10.676173,10.660699,4290517.32
09/15/1997,17.765625,17.765625,17.062500,17.484375,10.993752,2643733,-,5.865954,9.963016,10.636383,10.559015,4251114.66
09/12/1997,17.437500,17.460938,16.875000,17.296875,10.875860,5647467,-,5.823659,9.887858,10.603962,10.461751,4234400.00
09/11/1997,16.968750,17.484375,16.945312,17.250000,10.846385,3546667,-,5.781991,9.812110,10.587015,10.399856,4188960.00
09/10/1997,17.015625,17.296875,16.734375,17.015625,10.699016,3573867,-,5.740838,9.737835,10.583330,10.379224,4154560.00
09/09/1997,16.125000,16.992188,16.007812,16.828125,10.581121,6334400,-,5.700716,9.661793,10.526593,10.385118,4104970.66
09/08/1997,16.382812,16.617188,15.703125,15.796875,9.932693,4899200,-,5.659379,9.589287,10.470593,10.392487,4019488.00
09/05/1997,16.734375,17.062500,16.078125,16.312500,10.256906,1917867,-,5.620916,9.526213,10.448856,10.494172,3940405.34
09/04/1997,16.500000,17.039062,16.335938,16.640625,10.463226,3358933,-,5.580887,9.457834,10.427487,10.561962,3969504.00
09/03/1997,16.546875,17.273438,16.171875,16.804688,10.566384,2909867,-,5.539955,9.388275,10.414961,10.691647,3962560.00
09/02/1997,16.359375,16.804688,16.265625,16.500000,10.374803,3160000,-,5.498507,9.311349,10.401697,10.691647,3956181.32
08/29/1997,16.101562,16.195312,15.679688,15.937500,10.021117,3729600,-,5.457796,9.240906,10.379868,10.713752,3968469.32
08/28/1997,16.687500,16.687500,16.242188,16.312500,10.256906,4614400,-,5.418965,9.170463,10.372500,10.746173,3956351.98
08/27/1997,17.062500,17.203125,16.687500,16.921875,10.640066,3164800,-,5.378954,9.087347,10.337131,10.774174,3931509.32
08/26/1997,17.109375,17.460938,16.898438,17.109375,10.757961,2410667,-,5.336512,8.997452,10.281131,10.787437,3953855.98
08/25/1997,17.718750,17.812500,16.804688,16.945312,10.654803,2979200,-,5.293332,8.903135,10.224394,10.668068,3948373.30
08/22/1997,17.156250,17.554688,16.804688,17.414062,10.949543,5118933,-,5.250632,8.804840,10.193446,10.548699,3965066.64
08/21/1997,18.421875,18.656250,17.320312,17.390625,10.934806,8970133,-,5.206569,8.696671,10.154393,10.403540,3980586.64
08/20/1997,17.156250,18.890625,17.062500,18.703125,11.760077,7682133,-,5.162505,8.589239,10.116077,10.293013,3989802.64
08/19/1997,16.828125,17.132812,16.570312,16.804688,10.566384,3890133,-,5.114242,8.467364,10.052708,10.138275,3956319.98
08/18/1997,16.757812,17.203125,16.289062,16.851562,10.595858,3958400,-,5.071984,8.376585,10.001866,10.111748,3912639.98
08/15/1997,16.242188,16.992188,16.242188,16.453125,10.345329,3780800,-,5.029615,8.284332,9.920813,10.045985,3857279.98
08/14/1997,16.640625,17.203125,16.125000,16.757812,10.536908,5517867,-,4.988388,8.197089,9.837918,9.998826,3848362.64
08/13/1997,15.375000,17.296875,15.351563,17.132812,10.772701,8051733,-,4.946277,8.103804,9.779338,9.900089,3788106.64
08/12/1997,15.187500,15.445313,15.093750,15.210938,9.564271,3294400,-,4.903061,8.007719,9.741759,9.774825,3682911.98
08/11/1997,15.281250,15.445313,14.812500,15.046875,9.461112,3899733,-,4.865777,7.936687,9.745443,9.780720,3656522.64
08/08/1997,15.515625,15.632813,14.718750,15.105469,9.497955,5354133,-,4.829229,7.870666,9.735128,9.838194,3768895.98
08/07/1997,16.382812,16.382812,15.492188,15.632813,9.829536,1373867,-,4.792424,7.808034,9.710075,9.905247,3699370.66
08/06/1997,16.453125,16.453125,16.078125,16.242188,10.212695,1400533,-,4.753960,7.737886,9.654443,9.939141,3736159.98
08/05/1997,16.007812,16.640625,15.796875,16.382812,10.301117,3129067,-,4.713839,7.664201,9.513705,9.967142,3827690.66
08/04/1997,15.515625,15.984375,15.351563,15.805664,9.938221,2946133,-,4.673386,7.587864,9.372967,9.891984,3993674.66
08/01/1997,15.117188,15.867188,14.765625,15.703125,9.873745,3018667,-,4.634416,7.508174,9.248164,9.795641,4078720.00
07/31/1997,15.445313,15.445313,15.093750,15.187500,9.549535,1638400,-,4.596174,7.422110,9.116268,9.677009,4110986.66
07/30/1997,14.929688,15.632813,14.906250,15.140625,9.520061,4264533,-,4.560068,7.341057,8.993215,9.658588,4140458.66
07/29/1997,15.750000,15.750000,15.164063,15.304688,9.623219,2237333,-,4.523963,7.259709,8.873846,9.708694,4092949.34
07/28/1997,16.078125,16.078125,15.843750,15.960938,10.035852,3107733,-,4.487305,7.177772,8.737529,9.710167,4121493.34
07/25/1997,16.148438,16.312500,15.820313,16.171875,10.168485,1480533,-,4.448620,7.092887,8.583528,9.632061,4136725.34
07/24/1997,16.171875,16.453125,15.902344,16.171875,10.168485,5478933,-,4.409420,7.000634,8.414054,9.514903,4171968.02
07/23/1997,16.617188,16.875000,15.867188,16.687500,10.492699,9324267,-,4.370220,6.908086,8.247526,9.369744,4174602.70
07/22/1997,14.343750,15.328125,14.343750,15.187500,9.549535,3726933,-,4.329546,6.811706,8.072157,9.060268,4068544.02
07/21/1997,13.968750,14.742188,13.898438,14.273438,8.974794,5534400,-,4.293846,6.726674,7.930682,8.853951,4079530.70
07/18/1997,14.812500,14.812500,13.804688,13.816406,8.687426,7041067,-,4.260945,6.653579,7.824576,8.700687,4057120.04
07/17/1997,14.460938,15.000000,14.296875,14.894531,9.365323,11444267,-,4.228856,6.581515,7.715154,8.555528,3996661.36
07/16/1997,16.382812,16.453125,15.210938,15.937500,10.021117,6841600,-,4.193008,6.494715,7.551943,8.327842,3876704.02
07/15/1997,15.257813,15.351563,14.882813,15.328125,9.637957,3265600,-,4.154121,6.395683,7.358152,8.038998,3848117.36
07/14/1997,14.414063,14.859375,14.296875,14.718750,9.254794,2796800,-,4.117131,6.303282,7.178361,7.764891,3873450.70
07/11/1997,14.156250,14.566406,13.921875,14.308594,8.996899,5189333,-,4.082573,6.212797,7.002623,7.534995,3862378.70
07/10/1997,13.078125,13.875000,12.750000,13.863281,8.716897,6810667,-,4.048936,6.126586,6.829833,7.313204,3889749.38
07/09/1997,11.953125,12.046875,11.718750,11.765625,7.397941,1733867,-,4.016552,6.043028,6.672148,7.125308,3820928.04
07/08/1997,11.906250,11.953125,11.812500,11.906250,7.486363,2273067,-,3.990467,5.981133,6.585568,7.084045,3861258.70
07/07/1997,12.210938,12.304688,11.660156,11.835938,7.442152,2089067,-,3.964236,5.917469,6.512620,7.007413,3868853.36
07/03/1997,11.273438,11.601563,11.273438,11.507813,7.235836,1808000,-,3.937709,5.857490,6.439673,6.948465,3912362.68
07/02/1997,11.343750,11.343750,11.085938,11.273438,7.088467,3375467,-,3.912325,5.799574,6.377041,6.874781,3970602.68
07/01/1997,10.851563,11.390625,10.851563,11.343750,7.132677,1826667,-,3.887346,5.742247,6.316251,6.776043,4079093.34
06/30/1997,10.992188,11.015625,10.781250,10.968750,6.896886,1094400,-,3.861925,5.687278,6.258040,6.677306,4076586.66
06/27/1997,10.898438,11.203125,10.898438,11.062500,6.955833,2060267,-,3.837498,5.641004,6.213829,6.591831,4119957.32
06/26/1997,10.875000,10.992188,10.687500,10.781250,6.778991,945067,-,3.812887,5.591341,6.174039,6.470251,4119498.64
06/25/1997,10.992188,11.085938,10.664063,10.875000,6.837938,3372800,-,3.789308,5.545214,6.153407,6.346461,4178442.64
06/24/1997,10.828125,11.156250,10.828125,11.109375,6.985307,3011733,-,3.766024,5.501003,6.127618,6.218987,4166047.98
06/23/1997,11.132813,11.203125,10.617188,10.687500,6.720042,2590933,-,3.741561,5.453108,6.104776,6.087091,4166634.66
06/20/1997,10.359375,10.992188,10.289063,10.898438,6.852676,3774400,-,3.718166,5.405803,6.092986,6.017828,4193920.00
06/19/1997,9.867188,10.441406,9.750000,10.335938,6.498988,3123733,-,3.693702,5.357760,6.048038,5.930880,4183989.34
06/18/1997,9.703125,9.960938,9.539063,9.703125,6.101090,3372267,-,3.671818,5.325339,6.001617,5.879301,4174933.34
06/17/1997,9.632813,10.078125,9.468750,9.773438,6.145303,4282133,-,3.652144,5.300728,5.971406,5.856458,4154549.34
06/16/1997,9.117188,9.632813,9.117188,9.609375,6.042142,2136533,-,3.632765,5.277739,5.936774,5.838774,4191317.34
06/13/1997,8.929688,9.375000,8.835938,9.128906,5.740036,3813867,-,3.613902,5.251654,5.910985,5.835827,4313173.34
06/12/1997,9.023438,9.187500,8.812500,8.812500,5.541087,5894933,-,3.596549,5.221444,5.913564,5.877827,4302517.34
06/11/1997,9.140625,9.140625,8.765625,8.847656,5.563193,9430933,-,3.580154,5.193738,5.914301,5.960354,4275392.02
06/10/1997,9.234375,9.445313,8.718750,9.011719,5.666353,6008000,-,3.563686,5.168538,5.913196,6.036249,4128650.70
06/09/1997,9.515625,9.796875,9.515625,9.585938,6.027407,1706133,-,3.546628,5.143633,5.913564,6.122460,4065792.04
06/06/1997,9.421875,9.609375,9.187500,9.515625,5.983196,1190400,-,3.527765,5.111064,5.877090,6.168144,4186826.72
06/05/1997,9.632813,9.632813,9.421875,9.515625,5.983196,3334933,-,3.508938,5.077906,5.843932,6.165197,4250464.06
06/04/1997,9.468750,9.515625,9.304688,9.339844,5.872668,2505067,-,3.490296,5.039737,5.798984,6.123934,4211349.40
06/03/1997,9.398438,9.656250,9.328125,9.492188,5.968459,2792000,-,3.472077,5.002895,5.756616,6.086354,4184693.40
06/02/1997,9.750000,9.750000,9.328125,9.562500,6.012670,1974933,-,3.453067,4.964579,5.711668,6.034775,4199253.40
05/30/1997,9.445313,9.867188,9.234375,9.796875,6.160039,9518400,-,3.433982,4.924200,5.661931,5.986143,4280565.40
05/29/1997,10.125000,10.359375,10.007813,10.125000,6.366356,1877867,-,3.414309,4.882642,5.590457,5.949301,4237290.74
05/28/1997,10.265625,10.382813,9.984375,10.054688,6.322146,3213333,-,3.393640,4.840347,5.506456,5.868248,4263157.40
05/27/1997,10.289063,10.570313,9.937500,10.382813,6.528462,5977067,-,3.373266,4.802178,5.417298,5.790142,4229824.08
05/23/1997,9.468750,10.453125,9.421875,10.312500,6.484252,11428267,-,3.352487,4.760030,5.306034,5.704668,4145504.08
05/22/1997,8.859375,9.750000,8.789063,9.468750,5.953722,7198400,-,3.332224,4.716409,5.196981,5.586036,3991157.40
05/21/1997,9.000000,9.000000,8.742188,8.859375,5.570562,4632000,-,3.314429,4.683988,5.121454,5.522667,3953109.40
05/20/1997,8.695313,8.812500,8.601563,8.742188,5.496877,3112000,-,3.298071,4.663945,5.059927,5.474035,3920949.40
05/19/1997,8.718750,8.812500,8.531250,8.671875,5.452666,1889067,-,3.282450,4.649945,4.996190,5.426877,3992576.06
05/16/1997,9.070313,9.140625,8.625000,8.789063,5.526352,3664533,-,3.266976,4.633293,4.942768,5.388561,4040554.72
05/15/1997,8.765625,9.234375,8.718750,9.210938,5.791616,3869333,-,3.250802,4.609861,4.895610,5.337718,4023690.72
05/14/1997,8.859375,8.906250,8.718750,8.835938,5.555825,3242667,-,3.232971,4.579503,4.829662,5.231612,3998826.72
05/13/1997,9.328125,9.375000,8.671875,8.812500,5.541087,5610667,-,3.216097,4.548113,4.775504,5.144664,3967978.72
05/12/1997,8.906250,9.093750,8.765625,9.023438,5.673720,4021333,-,3.199223,4.515839,4.729820,5.044453,3879616.04
05/09/1997,8.718750,8.882813,8.308594,8.425781,5.297929,4276267,-,3.181539,4.480765,4.675661,4.907400,3932245.38
05/08/1997,7.992188,8.671875,7.992188,8.460938,5.320034,4413867,-,3.165291,4.455639,4.628503,4.807925,3865386.70
05/07/1997,8.062500,8.226563,8.015625,8.085938,5.084243,4018133,-,3.149523,4.430881,4.585029,4.720241,3833386.70
05/06/1997,7.968750,8.179688,7.910156,7.992188,5.025296,5446400,-,3.135302,4.413344,4.574713,4.645819,3777706.70
05/05/1997,7.863281,8.097656,7.781250,8.062500,5.069506,5412267,-,3.121449,4.398165,4.566976,4.565503,3691882.70
05/02/1997,7.476563,7.980469,7.441406,7.980469,5.017926,4532267,-,3.107670,4.383428,4.563292,4.496976,3612224.02
05/01/1997,7.453125,7.605469,7.382813,7.523438,4.730556,2243200,-,3.093817,4.368249,4.549292,4.453502,3543637.34
04/30/1997,7.171875,7.628906,7.160156,7.453125,4.686346,6557867,-,3.081696,4.360291,4.524239,4.427712,3520170.68
04/29/1997,6.984375,7.289063,6.937500,7.218750,4.538976,3369600,-,3.069464,4.353512,4.497713,4.406344,3443584.00
04/28/1997,6.937500,6.996094,6.761719,6.843750,4.303185,3750400,-,3.057601,4.349680,4.485923,4.415186,3422400.00
04/25/1997,7.054688,7.101563,6.826172,6.843750,4.303185,2652800,-,3.047654,4.348501,4.491818,4.443923,3449173.34
04/24/1997,7.066406,7.218750,6.902344,7.066406,4.443186,4264533,-,3.038001,4.347691,4.496607,4.449081,3475285.34
04/23/1997,6.867188,7.042969,6.726563,6.902344,4.340028,4720000,-,3.027980,4.336638,4.490713,4.449818,3441450.68
04/22/1997,6.984375,6.984375,6.621094,6.714844,4.222133,8800000,-,3.018880,4.332364,4.477449,4.503607,3376725.34
04/21/1997,7.324219,7.335938,6.972656,6.972656,4.384237,1701333,-,3.010001,4.331038,4.467870,4.568450,3242538.68
04/18/1997,7.265625,7.289063,7.183594,7.289063,4.583187,3262933,-,3.000238,4.324259,4.451291,4.629608,3263146.68
04/17/1997,7.125000,7.312500,7.042969,7.113281,4.472661,2037333,-,2.989111,4.313648,4.421817,4.645082,3254314.68
04/16/1997,7.300781,7.417969,7.019531,7.113281,4.472661,3892267,-,2.978979,4.310554,4.402291,4.620766,3279424.02
04/15/1997,7.371094,7.593750,7.300781,7.359375,4.627397,2753067,-,2.969032,4.309227,4.391238,4.589081,3261632.02
04/14/1997,6.972656,7.406250,6.890625,7.300781,4.590555,3041067,-,2.957979,4.302890,4.380554,4.556660,3263189.34
04/11/1997,7.125000,7.148438,6.843750,6.925781,4.354764,3955200,-,2.947111,4.292427,4.372080,4.539713,3287722.66
04/10/1997,7.546875,7.617188,7.078125,7.078125,4.450555,3277867,-,2.937090,4.285353,4.369501,4.544134,3226816.00
04/09/1997,7.699219,7.945313,7.699219,7.757813,4.877924,2670933,-,2.926921,4.276217,4.363607,4.531607,3265194.66
04/08/1997,7.523438,7.769531,7.523438,7.746094,4.870558,2353067,-,2.914984,4.257206,4.348133,4.451291,3362410.66
04/07/1997,7.734375,8.062500,7.734375,7.945313,4.995821,6120533,-,2.903305,4.238785,4.344449,4.367291,3436287.98
04/04/1997,6.703125,7.546875,6.679688,7.535156,4.737924,8229333,-,2.891147,4.211816,4.325659,4.272974,3485119.98
04/03/1997,6.597656,6.761719,6.492188,6.726563,4.229500,3281067,-,2.880058,4.188974,4.306501,4.198553,3374826.66
04/02/1997,6.679688,6.703125,6.515625,6.609375,4.155816,4538667,-,2.871695,4.176963,4.308712,4.183816,3364458.66
04/01/1997,6.960938,7.101563,6.808594,6.843750,4.303185,2093867,-,2.864252,4.165026,4.300238,4.193395,3304255.98
03/31/1997,7.054688,7.125000,7.013672,7.031250,4.421081,2865067,-,2.856479,4.150290,4.281448,4.204448,3297877.30
03/27/1997,7.335938,7.335938,6.984375,6.996094,4.398975,7757867,-,2.848300,4.134521,4.256396,4.204448,3304554.62
03/26/1997,6.726563,6.890625,6.644531,6.878906,4.325290,4372267,-,2.840158,4.117279,4.238527,4.194869,3181930.62
03/25/1997,6.445313,6.550781,6.445313,6.480469,4.074763,1379200,-,2.831905,4.097679,4.226369,4.195606,3153279.94
03/24/1997,6.421875,6.468750,6.269531,6.410156,4.030551,1172267,-,2.825752,4.081026,4.233001,4.244974,3141717.28
03/21/1997,6.515625,6.550781,6.398438,6.445313,4.052658,3520000,-,2.819710,4.065405,4.244790,4.321607,3124757.28
03/20/1997,6.457031,6.656250,6.351563,6.351563,3.993711,6040533,-,2.813815,4.048752,4.258790,4.378344,3072831.94
03/19/1997,6.562500,6.609375,6.328125,6.492188,4.082131,7354667,-,2.808326,4.032099,4.272054,4.414449,3013717.28
03/18/1997,6.984375,7.054688,6.656250,6.761719,4.251606,3171200,-,2.802357,4.015004,4.284580,4.433607,2917269.28
03/17/1997,7.089844,7.136719,6.937500,7.019531,4.413712,1546667,-,2.795173,3.993783,4.289369,4.407081,2923157.28
03/14/1997,7.054688,7.183594,7.007813,7.031250,4.421081,1761067,-,2.787031,3.966225,4.286054,4.358449,2913493.28
03/13/1997,6.984375,7.218750,6.843750,6.843750,4.303185,3710933,-,2.778631,3.936162,4.277211,4.308343,2916095.94
03/12/1997,7.054688,7.359375,6.878906,6.890625,4.332659,5296000,-,2.770562,3.908825,4.275185,4.282185,2861567.94
03/11/1997,7.570313,7.570313,7.160156,7.265625,4.568449,3024000,-,2.762328,3.880972,4.253080,4.257132,2783338.60
03/10/1997,8.097656,8.109375,7.546875,7.628906,4.796873,6693333,-,2.752970,3.847814,4.230974,4.221027,2743509.26
03/07/1997,6.960938,7.593750,6.960938,7.347656,4.620028,4288000,-,2.741917,3.810235,4.198921,4.167974,2626687.94
03/06/1997,7.042969,7.113281,6.902344,6.925781,4.354764,2821333,-,2.732560,3.776192,4.170184,4.139237,2550037.28
03/05/1997,6.585938,6.808594,6.562500,6.796875,4.273713,2626133,-,2.724602,3.747750,4.155079,4.129658,2507327.96
03/04/1997,6.234375,6.339844,6.234375,6.339844,3.986341,1700267,-,2.717233,3.720929,4.157290,4.135553,2564906.64
03/03/1997,6.257813,6.304688,6.210938,6.246094,3.927394,1192533,-,2.711301,3.696613,4.178290,4.171658,2581013.30
02/28/1997,6.269531,6.281250,6.187500,6.234375,3.920026,6652800,-,2.705591,3.673918,4.197448,4.213658,2667626.64
02/27/1997,6.445313,6.457031,6.421875,6.427734,4.041605,933333,-,2.699991,3.651223,4.204816,4.246080,2623573.30
02/26/1997,6.597656,6.597656,6.433594,6.492188,4.082131,2813867,-,2.693046,3.627128,4.202790,4.268185,2660799.98
02/25/1997,6.750000,6.761719,6.667969,6.691406,4.207395,1234133,-,2.685825,3.604286,4.198369,4.249027,2643882.64
02/24/1997,6.820313,6.867188,6.703125,6.785156,4.266342,1155200,-,2.677830,3.579528,4.184369,4.240922,2746261.32
02/21/1997,6.843750,6.937500,6.820313,6.890625,4.332659,1429333,-,2.669762,3.552854,4.168526,4.229869,2835370.66
02/20/1997,6.914063,6.914063,6.703125,6.773438,4.258975,1102933,-,2.661583,3.523675,4.134263,4.201132,2959765.34
02/19/1997,6.890625,6.949219,6.878906,6.890625,4.332659,1069867,-,2.653698,3.496117,4.101105,4.180500,3149824.02
02/18/1997,6.902344,6.960938,6.820313,6.914063,4.347396,2728533,-,2.645114,3.466790,4.065921,4.179026,3279530.68
02/14/1997,6.691406,6.937500,6.667969,6.914063,4.347396,2310400,-,2.636235,3.433190,4.026499,4.184921,3307733.36
02/13/1997,6.843750,6.949219,6.714844,6.750000,4.244237,5089067,-,2.627393,3.398264,3.987446,4.181237,3344128.02
02/12/1997,6.292969,6.785156,6.281250,6.779297,4.262659,3958400,-,2.619214,3.365990,3.956867,4.163553,3311381.34
02/11/1997,6.398438,6.398438,6.082031,6.187500,3.890551,2572800,-,2.610943,3.332463,3.920577,4.137394,3272256.00
02/10/1997,6.574219,6.585938,6.539063,6.562500,4.126342,1483733,-,2.604606,3.306674,3.893314,4.147710,3251264.00
02/07/1997,6.539063,6.632813,6.539063,6.609375,4.155816,2090667,-,2.597238,3.274842,3.849103,4.127816,3244394.68
02/06/1997,6.386719,6.468750,6.281250,6.433594,4.045289,2731733,-,2.589869,3.242568,3.803787,4.107184,3327552.00
02/05/1997,6.632813,6.750000,6.445313,6.445313,4.052658,2821333,-,2.582795,3.213978,3.762524,4.067394,3389674.68
02/04/1997,6.808594,6.960938,6.796875,6.867188,4.317922,3292800,-,2.575906,3.186420,3.717945,4.021710,3551680.02
02/03/1997,7.054688,7.054688,6.937500,7.007813,4.406343,3002667,-,2.567543,3.146336,3.663418,3.952815,3497408.02
01/31/1997,6.597656,6.914063,6.597656,6.855469,4.310554,2830933,-,2.558774,3.103009,3.602628,3.868077,3441408.02
01/30/1997,6.375000,6.468750,6.328125,6.468750,4.067394,4267733,-,2.550706,3.061819,3.538891,3.793656,3386602.70
01/29/1997,6.351563,6.363281,6.316406,6.363281,4.001077,909867,-,2.543485,3.026009,3.481417,3.750182,3302314.70
01/28/1997,6.140625,6.492188,6.140625,6.351563,3.993711,5196800,-,2.536595,2.991524,3.428180,3.703760,3296490.70
01/27/1997,6.298828,6.304688,6.234375,6.246094,3.927394,7531733,-,2.529420,2.956303,3.375495,3.638918,3192768.04
01/24/1997,6.046875,6.421875,5.988281,6.281250,3.949498,6046933,-,2.522457,2.922850,3.324653,3.570391,3059477.38
01/23/1997,5.414063,5.894531,5.414063,5.800781,3.647391,8562133,-,2.515530,2.888955,3.273073,3.500391,2952960.06
01/22/1997,5.742188,5.753906,5.660156,5.718750,3.595812,2714667,-,2.510115,2.859039,3.236599,3.457654,2782570.74
01/21/1997,5.484375,5.859375,5.484375,5.771484,3.628970,2762667,-,2.504865,2.829565,3.203441,3.414180,2729514.74
01/20/1997,5.660156,5.707031,5.601563,5.660156,3.558969,1528533,-,2.499394,2.799281,3.168625,3.374021,2675221.40
01/17/1997,5.625000,5.683594,5.601563,5.671875,3.566339,1774933,-,2.494457,2.770839,3.129204,3.337179,2647232.08
01/16/1997,5.589844,5.800781,5.589844,5.777344,3.632654,3198933,-,2.489409,2.741954,3.090520,3.284126,2615808.08
01/15/1997,5.531250,5.671875,5.437500,5.625000,3.536864,1626667,-,2.483625,2.711449,3.048151,3.212652,2553408.08
01/14/1997,5.156250,5.414063,5.132813,5.320313,3.345285,2939733,-,2.477988,2.683007,3.013151,3.152599,2521664.08
01/13/1997,5.156250,5.156250,5.085938,5.156250,3.242126,801067,-,2.473162,2.658543,2.992887,3.112072,2465493.42
01/10/1997,5.144531,5.167969,5.085938,5.167969,3.249494,324267,-,2.468962,2.635701,2.979256,3.078914,2451946.74
01/09/1997,5.003906,5.156250,5.003906,5.121094,3.220021,923733,-,2.464559,2.613006,2.963414,3.045756,2447552.06
01/08/1997,5.062500,5.074219,5.015625,5.027344,3.161073,3084800,-,2.460728,2.591195,2.946098,3.015545,2429397.40
01/07/1997,5.062500,5.132813,5.039063,5.132813,3.227389,2532267,-,2.457154,2.570122,2.932098,2.992703,2377450.74
01/06/1997,4.875000,5.144531,4.816406,5.074219,3.190547,3465600,-,2.453470,2.548606,2.914045,2.963229,2328533.40
01/03/1997,4.710938,4.828125,4.699219,4.828125,3.035809,1063467,-,2.449859,2.527532,2.887887,2.921229,2262954.74
01/02/1997,4.640625,4.652344,4.617188,4.640625,2.917913,1891200,-,2.446985,2.509553,2.866150,2.896913,2250730.74
12/31/1996,4.664063,4.734375,4.628906,4.669922,2.936334,984533,-,2.444848,2.494963,2.851781,2.883650,2217322.74
12/30/1996,4.617188,4.675781,4.617188,4.675781,2.940019,1384533,-,2.442767,2.480447,2.834281,2.873702,2206229.42
12/27/1996,4.617188,4.640625,4.617188,4.628906,2.910545,1032533,-,2.440041,2.464531,2.817334,2.873702,2184789.42
12/26/1996,4.628906,4.664063,4.628906,4.640625,2.917913,852267,-,2.437333,2.450826,2.798544,2.879597,2173824.10
12/24/1996,4.640625,4.664063,4.640625,4.640625,2.917913,455467,-,2.434827,2.439037,2.779755,2.881071,2160298.76
12/23/1996,4.699219,4.699219,4.640625,4.664063,2.932651,685867,-,2.432248,2.426658,2.764649,2.876650,2156629.42
12/20/1996,4.675781,4.722656,4.617188,4.664063,2.932651,5505067,-,2.429633,2.413836,2.751754,2.871492,2146026.74
12/19/1996,4.382813,4.453125,4.382813,4.406250,2.770544,2505600,-,2.426685,2.401163,2.720807,2.864860,2036309.40
12/18/1996,4.382813,4.441406,4.347656,4.441406,2.792648,5523200,-,2.424622,2.392320,2.694280,2.854544,1991210.74
12/17/1996,4.382813,4.464844,4.382813,4.429688,2.785281,4450133,-,2.422817,2.383036,2.667201,2.835387,1899221.40
12/16/1996,4.640625,4.640625,4.511719,4.511719,2.836860,2794667,-,2.422338,2.374489,2.641780,2.819913,1825514.74
12/13/1996,4.675781,4.734375,4.640625,4.675781,2.940019,1968000,-,2.421711,2.365941,2.613780,2.794860,1814485.40
12/12/1996,4.710938,4.757813,4.652344,4.722656,2.969492,6353067,-,2.421011,2.355036,2.578411,2.760965,1805845.40
12/11/1996,4.558594,4.710938,4.511719,4.664063,2.932651,5610667,-,2.420459,2.341036,2.542674,2.717491,1683925.40
12/10/1996,4.570313,4.757813,4.546875,4.570313,2.873703,7649067,-,2.419427,2.326299,2.508779,2.678438,1598122.72
12/09/1996,4.441406,4.664063,4.429688,4.582031,2.881070,10605867,-,2.419354,2.313699,2.472674,2.652648,1462528.04
12/06/1996,4.148438,4.628906,4.125000,4.558594,2.866334,7555200,-,2.420127,2.300878,2.434726,2.632017,1271018.70
12/05/1996,4.171875,4.324219,4.171875,4.242188,2.667386,4138667,-,2.421048,2.290415,2.397147,2.576753,1131562.70
12/04/1996,4.125000,4.171875,4.042969,4.136719,2.601069,4130133,-,2.423075,2.282457,2.370620,2.534016,1068245.36
12/03/1996,4.125000,4.242188,4.101563,4.183594,2.630543,3451733,-,2.425617,2.275236,2.346673,2.499016,1008362.70
12/02/1996,4.113281,4.125000,4.066406,4.113281,2.586332,2002133,-,2.427348,2.266246,2.320515,2.463647,947605.38
11/29/1996,4.031250,4.195313,4.031250,4.136719,2.601069,1523200,-,2.427606,2.259320,2.296936,2.432700,927616.06
11/27/1996,4.007813,4.042969,3.972656,4.031250,2.534753,1140267,-,2.427496,2.250035,2.272988,2.395857,899626.72
11/26/1996,3.996094,4.078125,3.949219,4.042969,2.542121,6248533,-,2.428380,2.242520,2.251251,2.367857,883434.72
11/25/1996,4.089844,4.218750,4.054688,4.160156,2.615806,5837867,-,2.429227,2.233530,2.229883,2.339120,805952.06
11/22/1996,3.750000,4.335938,3.750000,4.253906,2.674754,10921600,-,2.430259,2.222183,2.205567,2.292699,741248.06
11/21/1996,3.609375,3.703125,3.609375,3.679688,2.313699,579200,-,2.430590,2.208919,2.177198,2.237435,544533.40
11/20/1996,3.574219,3.574219,3.539063,3.562500,2.240014,202667,-,2.432875,2.203319,2.169093,2.217540,538944.06
11/19/1996,3.574219,3.597656,3.574219,3.580078,2.251066,90667,-,2.434717,2.199782,2.163935,2.207225,585002.72
11/18/1996,3.621094,3.621094,3.621094,3.621094,2.276857,53333,-,2.436872,2.198382,2.158224,2.194330,604202.72
11/15/1996,3.609375,3.632813,3.597656,3.621094,2.276857,618667,-,2.439193,2.194698,2.153803,2.177382,606101.40
11/14/1996,3.550781,3.550781,3.550781,3.550781,2.232646,10667,-,2.441441,2.189982,2.150487,2.161172,608192.06
11/13/1996,3.609375,3.621094,3.574219,3.585938,2.254751,867200,-,2.443909,2.184530,2.146066,2.150119,636842.72
11/12/1996,3.585938,3.597656,3.515625,3.585938,2.254751,721067,-,2.445825,2.181877,2.144593,2.134645,633962.72
11/11/1996,3.398438,3.421875,3.386719,3.421875,2.151593,42667,-,2.447593,2.180109,2.148277,2.120645,643605.38
11/08/1996,3.351563,3.375000,3.351563,3.375000,2.122118,61867,-,2.450062,2.182467,2.155645,2.118434,649109.38
11/07/1996,3.398438,3.398438,3.351563,3.363281,2.114750,48000,-,2.452383,2.185414,2.164119,2.116961,652458.70
11/06/1996,3.375000,3.398438,3.375000,3.398438,2.136856,129067,-,2.454409,2.188509,2.173330,2.120645,661546.70
11/05/1996,3.369141,3.386719,3.369141,3.375000,2.122118,203733,-,2.456546,2.191014,2.182909,2.120645,671317.36
11/04/1996,3.351563,3.351563,3.351563,3.351563,2.107382,78933,-,2.458388,2.193961,2.193225,2.122119,670250.70
11/01/1996,3.375000,3.375000,3.363281,3.363281,2.114750,39467,-,2.460304,2.196909,2.205751,2.130224,669056.04
10/31/1996,3.386719,3.386719,3.369141,3.375000,2.122118,131200,-,2.462699,2.199709,2.220488,2.139803,680192.04
10/30/1996,3.339844,3.339844,3.339844,3.339844,2.100013,123733,-,2.464172,2.201625,2.234120,2.142014,698282.70
10/29/1996,3.328125,3.375000,3.328125,3.363281,2.114750,104533,-,2.465904,2.204719,2.242593,2.154540,719914.70
10/28/1996,3.328125,3.386719,3.328125,3.386719,2.129488,16000,-,2.467378,2.207004,2.246646,2.175909,724266.70
10/25/1996,3.375000,3.398438,3.351563,3.351563,2.107382,487467,-,2.468704,2.207740,2.252356,2.192856,735274.70
10/24/1996,3.421875,3.457031,3.421875,3.421875,2.151593,86400,-,2.470546,2.209509,2.258988,2.211277,738261.36
10/23/1996,3.394043,3.457031,3.394043,3.398438,2.136856,186667,-,2.471946,2.210983,2.268567,2.226014,739221.36
10/22/1996,3.468750,3.468750,3.375000,3.398438,2.136856,452267,-,2.472609,2.212898,2.275199,2.245172,740010.68
10/21/1996,3.506836,3.515625,3.445313,3.480469,2.188435,220800,-,2.473567,2.215109,2.280357,2.264330,733952.00
10/18/1996,3.492188,3.515625,3.457031,3.515625,2.210540,429867,-,2.475188,2.218793,2.279988,2.281278,740117.34
10/17/1996,3.492188,3.492188,3.410156,3.410156,2.144224,312533,-,2.476293,2.223214,2.281462,2.301172,759765.34
10/16/1996,3.597656,3.632813,3.539063,3.539063,2.225278,484267,-,2.476588,2.228225,2.281093,2.326225,759872.02
10/15/1996,3.703125,3.726563,3.656250,3.703125,2.328436,176000,-,2.475814,2.229698,2.277778,2.330646,752277.34
10/14/1996,3.632813,3.667969,3.621094,3.656250,2.298962,272000,-,2.474304,2.230583,2.265988,2.317383,755648.00
10/11/1996,3.679688,3.703125,3.644531,3.644531,2.291593,155733,-,2.472609,2.231762,2.253462,2.311857,757802.66
10/10/1996,3.656250,3.656250,3.656250,3.656250,2.298962,19200,-,2.471025,2.231762,2.239462,2.306699,785045.34
10/09/1996,3.703125,3.714844,3.691406,3.703125,2.328436,250667,-,2.469717,2.230288,2.226198,2.311120,833962.68
10/08/1996,3.726563,3.738281,3.703125,3.703125,2.328436,923733,-,2.468206,2.227341,2.212935,2.305225,848661.34
10/07/1996,3.761719,3.796875,3.714844,3.750000,2.357910,764800,-,2.466843,2.224098,2.205567,2.296383,860437.34
10/04/1996,3.761719,3.855469,3.761719,3.832031,2.409489,2243200,-,2.465222,2.219677,2.192303,2.278699,936832.00
10/03/1996,3.609375,3.878906,3.609375,3.808594,2.394752,1536000,-,2.463564,2.212456,2.173882,2.261751,1000042.66
10/02/1996,3.585938,3.609375,3.562500,3.609375,2.269488,257067,-,2.461870,2.207888,2.152145,2.235962,981056.00
10/01/1996,3.527344,3.527344,3.445313,3.492188,2.195804,1320533,-,2.460764,2.207298,2.144777,2.224909,990933.32
09/30/1996,3.574219,3.609375,3.527344,3.568359,2.243698,869333,-,2.461280,2.208477,2.143303,2.214593,988224.00
09/27/1996,3.726563,3.726563,3.562500,3.562500,2.240014,1030400,-,2.461667,2.209877,2.144593,2.195067,989034.68
09/26/1996,3.656250,3.726563,3.656250,3.726563,2.343173,582400,-,2.461962,2.210025,2.146066,2.172224,986965.34
09/25/1996,3.562500,3.609375,3.562500,3.609375,2.269488,972800,-,2.461962,2.209288,2.142382,2.141277,1012608.00
09/24/1996,3.480469,3.562500,3.457031,3.562500,2.240014,1136000,-,2.462404,2.208698,2.142014,2.120645,1020416.00
09/23/1996,3.492188,3.492188,3.433594,3.468750,2.181067,413867,-,2.462772,2.207225,2.143487,2.114750,1033472.00
09/20/1996,3.445313,3.562500,3.445313,3.562500,2.240014,1002667,-,2.463214,2.209877,2.147172,2.105908,1079210.66
09/19/1996,3.433594,3.433594,3.398438,3.398438,2.136856,123733,-,2.463878,2.212530,2.147908,2.086013,1126826.66
09/18/1996,3.398438,3.433594,3.375000,3.433594,2.158961,330667,-,2.465241,2.218572,2.151961,2.068329,1214592.00
09/17/1996,3.328125,3.363281,3.281250,3.328125,2.092645,2374400,-,2.466014,2.225793,2.156751,2.064645,1271381.32
09/16/1996,3.234375,3.281250,3.210938,3.257813,2.048434,2602667,-,2.467930,2.232867,2.163566,2.072013,1262229.32
09/13/1996,3.257813,3.257813,3.164063,3.199219,2.011592,1085867,-,2.470104,2.240530,2.169461,2.094119,1240341.32
09/12/1996,3.281250,3.281250,3.210938,3.234375,2.033697,299733,-,2.472867,2.247456,2.178672,2.119908,1264789.32
09/11/1996,3.328125,3.386719,3.222656,3.281250,2.063171,2505600,-,2.475335,2.255709,2.188251,2.143487,1308074.66
09/10/1996,3.386719,3.492188,3.375000,3.468750,2.181067,1050667,-,2.477841,2.264109,2.196725,2.163382,1271168.00
09/09/1996,3.351563,3.351563,3.281250,3.328125,2.092645,148267,-,2.479752,2.268825,2.200040,2.172224,1260096.00
09/06/1996,3.187500,3.304688,3.187500,3.246094,2.041066,723200,-,2.481962,2.275309,2.214040,2.188435,1296618.66
09/05/1996,3.187500,3.234375,3.082031,3.117188,1.960013,1443200,-,2.484394,2.281499,2.233567,2.209803,1374378.66
09/04/1996,3.363281,3.375000,3.351563,3.375000,2.122118,723200,-,2.487650,2.290636,2.255304,2.235593,1396693.32
09/03/1996,3.445313,3.457031,3.398438,3.445313,2.166330,1203200,-,2.490450,2.298004,2.264146,2.248856,1441173.32
08/30/1996,3.562500,3.621094,3.562500,3.609375,2.269488,317867,-,2.492955,2.305373,2.274462,2.255119,1465450.66
08/29/1996,3.656250,3.656250,3.609375,3.609375,2.269488,229333,-,2.494355,2.311267,2.278883,2.244804,1518421.32
08/28/1996,3.609375,3.609375,3.562500,3.609375,2.269488,502400,-,2.495866,2.316278,2.279988,2.237435,1584768.00
08/27/1996,3.609375,3.609375,3.539063,3.597656,2.262119,617600,-,2.497819,2.322025,2.277778,2.233014,1668544.00
08/26/1996,3.609375,3.609375,3.562500,3.609375,2.269488,150400,-,2.500508,2.330131,2.273725,2.230067,1703189.34
08/23/1996,3.539063,3.585938,3.539063,3.585938,2.254751,19200,-,2.503197,2.339710,2.268567,2.227856,1719701.34
08/22/1996,3.539063,3.609375,3.539063,3.585938,2.254751,596267,-,2.505629,2.350320,2.262672,2.239646,1745429.34
08/21/1996,3.550781,3.585938,3.515625,3.527344,2.217909,1035733,-,2.508061,2.360636,2.252357,2.257330,1779733.34
08/20/1996,3.585938,3.632813,3.515625,3.585938,2.254751,1205333,-,2.511598,2.369773,2.249778,2.275015,1790421.34
08/19/1996,3.492188,3.562500,3.492188,3.544922,2.228961,322133,-,2.514840,2.381563,2.249041,2.279436,1794325.34
08/16/1996,3.457031,3.492188,3.433594,3.445313,2.166330,566400,-,2.518137,2.393426,2.250330,2.293804,1799168.02
08/15/1996,3.480469,3.515625,3.410156,3.492188,2.195804,636800,-,2.521858,2.407573,2.257699,2.312962,1819434.68
08/14/1996,3.492188,3.550781,3.480469,3.539063,2.225278,134400,-,2.525506,2.421573,2.260278,2.322541,1828757.34
08/13/1996,3.562500,3.562500,3.492188,3.550781,2.232646,226133,-,2.528785,2.434837,2.264330,2.322541,1840490.68
08/12/1996,3.679688,3.679688,3.544922,3.574219,2.247383,149333,-,2.531621,2.446479,2.264699,2.317383,1843626.68
08/09/1996,3.761719,3.808594,3.738281,3.773438,2.372647,529067,-,2.534532,2.457237,2.260646,2.309278,1858965.36
08/08/1996,3.796875,3.867188,3.773438,3.867188,2.431595,1412267,-,2.537185,2.464605,2.257699,2.285699,1856128.02
08/07/1996,3.691406,3.820313,3.691406,3.808594,2.394752,317867,-,2.539837,2.469763,2.254751,2.247383,1837440.02
08/06/1996,3.679688,3.703125,3.656250,3.656250,2.298962,104533,-,2.542195,2.475584,2.256962,2.224541,1842496.02
08/05/1996,3.750000,3.796875,3.750000,3.773438,2.372647,344533,-,2.544369,2.483542,2.268015,2.218646,1857984.02
08/02/1996,3.656250,3.773438,3.656250,3.750000,2.357910,379733,-,2.545879,2.487816,2.271699,2.206856,1888384.02
08/01/1996,3.556641,3.679688,3.515625,3.644531,2.291593,1517867,-,2.548606,2.495626,2.275383,2.202435,1888405.36
07/31/1996,3.468750,3.539063,3.421875,3.539063,2.225278,2465067,-,2.550374,2.505058,2.278699,2.198014,1861440.02
07/30/1996,3.468750,3.468750,3.404297,3.468750,2.181067,985600,-,2.551406,2.516553,2.289752,2.206119,1844992.02
07/29/1996,3.468750,3.492188,3.445313,3.445313,2.166330,1512533,-,2.552879,2.528932,2.304857,2.212014,1837461.36
07/26/1996,3.281250,3.492188,3.210938,3.398438,2.136856,4584533,-,2.554574,2.541311,2.317383,2.212014,1808298.70
07/25/1996,3.468750,3.562500,3.234375,3.257813,2.048434,5403733,-,2.555900,2.554574,2.331383,2.229698,1733824.04
07/24/1996,3.468750,3.515625,3.433594,3.445313,2.166330,586667,-,2.557190,2.566658,2.346489,2.262120,1630101.38
07/23/1996,3.632813,3.644531,3.539063,3.562500,2.240014,750933,-,2.558111,2.576090,2.359015,2.289383,1633322.70
07/22/1996,3.691406,3.691406,3.539063,3.585938,2.254751,1185067,-,2.558922,2.583459,2.371541,2.317383,1626176.04
07/19/1996,3.621094,3.679688,3.621094,3.679688,2.313699,909867,-,2.559437,2.591416,2.385542,2.336541,1607424.04
07/18/1996,3.656250,3.656250,3.527344,3.574219,2.247383,926933,-,2.559695,2.599080,2.398068,2.348331,1629760.04
07/17/1996,3.691406,3.750000,3.621094,3.667969,2.306331,1864533,-,2.560395,2.607774,2.411700,2.359383,1843221.38
07/16/1996,3.433594,3.562500,3.421875,3.562500,2.240014,1363200,-,2.560579,2.613964,2.424226,2.373384,1835264.06
07/15/1996,3.609375,3.609375,3.380859,3.445313,2.166330,1788800,-,2.562311,2.620596,2.445595,2.397699,1825216.06
07/12/1996,3.726563,3.755859,3.609375,3.679688,2.313699,2700800,-,2.564411,2.628848,2.474700,2.422752,1814933.40
07/11/1996,3.773438,3.820313,3.703125,3.773438,2.372647,3383467,-,2.565443,2.634743,2.498279,2.433068,1776341.40
07/10/1996,3.937500,3.984375,3.738281,3.878906,2.438962,4512000,-,2.567156,2.639459,2.518174,2.430858,1713834.72
07/09/1996,3.960938,4.042969,3.937500,4.007813,2.520016,3170133,-,2.568445,2.643143,2.529963,2.428647,1625941.38
07/08/1996,3.843750,3.914063,3.843750,3.890625,2.446332,1916800,-,2.568887,2.645796,2.546174,2.425700,1563541.38
07/05/1996,3.773438,3.867188,3.773438,3.867188,2.431595,1508267,-,2.571135,2.650512,2.564964,2.434542,1531093.38
07/03/1996,3.726563,3.777832,3.703125,3.750000,2.357910,2308267,-,2.573640,2.654491,2.587069,2.447805,1512490.70
07/02/1996,3.908203,3.949219,3.861328,3.890625,2.446332,2464000,-,2.576366,2.660827,2.613964,2.464016,1480256.02
07/01/1996,3.937500,3.960938,3.890625,3.949219,2.483174,660267,-,2.578393,2.664806,2.636069,2.475068,1435754.68
06/28/1996,3.902344,3.914063,3.820313,3.843750,2.416857,497067,-,2.580493,2.668196,2.652648,2.493490,1425045.34
06/27/1996,3.679688,3.878906,3.679688,3.843750,2.416857,1974400,-,2.583587,2.673796,2.671070,2.526648,1423189.34
06/26/1996,3.855469,3.855469,3.726563,3.738281,2.350542,4611200,-,2.586793,2.677922,2.687280,2.563490,1393856.00
06/25/1996,3.890625,3.960938,3.832031,3.843750,2.416857,2558933,-,2.590514,2.683375,2.704228,2.605490,1325909.34
06/24/1996,3.937500,4.007813,3.937500,3.960938,2.490542,2947200,-,2.594345,2.686212,2.717675,2.631280,1296426.68
06/21/1996,4.171875,4.171875,3.925781,4.031250,2.534753,2417067,-,2.597072,2.687096,2.727991,2.666649,1269504.02
06/20/1996,3.972656,4.125000,3.972656,4.078125,2.564226,2966400,-,2.599614,2.687685,2.730570,2.695386,1287381.34
06/19/1996,4.066406,4.089844,3.960938,4.007813,2.520016,3546667,-,2.602046,2.687685,2.739781,2.726333,1260672.00
06/18/1996,4.253906,4.277344,3.937500,4.066406,2.556858,4691200,-,2.604661,2.688201,2.751939,2.763912,1215594.66
06/17/1996,4.324219,4.335938,4.224609,4.242188,2.667386,2349867,-,2.606172,2.687759,2.764097,2.797070,1153792.00
06/14/1996,4.371094,4.406250,4.359375,4.371094,2.748438,976000,-,2.606724,2.685843,2.770728,2.811807,1120405.32
06/13/1996,4.429688,4.476563,4.417969,4.429688,2.785281,1305600,-,2.606761,2.682012,2.772570,2.815492,1136917.32
06/12/1996,4.371094,4.429688,4.335938,4.406250,2.770544,2311467,-,2.606688,2.675822,2.773307,2.811071,1171263.98
06/11/1996,4.453125,4.453125,4.242188,4.253906,2.674754,1570133,-,2.607056,2.668601,2.767412,2.802965,1127381.30
06/10/1996,4.523438,4.546875,4.476563,4.523438,2.844229,1400533,-,2.608124,2.662706,2.765570,2.804071,1129471.98
06/07/1996,4.476563,4.535156,4.453125,4.488281,2.822123,564267,-,2.608272,2.653864,2.753781,2.789334,1183743.98
06/06/1996,4.640625,4.652344,4.570313,4.570313,2.873703,1579733,-,2.608788,2.644801,2.745307,2.765754,1238079.98
06/05/1996,4.617188,4.664063,4.593750,4.605469,2.895808,1102933,-,2.608788,2.636401,2.736465,2.753228,1223039.98
06/04/1996,4.593750,4.687500,4.593750,4.593750,2.888439,721067,-,2.608419,2.627411,2.725780,2.739965,1223615.98
06/03/1996,4.453125,4.500000,4.429688,4.476563,2.814755,382933,-,2.609377,2.619453,2.712149,2.731123,1281877.30
05/31/1996,4.382813,4.453125,4.324219,4.429688,2.785281,916267,-,2.610740,2.612527,2.699991,2.729649,1299626.64
05/30/1996,4.277344,4.382813,4.277344,4.359375,2.741070,387200,-,2.612288,2.606043,2.689675,2.729649,1309013.30
05/29/1996,4.312500,4.312500,4.265625,4.277344,2.689491,477867,-,2.613172,2.601032,2.683043,2.735544,1335551.96
05/28/1996,4.335938,4.335938,4.265625,4.271484,2.685807,570667,-,2.614351,2.597643,2.678991,2.731860,1385173.28
05/24/1996,4.289063,4.289063,4.242188,4.289063,2.696859,878933,-,2.614959,2.591822,2.675859,2.727070,1423082.60
05/23/1996,4.242188,4.253906,4.031250,4.113281,2.586332,1864533,-,2.615290,2.585264,2.673649,2.718228,1472170.60
05/22/1996,4.359375,4.382813,4.359375,4.371094,2.748438,380800,-,2.616580,2.581874,2.678438,2.724859,1516373.28
05/21/1996,4.406250,4.429688,4.371094,4.394531,2.763176,169600,-,2.617354,2.574948,2.672543,2.719702,1558357.28
05/20/1996,4.435547,4.453125,4.394531,4.453125,2.800018,1642667,-,2.617759,2.567874,2.668122,2.711596,1641301.28
05/17/1996,4.359375,4.488281,4.359375,4.453125,2.800018,609067,-,2.617464,2.558737,2.660385,2.693175,1734655.94
05/16/1996,4.453125,4.453125,4.406250,4.429688,2.785281,54400,-,2.618054,2.549895,2.653017,2.670333,2433258.60
05/15/1996,4.265625,4.500000,4.265625,4.453125,2.800018,860800,-,2.619048,2.542821,2.648596,2.649701,2626431.94
05/14/1996,4.230469,4.289063,4.195313,4.218750,2.652648,217600,-,2.620577,2.540611,2.639754,2.630543,2785151.94
05/13/1996,4.148438,4.207031,4.148438,4.195313,2.637911,747733,-,2.623819,2.541790,2.638280,2.626122,2877333.28
05/10/1996,4.218750,4.218750,4.148438,4.148438,2.608438,393600,-,2.627098,2.545032,2.634319,2.624648,2929023.96
05/09/1996,4.242188,4.242188,4.218750,4.218750,2.652648,247467,-,2.630451,2.550043,2.630635,2.629069,2991893.30
05/08/1996,4.289063,4.289063,4.195313,4.289063,2.696859,2026667,-,2.633104,2.551516,2.626214,2.632017,3082495.96
05/07/1996,4.148438,4.289063,4.136719,4.265625,2.682122,11600000,-,2.635498,2.554758,2.619582,2.625385,3101397.28
05/06/1996,4.125000,4.160156,4.089844,4.160156,2.615806,1466667,-,2.637230,2.561832,2.612767,2.624648,2882346.62
05/03/1996,4.031250,4.113281,4.031250,4.089844,2.571596,860800,-,2.638777,2.570527,2.608714,2.627596,2891861.28
05/02/1996,4.101563,4.113281,4.031250,4.101563,2.578964,1274667,-,2.640214,2.580548,2.608714,2.635701,2919381.28
05/01/1996,4.125000,4.171875,4.101563,4.148438,2.608438,771200,-,2.640509,2.591159,2.607609,2.647490,2949461.28
04/30/1996,4.148438,4.195313,4.125000,4.148438,2.608438,258133,-,2.640767,2.598527,2.600977,2.648964,2999658.62
04/29/1996,4.171875,4.218750,4.171875,4.171875,2.623175,117333,-,2.641467,2.599117,2.591030,2.650438,3037866.62
04/26/1996,4.195313,4.265625,4.195313,4.218750,2.652648,50133,-,2.642019,2.598232,2.578872,2.643990,3078975.96
04/25/1996,4.207031,4.265625,4.183594,4.265625,2.682122,294400,-,2.642941,2.599411,2.566345,2.632201,3119253.30
04/24/1996,4.277344,4.277344,4.183594,4.183594,2.630543,578133,-,2.641835,2.600001,2.550687,2.620411,3127295.96
04/23/1996,4.148438,4.312500,4.148438,4.253906,2.674754,696533,-,2.640398,2.603832,2.541845,2.613780,3187071.96
04/22/1996,4.230469,4.242188,4.171875,4.207031,2.645280,238933,-,2.638962,2.605159,2.530424,2.600885,3180330.64
04/19/1996,4.242188,4.242188,4.218750,4.218750,2.652648,124800,-,2.637414,2.607664,2.522687,2.589832,3225471.98
04/18/1996,4.171875,4.289063,4.125000,4.289063,2.696859,404267,-,2.635535,2.606780,2.513476,2.581727,3240085.32
04/17/1996,4.148438,4.230469,4.148438,4.171875,2.623175,507733,-,2.633435,2.606485,2.501687,2.567727,3262421.32
04/16/1996,4.136719,4.218750,4.078125,4.171875,2.623175,1213867,-,2.631225,2.608843,2.495055,2.552990,3361472.00
04/15/1996,4.054688,4.078125,4.031250,4.069336,2.558700,1084800,-,2.628683,2.610906,2.489897,2.531621,3353600.00
04/12/1996,4.078125,4.078125,4.031250,4.031250,2.534753,1601067,-,2.626242,2.614259,2.481700,2.513753,3365696.00
04/11/1996,4.054688,4.078125,4.007813,4.078125,2.564226,3310933,-,2.623258,2.616322,2.473410,2.500490,3341845.32
04/10/1996,3.988770,4.101563,3.988770,4.078125,2.564226,1630933,-,2.620273,2.617206,2.466042,2.480963,3301013.32
04/09/1996,4.113281,4.125000,4.042969,4.048828,2.545806,1292800,-,2.617473,2.618827,2.457937,2.469910,3304042.66
04/08/1996,3.996094,4.101563,3.960938,4.031250,2.534753,1601067,-,2.614507,2.619638,2.451121,2.459963,3295125.32
04/04/1996,4.101563,4.101563,4.031250,4.089844,2.571596,680533,-,2.611597,2.619343,2.441542,2.455542,3292778.64
04/03/1996,4.007813,4.078125,3.949219,4.066406,2.556858,1801600,-,2.608650,2.619196,2.430858,2.445226,3294293.32
04/02/1996,3.843750,3.937500,3.796875,3.937500,2.475806,3022933,-,2.605850,2.617869,2.424594,2.435647,3274773.32
04/01/1996,3.832031,3.843750,3.773438,3.832031,2.409489,117333,-,2.603418,2.618164,2.435279,2.437121,3229077.32
03/29/1996,3.867188,3.867188,3.750000,3.785156,2.380015,1674667,-,2.601207,2.621848,2.450384,2.448173,3247125.32
03/28/1996,3.855469,3.890625,3.773438,3.820313,2.402121,4114133,-,2.599144,2.622585,2.471384,2.449647,3237055.98
03/27/1996,3.867188,3.937500,3.767578,3.767578,2.368962,3281067,-,2.596934,2.623469,2.494226,2.446331,3165823.98
03/26/1996,3.867188,3.914063,3.843750,3.902344,2.453700,827733,-,2.595036,2.624280,2.512095,2.451121,3120042.64
03/25/1996,3.750000,3.890625,3.703125,3.890625,2.446332,1131733,-,2.592678,2.623101,2.532358,2.445963,3119103.98
03/22/1996,3.949219,3.984375,3.843750,3.960938,2.490542,3634133,-,2.590394,2.623690,2.561832,2.442279,3112469.32
03/21/1996,3.878906,3.925781,3.843750,3.925781,2.468436,1270400,-,2.587778,2.622511,2.589832,2.427542,3077034.66
03/20/1996,3.937500,3.960938,3.820313,3.914063,2.461069,1385600,-,2.585199,2.618532,2.620043,2.416489,3074922.66
03/19/1996,4.031250,4.101563,3.890625,3.960938,2.490542,1714133,-,2.582584,2.615880,2.652464,2.413542,3102293.32
03/18/1996,3.843750,4.007813,3.843750,4.007813,2.520016,2958933,-,2.580041,2.616322,2.676780,2.433437,3095680.00
03/15/1996,3.773438,3.843750,3.750000,3.808594,2.394752,2466133,-,2.577241,2.614553,2.682675,2.452595,3107541.34
03/14/1996,3.843750,3.855469,3.750000,3.767578,2.368962,3333333,-,2.574902,2.610722,2.691886,2.493121,3130368.02
03/13/1996,3.867188,3.890625,3.820313,3.843750,2.416857,4074667,-,2.572562,2.604753,2.709017,2.542122,3321770.70
03/12/1996,3.820313,3.843750,3.750000,3.820313,2.402121,2480000,-,2.570154,2.596943,2.723754,2.573069,3301482.70
03/11/1996,3.726563,3.843750,3.703125,3.832031,2.409489,4316800,-,2.568201,2.588101,2.744754,2.618754,3256362.70
03/08/1996,3.703125,3.750000,3.679688,3.726563,2.343173,6310400,-,2.566285,2.579406,2.761333,2.681386,3195306.70
03/07/1996,3.750000,3.820313,3.679688,3.750000,2.357910,35539200,-,2.565033,2.573290,2.782702,2.752123,3082261.36
03/06/1996,4.066406,4.148438,3.773438,3.867188,2.431595,9713067,-,2.563412,2.566658,2.795228,2.823597,2383616.02
03/05/1996,4.242188,4.359375,4.037109,4.277344,2.689491,8796800,-,2.561054,2.559143,2.807755,2.891387,2213525.34
03/04/1996,4.464844,4.476563,4.136719,4.312500,2.711596,4826667,-,2.557554,2.546027,2.810334,2.920124,2072960.00
03/01/1996,4.593750,4.664063,4.312500,4.453125,2.800018,3332267,-,2.554275,2.533353,2.811070,2.912755,2021354.66
02/29/1996,4.476563,4.593750,4.476563,4.546875,2.858966,3537067,-,2.550259,2.518469,2.807386,2.890650,2045183.98
02/28/1996,4.464844,4.593750,4.312500,4.335938,2.726333,4777600,-,2.545027,2.502258,2.796333,2.875913,2003327.98
02/27/1996,4.757813,4.757813,4.523438,4.546875,2.858966,2971733,-,2.540459,2.493711,2.790439,2.874439,1967231.98
02/26/1996,4.851563,4.863281,4.804688,4.828125,3.035809,647467,-,2.534969,2.482953,2.779754,2.870755,1908885.32
02/23/1996,4.851563,4.921875,4.781250,4.851563,3.050546,1942400,-,2.528117,2.468216,2.757281,2.841281,1916181.32
02/22/1996,4.945313,4.968750,4.851563,4.886719,3.072652,2236800,-,2.521375,2.454068,2.730754,2.813281,1894997.32
02/21/1996,4.851563,4.968750,4.828125,4.945313,3.109493,2778667,-,2.514817,2.439773,2.705333,2.766860,1893695.98
02/20/1996,4.687500,4.898438,4.675781,4.734375,2.976861,3281067,-,2.508332,2.423857,2.674385,2.724122,1874239.98
02/16/1996,4.218750,4.289063,4.183594,4.195313,2.637911,2168533,-,2.502364,2.409710,2.650069,2.700543,1824106.64
02/15/1996,4.218750,4.230469,4.013672,4.101563,2.578964,2172800,-,2.497980,2.404405,2.647859,2.709385,1860181.32
02/14/1996,4.335938,4.350586,4.218750,4.312500,2.711596,2064000,-,2.493374,2.401015,2.639753,2.724122,1857621.32
02/13/1996,4.359375,4.453125,4.312500,4.312500,2.711596,696533,-,2.487885,2.393057,2.626490,2.716754,1870549.32
02/12/1996,4.312500,4.535156,4.312500,4.488281,2.822123,3566933,-,2.482359,2.388341,2.611385,2.706438,1875328.00
02/09/1996,4.476563,4.476563,4.359375,4.359375,2.741070,359467,-,2.476316,2.381562,2.590016,2.688754,1811349.34
02/08/1996,4.523438,4.523438,4.312500,4.406250,2.770544,2496000,-,2.471011,2.378026,2.576753,2.673280,1819968.00
02/07/1996,4.265625,4.335938,4.125000,4.148438,2.608438,855467,-,2.465522,2.373162,2.559806,2.648227,1775616.00
02/06/1996,4.265625,4.382813,4.265625,4.265625,2.682122,1521067,-,2.460548,2.372278,2.542858,2.643806,1788352.00
02/05/1996,4.371094,4.429688,4.289063,4.359375,2.741070,5460267,-,2.455537,2.369902,2.525174,2.624648,1761045.32
02/02/1996,4.242188,4.335938,4.242188,4.335938,2.726333,820267,-,2.449311,2.365776,2.513753,2.599595,1654890.64
02/01/1996,4.171875,4.347656,4.031250,4.335938,2.726333,1689600,-,2.443011,2.361797,2.499016,2.586332,1649813.30
01/31/1996,4.171875,4.195313,4.113281,4.195313,2.637911,408533,-,2.436711,2.359494,2.472858,2.555385,1634965.30
01/30/1996,4.195313,4.242188,4.125000,4.148438,2.608438,1269333,-,2.430927,2.360378,2.444489,2.536227,1645567.98
01/29/1996,4.242188,4.265625,4.171875,4.207031,2.645280,1782400,-,2.425437,2.361557,2.415384,2.516332,1627562.66
01/26/1996,4.125000,4.171875,4.066406,4.113281,2.586332,846933,-,2.420021,2.359641,2.381120,2.491279,1593728.00
01/25/1996,4.113281,4.312500,4.007813,4.007813,2.520016,1483733,-,2.415048,2.359347,2.350541,2.480226,1604032.00
01/24/1996,4.019531,4.089844,4.019531,4.078125,2.564226,756267,-,2.410258,2.362147,2.326410,2.471384,1582272.00
01/23/1996,3.966797,4.031250,3.960938,3.960938,2.490542,825600,-,2.405248,2.366862,2.299515,2.441910,1568234.66
01/22/1996,4.054688,4.054688,3.908203,3.960938,2.490542,738133,-,2.400237,2.373199,2.277778,2.425700,1561386.66
01/19/1996,3.902344,4.125000,3.843750,4.125000,2.593701,1019733,-,2.395226,2.378210,2.254935,2.427910,1550720.00
01/18/1996,3.914063,3.914063,3.785156,3.843750,2.416857,1171200,-,2.389700,2.381157,2.229146,2.411700,1542357.34
01/17/1996,3.773438,3.984375,3.703125,3.890625,2.446332,552533,-,2.385242,2.391326,2.211093,2.390331,1566784.00
01/16/1996,3.937500,3.937500,3.785156,3.832031,2.409489,992000,-,2.381116,2.400463,2.191198,2.352752,1580181.34
01/15/1996,3.996094,4.031250,3.808594,3.808594,2.394752,780800,-,2.377358,2.410042,2.185672,2.314436,1599552.00
01/12/1996,3.914063,3.984375,3.820313,3.937500,2.475806,800000,-,2.373379,2.420357,2.181988,2.270962,1591488.00
01/11/1996,3.861328,3.902344,3.808594,3.867188,2.431595,1862400,-,2.369474,2.429347,2.173145,2.220856,1610176.00
01/10/1996,3.726563,3.726563,3.527344,3.609375,2.269488,1164800,-,2.365753,2.438337,2.168724,2.181435,1588160.00
01/09/1996,4.031250,4.054688,3.703125,3.703125,2.328436,2754133,-,2.362584,2.448947,2.173145,2.157119,1573376.00
01/08/1996,4.218750,4.218750,3.996094,3.996094,2.512648,1383467,-,2.359010,2.458968,2.172409,2.129856,1526613.34
01/05/1996,3.750000,3.937500,3.714844,3.867188,2.431595,3552000,-,2.354479,2.466779,2.160251,2.081961,1509440.00
01/04/1996,3.398438,3.550781,3.398438,3.503906,2.203171,3607467,-,2.350537,2.477389,2.157303,2.046592,1463914.66
01/03/1996,3.351563,3.363281,3.210938,3.292969,2.070540,12903467,-,2.346852,2.490653,2.167619,2.031855,1426965.32
01/02/1996,3.164063,3.222656,3.140625,3.222656,2.026329,3060267,-,2.343500,2.503916,2.179777,2.029644,1203221.32
12/29/1995,3.117188,3.164063,3.117188,3.117188,1.960013,224000,-,2.340405,2.516884,2.202251,2.056908,1172202.64
12/28/1995,3.202148,3.234375,3.093750,3.140625,1.974749,1264000,-,2.337900,2.535748,2.228409,2.093013,1247125.30
12/27/1995,3.281250,3.281250,3.210938,3.240234,2.037381,658133,-,NaN,2.549158,2.257883,2.125434,1243669.30
12/26/1995,3.222656,3.304688,3.222656,3.222656,2.026329,606933,-,NaN,2.557043,2.282383,2.156014,1294613.30
12/22/1995,3.276855,3.363281,3.222656,3.269531,2.055802,1208533,-,NaN,2.566032,2.309278,2.189172,1330154.64
12/21/1995,3.281250,3.304688,3.210938,3.234375,2.033697,1768533,-,NaN,2.575022,2.334653,2.214961,1314303.98
12/20/1995,3.375000,3.375000,3.269531,3.304688,2.077908,2246400,-,NaN,2.582390,2.359706,2.238541,1292181.32
12/19/1995,3.210938,3.292969,3.199219,3.269531,2.055802,4523733,-,NaN,2.586959,2.382180,2.268014,1261802.66
12/18/1995,3.679688,3.679688,3.210938,3.257813,2.048434,1444267,-,NaN,2.592853,2.409949,2.303383,1174656.00
12/15/1995,3.726563,3.726563,3.562500,3.656250,2.298962,2972800,-,NaN,2.599927,2.441634,2.329910,1183978.66
12/14/1995,3.679688,3.726563,3.644531,3.691406,2.321068,54400,-,NaN,2.601106,2.460055,2.347594,1131136.00
12/13/1995,3.738281,3.792480,3.656250,3.656250,2.298962,1012267,-,NaN,2.601990,2.471476,2.363805,1133994.66
12/12/1995,3.785156,3.785156,3.679688,3.726563,2.343173,883200,-,NaN,2.603759,2.485108,2.390331,1185386.66
12/11/1995,3.738281,3.761719,3.656250,3.750000,2.357910,2171733,-,NaN,2.603759,2.500950,2.408752,1181077.32
12/08/1995,3.679688,3.773438,3.656250,3.679688,2.313699,1805867,-,NaN,2.608327,2.523055,2.429384,1161856.00
12/07/1995,3.750000,3.750000,3.515625,3.609375,2.269488,774400,-,NaN,2.613780,2.547740,2.454344,1152320.00
12/06/1995,4.007813,4.148438,3.750000,3.773438,2.372647,3972267,-,NaN,2.618790,2.571319,2.480871,1188117.34
12/05/1995,3.796875,3.848145,3.750000,3.832031,2.409489,2044800,-,NaN,2.625643,2.589740,2.496345,1131200.00
12/04/1995,3.870117,3.870117,3.585938,3.679688,2.313699,2710400,-,NaN,2.631390,2.615530,2.516516,1105706.66
12/01/1995,3.966797,3.984375,3.937500,3.937500,2.475806,935467,-,NaN,2.637285,2.645004,2.553358,1067925.32
11/30/1995,4.136719,4.136719,3.937500,3.949219,2.483174,368000,-,NaN,2.645685,2.665635,2.572516,1074986.64
11/29/1995,4.078125,4.183594,4.078125,4.078125,2.564226,790400,-,NaN,2.654675,2.687004,2.579148,1078506.64
11/28/1995,4.031250,4.031250,3.984375,4.019531,2.527384,278400,-,NaN,2.661454,2.705057,2.579885,1194367.98
11/27/1995,4.160156,4.160156,4.042969,4.078125,2.564226,1492267,-,NaN,2.667938,2.722741,2.593148,1217813.32
11/24/1995,4.042969,4.076660,4.042969,4.076660,2.563305,155733,-,NaN,2.674717,2.734531,2.616727,1204970.64
11/22/1995,4.042969,4.042969,3.996094,4.031250,2.534753,152533,-,NaN,2.684167,2.747840,2.641135,1206527.98
11/21/1995,4.089844,4.183594,3.914063,4.019531,2.527384,566400,-,NaN,2.694630,2.766261,2.661767,1220927.98
11/20/1995,4.277344,4.382813,4.089844,4.152832,2.611201,947200,-,NaN,2.705978,2.787998,2.683136,1219925.32
11/17/1995,4.218750,4.359375,4.218750,4.265625,2.682122,938667,-,NaN,2.717417,2.800755,2.714544,1217045.32
11/16/1995,4.078125,4.312500,4.078125,4.242188,2.667386,369067,-,NaN,2.724491,2.803334,2.736649,1199317.32
11/15/1995,4.101563,4.125000,4.054688,4.054688,2.549490,90667,-,NaN,2.732007,2.803702,2.758755,1204330.64
11/14/1995,4.078125,4.136719,4.031250,4.089844,2.571596,1362133,-,NaN,2.742028,2.821387,2.794860,1231786.64
11/13/1995,4.394531,4.394531,4.230469,4.230469,2.660017,395733,-,NaN,2.751460,2.825071,2.830229,1219071.98
11/10/1995,4.476563,4.523438,4.453125,4.453125,2.800018,54400,-,NaN,2.755439,2.813650,2.852334,1217877.32
11/09/1995,4.500000,4.570313,4.464844,4.464844,2.807387,483200,-,NaN,2.754997,2.797439,2.852334,1230165.32
11/08/1995,4.488281,4.488281,4.359375,4.359375,2.741070,204800,-,NaN,2.753965,2.782334,2.854545,1240170.66
11/07/1995,4.488281,4.546875,4.359375,4.359375,2.741070,601600,-,NaN,2.754554,2.765386,2.870755,1286848.00
11/06/1995,4.593750,4.652344,4.593750,4.652344,2.925282,2392533,-,NaN,2.756618,2.743649,2.892861,1297002.66
11/03/1995,4.570313,4.675781,4.535156,4.617188,2.903177,1222400,-,NaN,2.755881,2.714912,2.886966,1284416.00
11/02/1995,4.546875,4.617188,4.535156,4.593750,2.888439,1960533,-,NaN,2.755291,2.689859,2.870018,1265898.66
11/01/1995,4.652344,4.652344,4.535156,4.628906,2.910545,377600,-,NaN,2.756028,2.663333,2.848650,1251989.34
10/31/1995,4.593750,4.652344,4.546875,4.652344,2.925282,1734400,-,NaN,2.755291,2.636070,2.847913,1274752.00
10/30/1995,4.500000,4.582031,4.476563,4.582031,2.881070,761600,-,NaN,2.753228,2.609175,2.819913,1252778.66
10/27/1995,4.406250,4.511719,4.406250,4.453125,2.800018,425600,-,NaN,2.757207,2.582280,2.774965,1238506.66
10/26/1995,4.546875,4.546875,4.429688,4.500000,2.829492,416000,-,NaN,2.762955,2.571595,2.742544,1261056.00
10/25/1995,4.757813,4.757813,4.582031,4.617188,2.903177,524800,-,NaN,2.768260,2.559437,2.710123,1277888.00
10/24/1995,4.593750,4.875000,4.570313,4.710938,2.962124,1275733,-,NaN,2.768555,2.540279,2.660017,1307562.66
10/23/1995,4.347656,4.558594,4.347656,4.558594,2.866334,1760000,-,NaN,2.767818,2.527937,2.594438,1326400.00
10/20/1995,4.265625,4.417969,4.242188,4.347656,2.733701,1716267,-,NaN,2.766639,2.519464,2.542858,1307200.00
10/19/1995,4.535156,4.605469,4.253906,4.253906,2.674754,1509333,-,NaN,2.767228,2.513200,2.509700,1279274.66
10/18/1995,4.500000,4.664063,4.488281,4.617188,2.903177,3970133,-,NaN,2.770618,2.524253,2.478016,1260522.66
10/17/1995,4.054688,4.207031,3.984375,4.207031,2.645280,1091200,-,NaN,2.770618,2.525727,2.424226,1210218.66
10/16/1995,4.007813,4.007813,3.843750,3.867188,2.431595,3205333,-,NaN,2.774597,2.538622,2.398436,1228736.00
10/13/1995,4.007813,4.019531,3.937500,3.937500,2.475806,2384000,-,NaN,2.780786,2.559622,2.389594,1239552.00
10/12/1995,3.914063,3.984375,3.914063,3.984375,2.505279,416000,-,NaN,2.789628,2.580990,2.400647,1227669.34
10/11/1995,3.738281,3.972656,3.738281,3.820313,2.402121,662400,-,NaN,2.799207,2.607517,2.408752,1243200.00
10/10/1995,3.750000,3.750000,3.468750,3.667969,2.306331,727467,-,NaN,2.813281,2.640306,2.420542,1256448.00
10/09/1995,3.820313,3.820313,3.738281,3.738281,2.350542,166400,-,NaN,2.833176,2.679728,2.461437,1291797.32
10/06/1995,3.820313,3.925781,3.820313,3.820313,2.402121,1910400,-,NaN,2.852039,2.721360,2.496069,1331775.98
10/05/1995,3.808594,3.832031,3.726563,3.750000,2.357910,330667,-,NaN,2.869576,2.753044,2.516700,1358399.98
10/04/1995,3.773438,3.843750,3.761719,3.761719,2.365278,197333,-,NaN,2.886082,2.787307,2.570490,1418090.64
10/03/1995,3.738281,3.845215,3.738281,3.796875,2.387384,3581867,-,NaN,2.902292,2.821571,2.627227,1545727.98
10/02/1995,4.148438,4.195313,3.679688,3.726563,2.343173,667733,-,NaN,2.915113,2.854360,2.678807,1494933.30
09/29/1995,4.312500,4.406250,4.113281,4.113281,2.586332,1210667,-,NaN,2.926756,2.880150,2.729649,1517418.64
09/28/1995,4.019531,4.195313,4.019531,4.113281,2.586332,1329067,-,NaN,2.932208,2.889729,2.761334,1540522.64
09/27/1995,4.265625,4.324219,3.585938,4.007813,2.520016,2564267,-,NaN,2.933240,2.898203,2.806281,1575018.64
09/26/1995,4.453125,4.453125,4.312500,4.318359,2.715281,1126400,-,NaN,2.936040,2.910729,2.860071,1592042.64
09/25/1995,4.289063,4.382813,4.253906,4.289063,2.696859,770133,-,NaN,2.936703,2.917177,2.898019,1687146.64
09/22/1995,4.593750,4.621582,4.136719,4.148438,2.608438,821333,-,NaN,2.937440,2.926756,2.946650,1835925.32
09/21/1995,4.628906,4.699219,4.593750,4.605469,2.895808,1288533,-,NaN,2.942008,2.940019,2.989388,2085674.66
09/20/1995,4.734375,4.757813,4.664063,4.664063,2.932651,544000,-,NaN,2.933313,2.941492,3.004124,2133376.00
09/19/1995,4.535156,4.652344,4.535156,4.617188,2.903177,6583467,-,NaN,2.921524,2.938545,3.015914,2155562.66
09/18/1995,4.558594,4.664063,4.453125,4.535156,2.851597,1450667,-,NaN,2.911208,2.934492,3.029914,2036565.32
09/15/1995,4.757813,4.757813,4.558594,4.617188,2.903177,850133,-,NaN,2.900892,2.945914,3.030651,2026879.98
09/14/1995,4.863281,4.863281,4.769531,4.828125,3.035809,233600,-,NaN,2.888366,2.955124,3.018124,2038655.98
09/13/1995,4.910156,4.980469,4.863281,4.863281,3.057914,872533,-,NaN,2.873187,2.958071,2.990124,2091263.98
09/12/1995,5.132813,5.238281,4.875000,4.921875,3.094757,516267,-,NaN,2.855650,2.951071,2.961387,2079338.66
09/11/1995,4.781250,5.156250,4.781250,5.062500,3.183178,803200,-,NaN,2.836050,2.942598,2.936335,2115946.66
09/08/1995,4.804688,4.886719,4.781250,4.828125,3.035809,52267,-,NaN,2.813797,2.923808,2.906861,2122794.66
09/07/1995,4.851563,4.910156,4.804688,4.839844,3.043177,619733,-,NaN,2.791839,2.910176,2.890650,2131071.98
09/06/1995,4.886719,4.933594,4.781250,4.851563,3.050546,1463467,-,NaN,2.770323,2.900229,2.878860,2138367.98
09/05/1995,4.570313,4.839844,4.570313,4.839844,3.043177,726400,-,NaN,2.749397,2.892861,2.861176,2153514.64
09/01/1995,4.476563,4.582031,4.476563,4.546875,2.858966,336000,-,NaN,2.727586,2.882913,2.839071,2195327.98
08/31/1995,4.406250,4.464844,4.382813,4.417969,2.777912,668800,-,NaN,2.709459,2.877018,2.861176,2202495.98
08/30/1995,4.453125,4.523438,4.371094,4.382813,2.755807,983467,-,NaN,2.693544,2.884018,2.892124,2230229.32
08/29/1995,4.511719,4.582031,4.265625,4.406250,2.770544,2538667,-,NaN,2.678364,2.895440,2.926019,2321919.98
08/28/1995,4.570313,4.664063,4.523438,4.523438,2.844229,1109333,-,NaN,2.662743,2.912203,2.940755,2319573.30
08/25/1995,4.652344,4.652344,4.570313,4.593750,2.888439,1763200,-,NaN,2.645206,2.935045,2.948861,2301951.98
08/24/1995,4.652344,4.652344,4.519043,4.570313,2.873703,296533,-,NaN,2.626785,2.955308,2.940756,2290730.64
08/23/1995,4.628906,4.757813,4.546875,4.652344,2.925282,1265067,-,NaN,2.608511,2.975572,2.929703,2298389.32
08/22/1995,4.500000,4.570313,4.371094,4.570313,2.873703,1515733,-,NaN,2.589795,2.988466,2.921598,2280490.64
08/21/1995,4.875000,4.886719,4.488281,4.488281,2.822123,635733,-,NaN,2.571964,3.003572,2.924545,2254186.64
08/18/1995,4.968750,4.968750,4.898438,4.898438,3.080020,48000,-,NaN,2.555311,3.013888,2.926756,2246079.98
08/17/1995,4.898438,4.992188,4.898438,4.910156,3.087387,1553067,-,NaN,2.533058,3.006151,2.892861,2251647.98
08/16/1995,4.816406,5.003906,4.734375,4.921875,3.094757,1257600,-,NaN,2.510363,2.994730,2.875913,2235135.98
08/15/1995,4.687500,4.710938,4.570313,4.640625,2.917913,2008533,-,NaN,2.487226,2.971888,2.864861,2222634.64
08/14/1995,4.500000,4.652344,4.464844,4.652344,2.925282,2217600,-,NaN,2.468511,2.958993,2.883650,2202431.98
08/11/1995,4.476563,4.617188,4.464844,4.464844,2.807387,800000,-,NaN,2.449205,2.950151,2.921229,2193642.64
08/10/1995,4.561523,4.561523,4.382813,4.394531,2.763176,320000,-,NaN,2.431594,2.946466,2.969861,2185237.30
08/09/1995,4.640625,4.640625,4.523438,4.523438,2.844229,571733,-,NaN,2.414352,2.950151,3.021441,2237418.64
08/08/1995,4.734375,4.743164,4.523438,4.617188,2.903177,1454933,-,NaN,2.396171,2.930992,3.055335,2262826.64
08/07/1995,4.406250,4.617188,4.406250,4.523438,2.844229,2017067,-,NaN,2.378339,2.902992,3.082599,2246954.64
08/04/1995,4.664063,4.734375,4.359375,4.359375,2.741070,3746133,-,NaN,2.361981,2.880150,3.101020,2253269.30
08/03/1995,4.722656,4.769531,4.628906,4.640625,2.917913,1789867,-,NaN,2.349012,2.859887,3.119441,2315391.98
08/02/1995,5.039063,5.039063,4.746094,4.746094,2.984229,1192533,-,NaN,2.331328,2.827834,3.113546,2349077.30
08/01/1995,5.296875,5.296875,4.933594,4.939453,3.105810,1324800,-,NaN,2.310844,2.792465,3.078915,2341013.30
07/31/1995,5.472656,5.519531,5.214844,5.250000,3.301073,2494933,-,NaN,2.288517,2.746228,3.034335,2360597.30
07/28/1995,5.121094,5.285156,5.027344,5.238281,3.293705,2165333,-,NaN,2.263612,2.686912,2.979072,2383786.64
07/27/1995,5.062500,5.308594,4.875000,5.214844,3.278969,3241600,-,NaN,2.237675,2.625754,2.923071,2484202.64
07/26/1995,5.015625,5.109375,5.015625,5.062500,3.183178,3315200,-,NaN,2.208348,2.558701,2.878860,2433301.30
07/25/1995,4.933594,5.085938,4.851563,5.050781,3.175810,6579200,-,NaN,2.180938,2.497911,2.806650,2404031.96
07/24/1995,4.640625,4.910156,4.640625,4.816406,3.028441,1042133,-,NaN,2.152643,2.439331,2.723386,2322197.30
07/21/1995,4.476563,4.792969,4.335938,4.652344,2.925282,1792000,-,NaN,2.125379,2.385542,2.659280,2320831.98
07/20/1995,4.171875,4.570313,4.136719,4.546875,2.858966,2365867,-,NaN,2.100916,2.336910,2.600332,2372778.64
07/19/1995,4.089844,4.195313,3.703125,4.195313,2.637911,3053867,-,NaN,2.078958,2.293067,2.542122,2378858.64
07/18/1995,4.406250,4.429688,4.218750,4.230469,2.660017,3415467,-,NaN,2.062453,2.261014,2.506016,2349290.64
07/17/1995,4.335938,4.417969,4.335938,4.371094,2.748438,5881600,-,NaN,2.044916,2.227488,2.458121,2329962.64
07/14/1995,4.183594,4.406250,4.042969,4.347656,2.733701,8209067,-,NaN,2.025168,2.188435,2.394752,2387455.98
07/13/1995,3.972656,4.687500,3.972656,4.511719,2.836860,13308800,-,NaN,2.003652,2.150119,2.328436,2263445.30
07/12/1995,3.738281,3.937500,3.738281,3.914063,2.461069,3673600,-,NaN,1.979189,2.106277,2.238541,2004351.96
07/11/1995,3.785156,3.785156,3.720703,3.726563,2.343173,1653333,-,NaN,1.962094,2.082697,2.189172,1952191.96
07/10/1995,3.750000,3.808594,3.750000,3.796875,2.387384,633600,-,NaN,1.947505,2.064645,2.155277,1940351.96
07/07/1995,3.679688,3.773438,3.679688,3.714844,2.335805,966400,-,NaN,1.933357,2.044750,2.111803,1972693.30
07/06/1995,3.714844,3.796875,3.562500,3.621094,2.276857,1438933,-,NaN,1.920094,2.026329,2.073487,2007530.64
07/05/1995,3.609375,3.679688,3.585938,3.621094,2.276857,2864000,-,NaN,1.906831,2.010118,2.044013,2004309.32
07/03/1995,3.468750,3.468750,3.433594,3.468750,2.181067,276267,-,NaN,1.894894,1.993171,2.016013,2061269.32
06/30/1995,3.281250,3.480469,3.281250,3.363281,2.114750,2346667,-,NaN,1.881188,1.983223,1.996855,2068799.98
06/29/1995,3.105469,3.328125,3.105469,3.292969,2.070540,1145600,-,NaN,1.868220,1.975486,1.982118,2055957.30
06/28/1995,3.093750,3.105469,3.070313,3.082031,1.937907,466133,-,NaN,1.856135,1.968302,1.971802,2068373.30
06/27/1995,3.187500,3.210938,3.117188,3.128906,1.967380,984533,-,NaN,1.846999,1.966460,1.974012,2086079.98
06/26/1995,3.152344,3.234375,3.128906,3.187500,2.004223,2220800,-,NaN,1.837862,1.964848,1.976223,2086399.98
06/23/1995,3.093750,3.128906,3.035156,3.105469,1.952644,2817067,-,NaN,1.829020,1.965216,1.974013,2057621.32
06/22/1995,3.140625,3.175781,3.093750,3.105469,1.952644,694400,-,NaN,1.821798,1.968901,1.977697,2083818.64
06/21/1995,3.210938,3.210938,3.152344,3.152344,1.982118,2055467,-,NaN,1.813988,1.975901,1.979171,2118719.98
06/20/1995,3.164063,3.187500,3.140625,3.175781,1.996855,5568000,-,NaN,1.805588,1.978480,1.976223,2137514.64
06/19/1995,3.128906,3.175781,3.128906,3.164063,1.989486,2421333,-,NaN,1.795419,1.976638,1.970328,2057343.98
06/16/1995,3.164063,3.164063,3.128906,3.128906,1.967380,228267,-,NaN,1.785398,1.976638,1.969591,2061695.98
06/15/1995,3.117188,3.199219,3.093750,3.128906,1.967380,1202133,-,NaN,1.775819,1.981059,1.968855,2154410.64
06/14/1995,3.152344,3.152344,3.117188,3.117188,1.960013,679467,-,NaN,1.766977,1.982532,1.964802,2183231.98
06/13/1995,3.187500,3.199219,3.152344,3.164063,1.989486,370133,-,NaN,1.760198,1.975164,1.958907,2233855.98
06/12/1995,3.164063,3.175781,3.152344,3.152344,1.982118,200533,-,NaN,1.753566,1.966322,1.953473,2318527.98
06/09/1995,3.164063,3.199219,3.128906,3.164063,1.989486,230400,-,NaN,1.745903,1.955269,1.956420,2375018.66
06/08/1995,3.140625,3.164063,3.128906,3.128906,1.967380,326400,-,NaN,1.740008,1.939058,1.960105,2472746.66
06/07/1995,3.128906,3.152344,3.082031,3.105469,1.952644,727467,-,NaN,1.734408,1.925795,1.972631,2745941.32
06/06/1995,3.117188,3.140625,3.082031,3.082031,1.937907,632533,-,NaN,1.728072,1.916216,1.980736,2781930.64
06/05/1995,3.128906,3.164063,3.117188,3.152344,1.982118,998400,-,NaN,1.721587,1.909953,1.982947,2810261.32
06/02/1995,3.011719,3.140625,2.988281,3.117188,1.960013,1778133,-,NaN,1.714071,1.900006,1.983684,2960447.98
06/01/1995,3.035156,3.064453,3.000000,3.064453,1.926854,379733,-,NaN,1.707735,1.890058,1.993263,3289215.98
05/31/1995,3.023438,3.070313,2.941406,3.023438,1.901065,2929067,-,NaN,1.698524,1.876611,2.000263,3445589.32
05/30/1995,3.222656,3.269531,3.058594,3.077637,1.935144,1842133,-,NaN,1.688503,1.862242,1.991421,3529834.64
05/26/1995,3.234375,3.257813,3.199219,3.199219,2.011592,661333,-,NaN,1.677948,1.845801,1.979171,3836266.64
05/25/1995,3.386719,3.398438,3.222656,3.222656,2.026329,2332800,-,NaN,1.666895,1.825906,1.954118,4280383.98
05/24/1995,3.304688,3.410156,3.292969,3.328125,2.092645,6852267,-,NaN,NaN,1.808590,1.918012,NaN
05/23/1995,3.128906,3.234375,3.058594,3.234375,2.033697,3474133,-,NaN,NaN,1.787590,1.878959,NaN
05/22/1995,3.187500,3.210938,3.070313,3.117188,1.960013,789333,-,NaN,NaN,1.766590,1.851696,NaN
05/19/1995,3.152344,3.234375,3.152344,3.164063,1.989486,2304000,-,NaN,NaN,1.752590,1.836959,NaN
05/18/1995,3.281250,3.363281,3.199219,3.269531,2.055802,3654400,-,NaN,NaN,1.727906,1.816327,NaN
05/17/1995,3.011719,3.210938,2.976563,3.175781,1.996855,7186133,-,NaN,NaN,1.698432,1.786854,NaN
05/16/1995,2.871094,2.894531,2.859375,2.882813,1.812643,696533,-,NaN,NaN,1.671905,1.752959,NaN
05/15/1995,2.835938,2.906250,2.812500,2.882813,1.812643,1851733,-,NaN,NaN,1.655326,1.733064,NaN
05/12/1995,2.648438,2.859375,2.648438,2.800781,1.761064,2487467,-,NaN,NaN,1.640221,1.712432,NaN
05/11/1995,2.730469,2.730469,2.648438,2.648438,1.665274,973867,-,NaN,NaN,1.630273,1.697695,NaN
05/10/1995,2.765625,2.765625,2.695313,2.707031,1.702116,4389333,-,NaN,NaN,1.626589,1.699169,NaN
05/09/1995,2.882813,2.882813,2.777344,2.800781,1.761064,2669867,-,NaN,NaN,1.619589,1.696221,NaN
05/08/1995,2.824219,2.917969,2.812500,2.882813,1.812643,1575467,-,NaN,NaN,1.609642,1.681484,NaN
05/05/1995,2.800781,2.894531,2.800781,2.835938,1.783169,2449067,-,NaN,NaN,1.593431,1.668221,NaN
05/04/1995,2.648438,2.906250,2.648438,2.800781,1.761064,8756267,-,NaN,NaN,1.578694,1.639484,NaN
05/03/1995,2.542969,2.648438,2.542969,2.636719,1.657905,2008533,-,NaN,NaN,1.565063,1.610010,NaN
05/02/1995,2.589844,2.589844,2.542969,2.566406,1.613694,354133,-,NaN,NaN,1.558431,1.590852,NaN
05/01/1995,2.589844,2.589844,2.542969,2.554688,1.606326,1065600,-,NaN,NaN,1.558799,1.577589,NaN
04/28/1995,2.660156,2.660156,2.531250,2.566406,1.613694,1061333,-,NaN,NaN,1.561378,1.568010,NaN
04/27/1995,2.648438,2.695313,2.636719,2.671875,1.680010,2250667,-,NaN,NaN,1.560641,1.562852,NaN
04/26/1995,2.566406,2.683594,2.566406,2.660156,1.672642,2708267,-,NaN,NaN,1.561378,1.554010,NaN
04/25/1995,2.636719,2.660156,2.566406,2.566406,1.613694,1277867,-,NaN,NaN,1.562115,1.542957,NaN
04/24/1995,2.378906,2.695313,2.378906,2.671875,1.680010,5712000,-,NaN,NaN,1.563220,1.537799,NaN
04/21/1995,2.367188,2.378906,2.367188,2.378906,1.495799,652800,-,NaN,NaN,1.559905,1.518641,NaN
04/20/1995,2.343750,2.378906,2.332031,2.332031,1.466325,1704533,-,NaN,NaN,1.565431,1.517904,NaN
04/19/1995,2.355469,2.378906,2.332031,2.332031,1.466325,1766400,-,NaN,NaN,1.574273,1.520115,NaN
04/18/1995,2.402344,2.437500,2.332031,2.355469,1.481062,1351467,-,NaN,NaN,1.574273,1.526010,NaN
04/17/1995,2.460938,2.507813,2.402344,2.402344,1.510536,1000533,-,NaN,NaN,1.570221,1.540010,NaN
04/13/1995,2.554688,2.554688,2.460938,2.484375,1.562115,781867,-,NaN,NaN,1.565063,1.554747,NaN
04/12/1995,2.496094,2.548828,2.496094,2.531250,1.591589,4126933,-,NaN,NaN,1.559905,1.558431,NaN
04/11/1995,2.484375,2.519531,2.460938,2.484375,1.562115,2439467,-,NaN,NaN,NaN,1.568747,NaN
04/10/1995,2.367188,2.531250,2.332031,2.484375,1.562115,2995200,-,NaN,NaN,NaN,1.581273,NaN
04/07/1995,2.367188,2.402344,2.332031,2.367188,1.488431,1559467,-,NaN,NaN,NaN,1.588642,NaN
04/06/1995,2.390625,2.425781,2.367188,2.367188,1.488431,2638933,-,NaN,NaN,NaN,1.601168,NaN
04/05/1995,2.425781,2.425781,2.343750,2.367188,1.488431,4864000,-,NaN,NaN,NaN,1.612958,NaN
04/04/1995,2.566406,2.578125,2.402344,2.425781,1.525272,2643200,-,NaN,NaN,NaN,1.628431,NaN
04/03/1995,2.625000,2.625000,2.542969,2.578125,1.621063,3210667,-,NaN,NaN,NaN,1.622537,NaN
03/31/1995,2.507813,2.636719,2.472656,2.636719,1.657905,4603733,-,NaN,NaN,NaN,1.600431,NaN
03/30/1995,2.671875,2.671875,2.472656,2.542969,1.598958,3025067,-,NaN,NaN,NaN,1.575378,NaN
03/29/1995,2.718750,2.777344,2.648438,2.695313,1.694748,5116800,-,NaN,NaN,NaN,1.561378,NaN
03/28/1995,2.613281,2.789063,2.601563,2.683594,1.687379,13986133,-,NaN,NaN,NaN,NaN,NaN
03/27/1995,2.554688,2.601563,2.519531,2.601563,1.635800,2526933,-,NaN,NaN,NaN,NaN,NaN
03/24/1995,2.578125,2.589844,2.519531,2.566406,1.613694,2049067,-,NaN,NaN,NaN,NaN,NaN
03/23/1995,2.589844,2.660156,2.542969,2.554688,1.606326,8507733,-,NaN,NaN,NaN,NaN,NaN
03/22/1995,2.343750,2.789063,2.343750,2.613281,1.643168,18216533,-,NaN,NaN,NaN,NaN,NaN
03/21/1995,2.226563,2.355469,2.203125,2.332031,1.466325,8198400,-,NaN,NaN,NaN,NaN,NaN
03/20/1995,2.226563,2.238281,2.179688,2.226563,1.400009,7141333,-,NaN,NaN,NaN,NaN,NaN
03/17/1995,2.332031,2.332031,2.226563,2.238281,1.407377,17163733,-,NaN,NaN,NaN,NaN,NaN
03/16/1995,2.320313,2.390625,2.226563,2.320313,1.458957,22867200,-,NaN,NaN,NaN,NaN,NaN
